FWHM 0
1	2.19	0.5
2	1.49	0.5
3	1.19	0.5
4	1.24	0.5
5	1.17	0.5
6	1.30	0.5
7	1.33	0.5
8	1.47	0.5
9	1.37	0.5
10	1.30	0.5
11	1.50	0.5
12	1.31	0.5
13	1.23	0.5
14	1.20	0.5
15	1.30	0.5
16	1.21	0.5
17	1.27	0.5
18	1.36	0.5
19	1.22	0.5
20	1.34	0.5
21	1.10	0.5
22	1.12	0.5
23	1.16	0.5
24	1.22	0.5
25	1.16	0.5
26	1.31	0.5
27	1.09	0.5
28	1.44	0.5
29	1.24	0.5
30	1.20	0.5
31	1.14	0.5
32	1.23	0.5
33	1.12	0.5
34	1.13	0.5
35	1.17	0.5
36	1.14	0.5
37	1.14	0.5
38	1.31	0.5
39	1.19	0.5
40	1.15	0.5
41	1.06	0.5
42	1.00	0.5
43	1.14	0.5
44	1.10	0.5
45	1.09	0.5
46	1.09	0.5
47	1.11	0.5
48	1.17	0.5
49	1.22	0.5
50	1.15	0.5
51	1.07	0.5
52	1.08	0.5
53	1.04	0.5
54	1.09	0.5
55	1.00	0.5
56	0.98	0.5
57	0.99	0.5
58	1.01	0.5
59	1.00	0.5
60	0.93	0.5
61	0.96	0.5
62	0.99	0.5
63	0.99	0.5
64	1.19	0.5
65	0.92	0.5
66	1.51	0.5
67	1.07	0.5
68	1.04	0.5
69	0.99	0.5
70	0.96	0.5
71	0.98	0.5
72	0.96	0.5
73	1.01	0.5
74	0.98	0.5
75	1.01	0.5
76	0.98	0.5
77	1.06	0.5
78	1.02	0.5
79	1.00	0.5
80	1.06	0.5
81	0.99	0.5
82	0.94	0.5
83	0.99	0.5
84	0.95	0.5
85	0.99	0.5
86	1.05	0.5
87	0.93	0.5
88	0.97	0.5
89	0.97	0.5
90	1.01	0.5
91	0.99	0.5
92	1.00	0.5
93	0.94	0.5
94	1.01	0.5
95	0.94	0.5
96	0.98	0.5
97	0.99	0.5
98	0.92	0.5
99	0.93	0.5
100	0.90	0.5
101	0.94	0.5
102	0.94	0.5
103	0.99	0.5
104	0.95	0.5
105	0.99	0.5
106	0.96	0.5
107	0.96	0.5
108	0.93	0.5
109	0.94	0.5
110	0.89	0.5
111	0.93	0.5
112	0.92	0.5
113	0.92	0.5
114	0.91	0.5
115	0.92	0.5
116	0.91	0.5
117	0.91	0.5
118	0.94	0.5
119	0.91	0.5
120	0.92	0.5
121	0.93	0.5
122	0.93	0.5
123	1.21	0.5
124	1.41	0.5
125	1.07	0.5
126	1.33	0.5
127	1.22	0.5
128	1.37	0.5
129	1.29	0.5
130	1.14	0.5
131	1.39	0.5
132	1.25	0.5
133	2.39	0.5
134	1.48	0.5
135	1.38	0.5
136	1.21	0.5
137	1.25	0.5
138	1.22	0.5
139	0.97	0.5
140	1.15	0.5
141	1.16	0.5
142	1.20	0.5
143	0.93	0.5
144	1.27	0.5
145	0.94	0.5
146	1.00	0.5
147	1.10	0.5
148	1.10	0.5
149	1.14	0.5
150	0.98	0.5
151	0.85	0.5
152	0.99	0.5
153	0.97	0.5
154	0.90	0.5
155	0.89	0.5
156	1.03	0.5
157	0.86	0.5
158	0.94	0.5
159	0.90	0.5
160	0.97	0.5
161	1.01	0.5
162	0.87	0.5
163	0.88	0.5
164	1.03	0.5
165	0.93	0.5
166	0.90	0.5
167	0.95	0.5
168	0.94	0.5
169	0.92	0.5
170	0.86	0.5
171	0.93	0.5
172	0.86	0.5
173	0.90	0.5
174	0.87	0.5
175	0.85	0.5
176	0.89	0.5
177	0.88	0.5
178	0.88	0.5
179	0.99	0.5
180	0.92	0.5
181	0.89	0.5
182	0.86	0.5
183	0.86	0.5
184	0.84	0.5
185	0.86	0.5
186	0.87	0.5
