FWHM 1
1	3.7547422437499         0.5
2	3.74160101093102	0.5
3	3.65253265515861	0.5
4	3.53024618309403	0.5
5	3.3864226905763	        0.5
6	3.32254169770674	0.5
7	3.3148759785624	        0.5
8	3.21960204062552	0.5
9	3.13272389032292	0.5
10	3.11520224656442	0.5
11	3.09622046582604	0.5
12	3.08161909602728	0.5
13	3.04730587700021	0.5
14	3.00058149364419	0.5
15	2.99766121968444	0.5
16	2.97064868555674	0.5
17	2.89034115166359	0.5
18	2.88523067223402	0.5
19	2.80601824107578	0.5
20	2.80017769315628	0.5
21	2.78411618637764	0.5
22	2.7822910151528	        0.5
23	2.76914978233392	0.5
24	2.7377568372666	        0.5
25	2.72169533048797	0.5
26	2.71183940587381	0.5
27	2.70453872097443	0.5
28	2.67278074166214	0.5
29	2.66474998827282	0.5
30	2.64868848149419	0.5
31	2.63627731716525	0.5
32	2.63153187198065	0.5
33	2.62788152953096	0.5
34	2.61583539944699	0.5
35	2.60378926936302	0.5
36	2.58553755711457	0.5
37	2.57969700919507	0.5
38	2.57677673523532	0.5
39	2.57568163250041	0.5
40	2.55925509147681	0.5
41	2.55341454355731	0.5
42	2.545383790168	        0.5
43	2.53151248885918	0.5
44	2.50523002322142	0.5
45	2.49938947530192	0.5
46	2.47274197541919	0.5
47	2.4690916329695	        0.5
48	2.44463433855659	0.5
49	2.44317420157671	0.5
50	2.42528752357324	0.5
51	2.42309731810342	0.5
52	2.40776587981473	0.5
53	2.38659389360653	0.5
54	2.3471701951499	        0.5
55	2.32855344865648	0.5
56	2.17450899727962	0.5
57	2.13545033306795	0.5
58	2.10588255922547	0.5
59	2.1007720797959	        0.5
60	2.04857218276535	0.5
61	2.03360577872163	0.5
62	2.02155964863766	0.5
63	1.99454711450996	0.5
64	1.96534437491245	0.5
65	1.92300040249606	0.5
66	1.8310117727639	        0.5
67	2.22597882582023	0.5
68	2.17377892878968	0.5
69	2.16209783295067	0.5
70	2.1547971480513	        0.5
71	2.15443211380633	0.5
72	2.14932163437676	0.5
73	2.1277846139236	        0.5
74	2.11902379204435	0.5
75	2.11792868930944	0.5
76	2.11646855232956	0.5
77	2.11427834685975	0.5
78	2.1066126277154	        0.5
79	2.1055175249805         0.5
80	2.09931194281603	0.5
81	2.09748677159118	0.5
82	2.08507560726224	0.5
83	2.0843455387723	        0.5
84	2.07996512783268	0.5
85	2.07631478538299	0.5
86	2.07229940868833	0.5
87	2.0679189977487	        0.5
88	2.06536375803392	0.5
89	2.06025327860436	0.5
90	2.0562379019097	        0.5
91	2.05587286766473	0.5
92	2.05185749097007	0.5
93	2.0503973539902	        0.5
94	2.04601694305057	0.5
95	2.04492184031566	0.5
96	2.04419177182573	0.5
97	2.04236660060088	0.5
98	2.03579598419144	0.5
99	2.03105053900685	0.5
100	2.02886033353703	0.5
101	2.02630509382225	0.5
102	2.02411488835244	0.5
103	2.02009951165778	0.5
104	2.01900440892287	0.5
105	2.01900440892287	0.5
106	2.01790930618797	0.5
107	2.01717923769803	0.5
108	2.01535406647318	0.5
109	2.01206875826846	0.5
110	2.00841841581878	0.5
111	2.00805338157381	0.5
112	2.00330793638921	0.5
113	2.0022128336543	        0.5
114	2.00184779940934	0.5
115	1.99929255969455	0.5
116	1.99089677206027	0.5
117	1.98213595018102	0.5
118	1.98067581320114	0.5
119	1.98031077895617	0.5
120	1.97008982009704	0.5
121	1.96497934066748	0.5
122	1.96424927217754	0.5
123	2.8827842863422	        0.5
124	2.85370717364372	0.5
125	2.75343902905751	0.5
126	2.75205180266993	0.5
127	2.74630390488165	0.5
128	2.69679447572834	0.5
129	2.66493875407933	0.5
130	2.62377639364992	0.5
131     3.7186038535            0.5
132     2.5647855632            0.5
133     2.3816706049            0.5
134     2.562913813             0.5
135     3.3798520742            0.5
136     2.9710137198            0.5
137     2.5390843085            0.5
138     2.3760637633            0.5
139     2.5156374442            0.5
140     2.735931666             0.5
141     2.6308018035            0.5
142     2.4368627894            0.5
143     2.363602364             0.5
144     2.4147706093            0.5
145     2.3044611885            0.5
146     2.2570067366            0.5
147     2.4006684259            0.5
148     2.3383746044            0.5
149     2.3923241737            0.5
150     2.2544514969            0.5
151     1.9602338955            0.5
152     2.3027399796            0.5
153     2.2558549353            0.5
154     1.9573136215            0.5
155     1.9562185188            0.5
156     2.247553071             0.5
157     2.2421621171            0.5
158     1.9514730736            0.5
159     1.9503779709            0.5
160     2.1848706202            0.5
161     2.1803537827            0.5
162     1.9438073545            0.5
163     1.9427122517            0.5
164     2.1759374953            0.5
165	2.1169276052            0.5
166     1.9408870805            0.5
167     1.940157012             0.5
168     2.1116995829            0.5
169     1.9361416353            0.5
170     1.9233654367            0.5
171     2.0297653319            0.5
172     1.9109542724            0.5
173     1.9098591697            0.5
174     1.9863829125            0.5
175     1.9083990327            0.5
176     1.9000032451            0.5
177     1.950492016             0.5
178     1.8974480053            0.5
179     1.8941626971            0.5
180     1.8839417383            0.5
181     1.883576704             0.5
182     1.8678802315            0.5
183     1.8353921837            0.5
184     1.8043642729            0.5
185     1.7729713278            0.5
186     1.7331825951            0.5
























131	2.56478556317695	0.5
	2.56291381296103	0.5
	2.53908430854021	0.5
	2.51563744423189	0.5
	2.43686278935237	0.5
	2.41477060928081	0.5
	2.40066842589836	0.5
	2.39232417371236	0.5
	3.71860385349798	0.5
	3.37985207416686	0.5
	2.97101371980171	0.5
	2.73593166604175	0.5
	2.63080180349071	0.5
	2.30446118848854	0.5
	2.25700673664258	0.5
	2.2544514969278	0.5
	2.38167060492528	0.5
	2.37606376329394	0.5
	2.36360236458895	0.5
	2.33837460440426	0.5
	2.30273997958157	0.5
	2.25585493527944	0.5
	2.24755307103045	0.5
	2.2421621171174	0.5
	2.18487062020053	0.5
	2.18035378273961	0.5
	2.17593749531117	0.5
	2.11692760517695	0.5
	1.96023389548288	0.5
	1.95731362152313	0.5
	1.95621851878823	0.5
	1.95147307360363	0.5
	1.95037797086872	0.5
	1.94380735445928	0.5
	1.94271225172438	0.5
	1.94088708049953	0.5
	2.11169958286806	0.5
	2.02976533189349	0.5
	1.98638291245932	0.5
	1.95049201602644	0.5
	1.9401570120096	0.5
	1.93614163531494	0.5
	1.92336543674103	0.5
	1.91095427241208	0.5
	1.90985916967718	0.5
	1.9083990326973	0.5
	1.90000324506302	0.5
	1.89744800534824	0.5
	1.89416269714352	0.5
	1.88394173828439	0.5
	1.88357670403942	0.5
	1.86788023150576	0.5
	1.83539218370353	0.5
	1.80436427288117	0.5
	1.77297132781385	0.5
	1.73318259511224	0.5
