0 1 125.016975 262.762329 323.709137 
1 1 125.015640 298.769104 323.719910 
2 1 125.014847 334.749420 323.726288 
3 1 125.012009 10.759027 323.749207 
4 1 125.013100 46.772766 323.740417 
5 1 125.016975 82.762466 323.709137 
6 1 125.015640 118.769234 323.719910 
7 1 125.014847 154.749557 323.726288 
8 1 125.012009 190.758881 323.749207 
9 1 125.013100 226.772614 323.740417 
10 1 117.110397 280.758972 297.890167 
11 1 117.111328 316.772705 297.880615 
12 1 117.114677 352.762329 297.846649 
13 1 117.113525 28.769167 297.858337 
14 1 117.112846 64.749474 297.865265 
15 1 117.110397 100.759117 297.890167 
16 1 117.111328 136.772842 297.880615 
17 1 117.114677 172.762482 297.846649 
18 1 117.113525 208.769028 297.858337 
19 1 117.112846 244.749329 297.865265 
20 1 105.179955 268.966553 327.477570 
21 1 105.181931 298.957672 327.435974 
22 1 105.179001 328.955383 327.497620 
23 1 105.179955 358.966583 327.477570 
24 1 105.181931 28.957775 327.435974 
25 1 105.179001 58.955463 327.497620 
26 1 105.179955 88.966690 327.477570 
27 1 105.181931 118.957848 327.435974 
28 1 105.179001 148.955536 327.497620 
29 1 105.179955 178.966751 327.477570 
30 1 105.181931 208.957626 327.435974 
31 1 105.179001 238.955322 327.497620 
32 1 95.818260 269.085358 352.661407 
33 1 95.817841 294.804749 352.687042 
34 1 95.817932 320.516388 352.681610 
35 1 95.819283 346.229156 352.600067 
36 1 95.819084 11.944172 352.611755 
37 1 95.819443 37.657265 352.590210 
38 1 95.819092 63.376568 352.611481 
39 1 95.818260 89.085510 352.661407 
40 1 95.817841 114.804893 352.687042 
41 1 95.817932 140.516541 352.681610 
42 1 95.819283 166.229324 352.600067 
43 1 95.819084 191.944031 352.611755 
44 1 95.819443 217.657104 352.590210 
45 1 95.819092 243.376434 352.611481 
46 0 87.673965 281.682709 410.229431 
47 0 87.575211 307.435272 393.531525 
48 0 87.634346 326.404510 403.361755 
49 0 87.662994 340.854431 408.304810 
50 1 87.657753 353.709534 407.391144 
51 1 87.657753 6.290461 407.391144 
52 0 87.662994 19.145567 408.304810 
53 0 87.634346 33.595463 403.361755 
54 0 87.575211 52.564728 393.531525 
55 0 87.673965 78.317307 410.229431 
56 0 87.673965 101.682846 410.229431 
57 0 87.575211 127.435425 393.531525 
58 0 87.634346 146.404678 403.361755 
59 0 87.662994 160.854584 408.304810 
60 1 87.657753 173.709702 407.391144 
61 1 87.657753 186.290298 407.391144 
62 0 87.662994 199.145416 408.304810 
63 0 87.634346 213.595322 403.361755 
64 0 87.575211 232.564590 393.531525 
65 0 87.673965 258.317139 410.229431 
66 0 79.408043 281.682709 416.996613 
67 0 78.968658 307.435272 400.580902 
68 0 79.231590 326.404510 410.242249 
69 0 79.359177 340.854431 415.103394 
70 0 79.414131 353.756958 417.233368 
71 0 79.414131 6.243031 417.233368 
72 0 79.359177 19.145573 415.103394 
73 0 79.231590 33.595463 410.242249 
74 0 78.968658 52.564728 400.580902 
75 0 79.408043 78.317307 416.996613 
76 0 79.408043 101.682846 416.996613 
77 0 78.968658 127.435425 400.580902 
78 0 79.231590 146.404678 410.242249 
79 0 79.359177 160.854568 415.103394 
80 0 79.414131 173.757126 417.233368 
81 0 79.414131 186.242874 417.233368 
82 0 79.359177 199.145432 415.103394 
83 0 79.231590 213.595322 410.242249 
84 0 78.968658 232.564590 400.580902 
85 0 79.408043 258.317139 416.996613 
86 0 71.562660 281.682709 432.069641 
87 0 70.835083 307.435272 416.248779 
88 0 71.269966 326.404541 425.554596 
89 0 71.481529 340.854431 430.242767 
90 0 71.572754 353.756989 432.298126 
91 0 71.572754 6.243005 432.298126 
92 0 71.481529 19.145578 430.242767 
93 0 71.269966 33.595463 425.554596 
94 0 70.835083 52.564724 416.248779 
95 0 71.562660 78.317307 432.069641 
96 0 71.562660 101.682846 432.069641 
97 0 70.835083 127.435425 416.248779 
98 0 71.269966 146.404694 425.554596 
99 0 71.481529 160.854568 430.242767 
100 0 71.572754 173.757156 432.298126 
101 0 71.572754 186.242844 432.298126 
102 0 71.481529 199.145432 430.242767 
103 0 71.269966 213.595306 425.554596 
104 0 70.835083 232.564590 416.248779 
105 0 71.562660 258.317139 432.069641 
106 2 61.450821 275.336334 428.424622 
107 2 61.476189 286.183502 428.773621 
108 2 61.310726 297.886871 426.509155 
109 2 61.008228 311.533051 422.439484 
110 2 61.310726 332.113068 426.509155 
111 2 61.476189 343.816437 428.773621 
112 2 61.476250 354.669312 428.774475 
113 2 61.476250 5.330689 428.774475 
114 2 61.476189 16.183571 428.773621 
115 2 61.310726 27.886944 426.509155 
116 2 61.008228 48.466946 422.439484 
117 2 61.310726 62.113129 426.509155 
118 2 61.476189 73.816513 428.773621 
119 2 61.450821 84.663666 428.424622 
120 2 61.450821 95.336479 428.424622 
121 2 61.476189 106.183647 428.773621 
122 2 61.310726 117.887016 426.509155 
123 2 61.008228 131.533203 422.439484 
124 2 61.310726 152.113205 426.509155 
125 2 61.476189 163.816589 428.773621 
126 2 61.476250 174.669464 428.774475 
127 2 61.476250 185.330536 428.774475 
128 2 61.476189 196.183411 428.773621 
129 2 61.310726 207.886795 426.509155 
130 2 61.008228 228.466797 422.439484 
131 2 61.310726 242.112976 426.509155 
132 2 61.476189 253.816360 428.773621 
133 2 61.450821 264.663513 428.424622 
134 2 49.819149 276.043243 435.134399 
135 2 49.679295 288.506104 433.881622 
136 2 49.371502 302.330139 431.158691 
137 2 52.772324 318.466888 464.061554 
138 2 49.371502 327.669769 431.158691 
139 2 49.679295 341.493835 433.881622 
140 2 49.819149 353.956696 435.134399 
141 2 49.819149 6.043312 435.134399 
142 2 49.679295 18.506166 433.881622 
143 2 49.371502 32.330215 431.158691 
144 2 52.772324 41.533131 464.061554 
145 2 49.371502 57.669865 431.158691 
146 2 49.679295 71.493912 433.881622 
147 2 49.819149 83.956787 435.134399 
148 2 49.819149 96.043365 435.134399 
149 2 49.679295 108.506241 433.881622 
150 2 49.371502 122.330292 431.158691 
151 2 52.772324 138.467026 464.061554 
152 2 49.371502 147.669937 431.158691 
153 2 49.679295 161.493988 433.881622 
154 2 49.819149 173.956848 435.134399 
155 2 49.819149 186.043152 435.134399 
156 2 49.679295 198.506012 433.881622 
157 2 49.371502 212.330063 431.158691 
158 2 52.772324 221.532974 464.061554 
159 2 49.371502 237.669724 431.158691 
160 2 49.679295 251.493759 433.881622 
161 2 49.819149 263.956635 435.134399 
162 2 40.218792 306.328857 508.457062 
163 2 40.218792 323.671082 508.457062 
164 2 40.218792 36.328926 508.457062 
165 2 40.218792 53.671154 508.457062 
166 2 40.218792 126.329002 508.457062 
167 2 40.218792 143.671219 508.457062 
168 2 40.218792 216.328781 508.457062 
169 2 40.218792 233.670990 508.457062 
170 0 34.257145 279.323212 493.454590 
171 2 36.978275 295.206299 486.002655 
172 2 35.316563 314.999969 475.813599 
173 2 36.978275 334.793640 486.002655 
174 0 34.257145 350.676697 493.454590 
175 0 34.257145 9.323310 493.454590 
176 2 36.978275 25.206364 486.002655 
177 2 35.316563 45.000042 475.813599 
178 2 36.978275 64.793716 486.002655 
179 0 34.257145 80.676781 493.454590 
180 0 34.257145 99.323372 493.454590 
181 2 36.978275 115.206444 486.002655 
182 2 35.316563 135.000107 475.813599 
183 2 36.978275 154.793793 486.002655 
184 0 34.257145 170.676849 493.454590 
185 0 34.257145 189.323151 493.454590 
