-28 -27.0     -9.4   0.00    0.00    0.0          1       1
-31 -18.0     -9.4   0.00    0.00    0.0          1       1
-31 -9.0      -9.4   0.00    0.00    0.0          1       1
-31  0.0      -9.4   0.00    0.00    0.0          1       1
-31  9.0      -9.4   0.00    0.00    0.0          1       1
-31  18.0     -9.4   0.00    0.00    0.0          1       1
-28  27.0     -9.4   0.00    0.00    0.0          1       1
-13.5  31     -9.4   0.00    0.00    270.0        1       1
 -4.5  31     -9.4   0.00    0.00    270.0        1       1
  4.5  31     -9.4   0.00    0.00    270.0        1       1
 13.5  31     -9.4   0.00    0.00    270.0        1       1
 28  27.0     -9.4   0.00    0.00    180.0        1       1
 31  18.0     -9.4   0.00    0.00    180.0        1       1
 31   9.0     -9.4   0.00    0.00    180.0        1       1
 31   0.0     -9.4   0.00    0.00    180.0        1       1
 31  -9.0     -9.4   0.00    0.00    180.0        1       1
 31 -18.0     -9.4   0.00    0.00    180.0        1       1
 28 -27.0     -9.4   0.00    0.00    180.0        1       1
-13.5 -31     -9.4   0.00    0.00     90.0        1       1
-4.5  -31     -9.4   0.00    0.00     90.0        1       1
 4.5  -31     -9.4   0.00    0.00     90.0        1       1
13.5  -31     -9.4   0.00    0.00     90.0        1       1
-28 -27.0     -3.9   0.00    0.00    0.0          1       1
-31 -18.0     -3.9   0.00    0.00    0.0          1       1
-31 -9.0      -3.9   0.00    0.00    0.0          1       1
-31  0.0      -3.9   0.00    0.00    0.0          1       1
-31  9.0      -3.9   0.00    0.00    0.0          1       1
-31  18.0     -3.9   0.00    0.00    0.0          1       1
-28  27.0     -3.9   0.00    0.00    0.0          1       1
-13.5  31     -3.9   0.00    0.00    270.0        1       1
 -4.5  31     -3.9   0.00    0.00    270.0        1       1
  4.5  31     -3.9   0.00    0.00    270.0        1       1
 13.5  31     -3.9   0.00    0.00    270.0        1       1
 28  27.0     -3.9   0.00    0.00    180.0        1       1
 31  18.0     -3.9   0.00    0.00    180.0        1       1
 31   9.0     -3.9   0.00    0.00    180.0        1       1
 31   0.0     -3.9   0.00    0.00    180.0        1       1
 31  -9.0     -3.9   0.00    0.00    180.0        1       1
 31 -18.0     -3.9   0.00    0.00    180.0        1       1
 28 -27.0     -3.9   0.00    0.00    180.0        1       1
-13.5 -31     -3.9   0.00    0.00     90.0        1       1
-4.5  -31     -3.9   0.00    0.00     90.0        1       1
 4.5  -31     -3.9   0.00    0.00     90.0        1       1
13.5  -31     -3.9   0.00    0.00     90.0        1       1
-28 -27.0     1.6   0.00    0.00    0.0           1       0
-31 -18.0     1.6   0.00    0.00    0.0           1       0
-31 -9.0      1.6   0.00    0.00    0.0           1       0
-31  0.0      1.6   0.00    0.00    0.0           1       0
-31  9.0      1.6   0.00    0.00    0.0           1       0
-31  18.0     1.6   0.00    0.00    0.0           1       0
-28  27.0     1.6   0.00    0.00    0.0           1       0
-13.5  31     1.6   0.00    0.00    270.0         1       0
 -4.5  31     1.6   0.00    0.00    270.0         1       0
  4.5  31     1.6   0.00    0.00    270.0         1       0
 13.5  31     1.6   0.00    0.00    270.0         1       0
 28  27.0     1.6   0.00    0.00    180.0         1       0
 31  18.0     1.6   0.00    0.00    180.0         1       0
 31   9.0     1.6   0.00    0.00    180.0         1       0
 31   0.0     1.6   0.00    0.00    180.0         1       0
 31  -9.0     1.6   0.00    0.00    180.0         1       0
 31 -18.0     1.6   0.00    0.00    180.0         1       0
 28 -27.0     1.6   0.00    0.00    180.0         1       0
-13.5 -31     1.6   0.00    0.00     90.0         1       0
-4.5  -31     1.6   0.00    0.00     90.0         1       0
 4.5  -31     1.6   0.00    0.00     90.0         1       0
13.5  -31     1.6   0.00    0.00     90.0         1       0
-28 -27.0     7.1   0.00    0.00    0.0           1       0
-31 -18.0     7.1   0.00    0.00    0.0           1       0
-31 -9.0      7.1   0.00    0.00    0.0           1       0
-31  0.0      7.1   0.00    0.00    0.0           1       0
-31  9.0      7.1   0.00    0.00    0.0           1       0
-31  18.0     7.1   0.00    0.00    0.0           1       0
-28  27.0     7.1   0.00    0.00    0.0           1       0
-13.5  31     7.1   0.00    0.00    270.0         1       0
 -4.5  31     7.1   0.00    0.00    270.0         1       0
  4.5  31     7.1   0.00    0.00    270.0         1       0
 13.5  31     7.1   0.00    0.00    270.0         1       0
 28  27.0     7.1   0.00    0.00    180.0         1       0
 31  18.0     7.1   0.00    0.00    180.0         1       0
 31   9.0     7.1   0.00    0.00    180.0         1       0
 31   0.0     7.1   0.00    0.00    180.0         1       0
 31  -9.0     7.1   0.00    0.00    180.0         1       0
 31 -18.0     7.1   0.00    0.00    180.0         1       0
 28 -27.0     7.1   0.00    0.00    180.0         1       0
-13.5 -31     7.1   0.00    0.00     90.0         1       0
-4.5  -31     7.1   0.00    0.00     90.0         1       0
 4.5  -31     7.1   0.00    0.00     90.0         1       0
13.5  -31     7.1   0.00    0.00     90.0         1       0
-28 -27.0     12.6   0.00    0.00    0.0          1       0
-31 -18.0     12.6   0.00    0.00    0.0          1       0
-31 -9.0      12.6   0.00    0.00    0.0          1       0
-31  0.0      12.6   0.00    0.00    0.0          1       0
-31  9.0      12.6   0.00    0.00    0.0          1       0
-31  18.0     12.6   0.00    0.00    0.0          1       0
-28  27.0     12.6   0.00    0.00    0.0          1       0
-13.5  31     12.6   0.00    0.00    270.0        1       0
 -4.5  31     12.6   0.00    0.00    270.0        1       0
  4.5  31     12.6   0.00    0.00    270.0        1       0
 13.5  31     12.6   0.00    0.00    270.0        1       0
 28  27.0     12.6   0.00    0.00    180.0        1       0
 31  18.0     12.6   0.00    0.00    180.0        1       0
 31   9.0     12.6   0.00    0.00    180.0        1       0
 31   0.0     12.6   0.00    0.00    180.0        1       0
 31  -9.0     12.6   0.00    0.00    180.0        1       0
 31 -18.0     12.6   0.00    0.00    180.0        1       0
 28 -27.0     12.6   0.00    0.00    180.0        1       0
-13.5 -31     12.6   0.00    0.00     90.0        1       0
-4.5  -31     12.6   0.00    0.00     90.0        1       0
 4.5  -31     12.6   0.00    0.00     90.0        1       0
13.5  -31     12.6   0.00    0.00     90.0        1       0
-28.0  -28   18.90   0.00    0.00    0.0          1       2
-28.0  -21   18.90   0.00    0.00    0.0          1       2
-28.0  -14.0 18.90   0.00    0.00    0.0          1       2
-28.0  -7.0  18.90   0.00    0.00    0.0          1       2
-28.0  0.0   18.90   0.00    0.00    0.0          1       2
-28.0  7.0   18.90   0.00    0.00    0.0          1       2
-28.0  14.0  18.90   0.00    0.00    0.0          1       2
-28.0  21.0  18.90   0.00    0.00    0.0          1       2
-28.0  28.0  18.90   0.00    0.00    0.0          1       2
-17.5  28.0  18.90   0.00    0.00    90.0         1       2
-10.5  28.0  18.90   0.00    0.00    90.0         1       2
-3.5  28.0   18.90   0.00    0.00    90.0         1       2
 3.5  28.0   18.90   0.00    0.00    90.0         1       2
10.5  28.0   18.90   0.00    0.00    90.0         1       2   
17.5  28.0   18.90   0.00    0.00    90.0         1       2   
28.0  28.0   18.90   0.00    0.00    180.0        1       2  
28.0  21.0   18.90   0.00    0.00    180.0        1       2  
28.0  14.0   18.90   0.00    0.00    180.0        1       2  
28.0   7.0   18.90   0.00    0.00    180.0        1       2  
28.0   0.0   18.90   0.00    0.00    180.0        1       2  
28.0  -7.0   18.90   0.00    0.00    180.0        1       2  
28.0 -14.0   18.90   0.00    0.00    180.0        1       2  
28.0 -21.0   18.90   0.00    0.00    180.0        1       2  
28.0 -28.0   18.90   0.00    0.00    180.0        1       2  
17.5 -28.0   18.90   0.00    0.00    270.0        1       2  
10.5 -28.0   18.90   0.00    0.00    270.0        1       2  
 3.5 -28.0   18.90   0.00    0.00    270.0        1       2  
-3.5 -28.0   18.90   0.00    0.00    270.0        1       2  
-10.5 -28.0  18.90   0.00    0.00    270.0        1       2  
-17.5 -28.0  18.90   0.00    0.00    270.0        1       2
-28.0  -28    26.00   0.00    0.00    0.0         1       2
-28.0  -21    26.00   0.00    0.00    0.0         1       2
-28.0  -14.0    26.00   0.00    0.00    0.0       1       2
-28.0  -7.0    26.00   0.00    0.00    0.0        1       2
-28.0  0.0    26.00   0.00    0.00    0.0         1       2
-28.0  7.0    26.00   0.00    0.00    0.0         1       2
-28.0  14.0   26.00   0.00    0.00    0.0         1       2
-28.0  21.0   26.00   0.00    0.00    0.0         1       2
-28.0  28.0   26.00   0.00    0.00    0.0         1       2
-17.5  28.0   26.00   0.00    0.00    90.0        1       2
-10.5  28.0   26.00   0.00    0.00    90.0        1       2
-3.5  28.0   26.00   0.00    0.00    90.0         1       2
 3.5  28.0   26.00   0.00    0.00    90.0         1       2
10.5  28.0   26.00   0.00    0.00    90.0         1       2   
17.5  28.0   26.00   0.00    0.00    90.0         1       2   
28.0  28.0   26.00   0.00    0.00    180.0        1       2  
28.0  21.0   26.00   0.00    0.00    180.0        1       2  
28.0  14.0   26.00   0.00    0.00    180.0        1       2  
28.0   7.0   26.00   0.00    0.00    180.0        1       2  
28.0   0.0   26.00   0.00    0.00    180.0        1       2  
28.0  -7.0   26.00   0.00    0.00    180.0        1       2  
28.0 -14.0   26.00   0.00    0.00    180.0        1       2  
28.0 -21.0   26.00   0.00    0.00    180.0        1       2  
28.0 -28.0   26.00   0.00    0.00    180.0        1       2  
17.5 -28.0   26.00   0.00    0.00    270.0        1       2  
10.5 -28.0   26.00   0.00    0.00    270.0        1       2  
 3.5 -28.0   26.00   0.00    0.00    270.0        1       2  
-3.5 -28.0   26.00   0.00    0.00    270.0        1       2  
-10.5 -28.0   26.00   0.00    0.00    270.0       1       2  
-17.5 -28.0   26.00   0.00    0.00    270.0       1       2