0 0 0 89.061501 52.763252 156.071014 
0 0 1 86.088402 51.776161 137.747223 
0 0 2 82.220863 50.480122 119.960129 
0 0 3 89.053970 60.126747 154.828461 
0 0 4 86.047897 60.144253 136.337769 
0 0 5 82.113625 60.167377 118.339027 
0 0 6 89.062027 67.486092 156.158722 
0 0 7 86.091217 68.506248 137.846588 
0 0 8 82.228302 69.845161 120.074219 
0 1 0 96.208344 52.432495 150.147202 
0 1 1 94.113655 51.347084 130.997391 
0 1 2 91.306343 49.901951 112.144791 
0 1 3 96.262444 60.132607 148.855209 
0 1 4 94.160828 60.151894 129.514526 
0 1 5 91.326881 60.177746 110.408997 
0 1 6 96.204559 67.827965 150.238373 
0 1 7 94.110367 68.949585 131.101883 
0 1 8 91.304916 70.442238 112.266823 
1 0 0 89.058212 352.610565 155.526550 
1 0 1 86.073090 351.598785 137.211273 
1 0 2 82.186623 350.269104 119.437668 
1 0 3 89.050323 0.000000 154.235245 
1 0 4 86.030632 0.000000 135.745834 
1 0 5 82.073997 0.000000 117.751244 
1 0 6 89.058212 7.389427 155.526550 
1 0 7 86.073090 8.401210 137.211273 
1 0 8 82.186623 9.730898 119.437668 
1 1 0 96.230797 352.271606 149.608307 
1 1 1 94.130470 351.158722 130.464813 
1 1 2 91.312462 349.675476 111.622086 
1 1 3 96.287460 0.000000 148.265442 
1 1 4 94.179970 0.000000 128.922714 
1 1 5 91.334053 0.000000 109.815704 
1 1 6 96.230797 7.728395 149.608307 
1 1 7 94.130470 8.841269 130.464813 
1 1 8 91.312462 10.324524 111.622086 
2 0 0 89.062027 292.513916 156.158722 
2 0 1 86.091217 291.493774 137.846588 
2 0 2 82.228302 290.154846 120.074219 
2 0 3 89.053970 299.873260 154.828461 
2 0 4 86.047897 299.855743 136.337769 
2 0 5 82.113625 299.832642 118.339027 
2 0 6 89.061501 307.236755 156.071014 
2 0 7 86.088402 308.223816 137.747223 
2 0 8 82.220863 309.519867 119.960129 
2 1 0 96.204559 292.172058 150.238373 
2 1 1 94.110367 291.050415 131.101883 
2 1 2 91.304916 289.557739 112.266823 
2 1 3 96.262444 299.867401 148.855209 
2 1 4 94.160828 299.848083 129.514526 
2 1 5 91.326881 299.822266 110.408997 
2 1 6 96.208344 307.567505 150.147202 
2 1 7 94.113655 308.652924 130.997391 
2 1 8 91.306343 310.098053 112.144791 
3 0 0 89.061501 232.763092 156.071014 
3 0 1 86.088402 231.776031 137.747223 
3 0 2 82.220863 230.479980 119.960129 
3 0 3 89.053970 240.126602 154.828461 
3 0 4 86.047897 240.144104 136.337769 
3 0 5 82.113625 240.167221 118.339027 
3 0 6 89.062027 247.485947 156.158722 
3 0 7 86.091217 248.506104 137.846588 
3 0 8 82.228302 249.845001 120.074219 
3 1 0 96.208344 232.432358 150.147202 
3 1 1 94.113655 231.346924 130.997391 
3 1 2 91.306343 229.901794 112.144791 
3 1 3 96.262444 240.132477 148.855209 
3 1 4 94.160828 240.151764 129.514526 
3 1 5 91.326881 240.177597 110.408997 
3 1 6 96.204559 247.827805 150.238373 
3 1 7 94.110367 248.949432 131.101883 
3 1 8 91.304916 250.442108 112.266823 
4 0 0 89.058212 172.610718 155.526550 
4 0 1 86.073090 171.598938 137.211273 
4 0 2 82.186623 170.269257 119.437668 
4 0 3 89.050323 180.000000 154.235245 
4 0 4 86.030632 180.000000 135.745834 
4 0 5 82.073997 180.000000 117.751244 
4 0 6 89.058212 187.389282 155.526550 
4 0 7 86.073090 188.401062 137.211273 
4 0 8 82.186623 189.730743 119.437668 
4 1 0 96.230797 172.271744 149.608307 
4 1 1 94.130470 171.158875 130.464813 
4 1 2 91.312462 169.675629 111.622086 
4 1 3 96.287460 180.000000 148.265442 
4 1 4 94.179970 180.000000 128.922714 
4 1 5 91.334053 180.000000 109.815704 
4 1 6 96.230797 187.728256 149.608307 
4 1 7 94.130470 188.841125 130.464813 
4 1 8 91.312462 190.324371 111.622086 
5 0 0 89.062027 112.514069 156.158722 
5 0 1 86.091217 111.493904 137.846588 
5 0 2 82.228302 110.154991 120.074219 
5 0 3 89.053970 119.873405 154.828461 
5 0 4 86.047897 119.855888 136.337769 
5 0 5 82.113625 119.832779 118.339027 
5 0 6 89.061501 127.236900 156.071014 
5 0 7 86.088402 128.223984 137.747223 
5 0 8 82.220863 129.520035 119.960129 
5 1 0 96.204559 112.172188 150.238373 
5 1 1 94.110367 111.050560 131.101883 
5 1 2 91.304916 109.557915 112.266823 
5 1 3 96.262444 119.867546 148.855209 
5 1 4 94.160828 119.848259 129.514526 
5 1 5 91.326881 119.822411 110.408997 
5 1 6 96.208344 127.567657 150.147202 
5 1 7 94.113655 128.653076 130.997391 
5 1 8 91.306343 130.098206 112.144791 
6 0 0 64.642365 20.910839 135.429230 
6 0 1 60.539753 19.147596 117.929253 
6 0 2 55.094414 16.551144 101.358475 
6 0 3 64.361397 30.316401 134.043900 
6 0 4 60.095463 30.379152 116.335724 
6 0 5 54.344208 30.472942 99.499908 
6 0 6 64.681786 39.705109 135.626175 
6 0 7 60.601677 41.582024 118.155373 
6 0 8 55.197815 44.340199 101.621468 
6 1 0 72.750175 20.910833 128.144745 
6 1 1 69.691574 19.147593 109.486565 
6 1 2 65.432533 16.551132 91.397697 
6 1 3 72.544319 30.316408 126.679787 
6 1 4 69.353119 30.379156 107.768272 
6 1 5 64.825409 30.472935 89.332138 
6 1 6 72.779022 39.705109 128.352875 
6 1 7 69.738625 41.582020 109.730087 
6 1 8 65.515800 44.340206 91.689278 
7 0 0 64.681786 320.294891 135.626175 
7 0 1 60.601677 318.417969 118.155373 
7 0 2 55.197815 315.659821 101.621468 
7 0 3 64.361397 329.683594 134.043900 
7 0 4 60.095463 329.620850 116.335724 
7 0 5 54.344208 329.527069 99.499908 
7 0 6 64.642365 339.089142 135.429230 
7 0 7 60.539753 340.852417 117.929253 
7 0 8 55.094414 343.448853 101.358475 
7 1 0 72.779022 320.294891 128.352875 
7 1 1 69.738625 318.417969 109.730087 
7 1 2 65.515800 315.659821 91.689278 
7 1 3 72.544319 329.683594 126.679787 
7 1 4 69.353119 329.620850 107.768272 
7 1 5 64.825409 329.527069 89.332138 
7 1 6 72.750175 339.089172 128.144745 
7 1 7 69.691574 340.852417 109.486565 
7 1 8 65.432533 343.448853 91.397697 
8 0 0 64.689552 260.614380 135.665039 
8 0 1 60.606655 258.799133 118.173607 
8 0 2 55.194107 256.130249 101.612015 
8 0 3 64.389847 269.999939 134.182709 
8 0 4 60.133133 269.999939 116.468887 
8 0 5 54.395512 269.999939 99.624298 
8 0 6 64.689552 279.385468 135.665039 
8 0 7 60.606655 281.200745 118.173607 
8 0 8 55.194107 283.869629 101.612015 
8 1 0 72.784698 260.614380 128.393936 
8 1 1 69.742401 258.799133 109.749718 
8 1 2 65.512810 256.130249 91.678795 
8 1 3 72.565186 269.999939 126.826660 
8 1 4 69.381874 269.999939 107.912003 
8 1 5 64.867096 269.999939 89.470673 
8 1 6 72.784698 279.385468 128.393936 
8 1 7 69.742401 281.200745 109.749718 
8 1 8 65.512810 283.869629 91.678795 
9 0 0 64.642365 200.910690 135.429230 
9 0 1 60.539753 199.147446 117.929253 
9 0 2 55.094414 196.550995 101.358475 
9 0 3 64.361397 210.316254 134.043900 
9 0 4 60.095463 210.379013 116.335724 
9 0 5 54.344208 210.472778 99.499908 
9 0 6 64.681786 219.704956 135.626175 
9 0 7 60.601677 221.581863 118.155373 
9 0 8 55.197815 224.340042 101.621468 
9 1 0 72.750175 200.910675 128.144745 
9 1 1 69.691574 199.147446 109.486565 
9 1 2 65.432533 196.550980 91.397697 
9 1 3 72.544319 210.316254 126.679787 
9 1 4 69.353119 210.379013 107.768272 
9 1 5 64.825409 210.472778 89.332138 
9 1 6 72.779022 219.704956 128.352875 
9 1 7 69.738625 221.581863 109.730087 
9 1 8 65.515800 224.340042 91.689278 
10 0 0 64.681786 140.295044 135.626175 
10 0 1 60.601677 138.418137 118.155373 
10 0 2 55.197815 135.659958 101.621468 
10 0 3 64.361397 149.683746 134.043900 
10 0 4 60.095463 149.620987 116.335724 
10 0 5 54.344208 149.527222 99.499908 
10 0 6 64.642365 159.089310 135.429230 
10 0 7 60.539753 160.852554 117.929253 
10 0 8 55.094414 163.449005 101.358475 
10 1 0 72.779022 140.295044 128.352875 
10 1 1 69.738625 138.418137 109.730087 
10 1 2 65.515800 135.659958 91.689278 
10 1 3 72.544319 149.683746 126.679787 
10 1 4 69.353119 149.620987 107.768272 
10 1 5 64.825409 149.527222 89.332138 
10 1 6 72.750175 159.089325 128.144745 
10 1 7 69.691574 160.852554 109.486565 
10 1 8 65.432533 163.449020 91.397697 
11 0 0 64.689552 80.614548 135.665039 
11 0 1 60.606655 78.799271 118.173607 
11 0 2 55.194107 76.130379 101.612015 
11 0 3 64.389847 90.000076 134.182709 
11 0 4 60.133133 90.000076 116.468887 
11 0 5 54.395512 90.000076 99.624298 
11 0 6 64.689552 99.385597 135.665039 
11 0 7 60.606655 101.200882 118.173607 
11 0 8 55.194107 103.869774 101.612015 
11 1 0 72.784698 80.614548 128.393936 
11 1 1 69.742401 78.799271 109.749718 
11 1 2 65.512810 76.130379 91.678795 
11 1 3 72.565186 90.000076 126.826660 
11 1 4 69.381874 90.000076 107.912003 
11 1 5 64.867096 90.000076 89.470673 
11 1 6 72.784698 99.385597 128.393936 
11 1 7 69.742401 101.200882 109.749718 
11 1 8 65.512810 103.869774 91.678795 
12 0 0 53.059620 52.432495 186.755859 
12 0 1 51.108635 51.347092 167.870575 
12 0 2 48.682587 49.901947 149.275940 
12 0 3 52.818649 60.132607 185.718719 
12 0 4 50.787827 60.151886 166.715988 
12 0 5 48.238731 60.177738 147.976349 
12 0 6 53.076523 67.827965 186.829163 
12 0 7 51.131069 68.949585 167.952118 
12 0 8 48.713505 70.442238 149.367645 
12 1 0 59.086685 52.763248 181.888168 
12 1 1 57.781811 51.776157 162.437943 
12 1 2 56.135048 50.480125 143.139328 
12 1 3 58.884388 60.126747 180.823120 
12 1 4 57.514168 60.144257 161.244476 
12 1 5 55.766556 60.167377 141.783493 
12 1 6 59.100876 67.486092 181.963440 
12 1 7 57.800533 68.506248 162.522217 
12 1 8 56.160709 69.845161 143.234955 
13 0 0 52.959438 352.271606 186.322876 
13 0 1 50.993919 351.158783 167.455292 
13 0 2 48.549744 349.675476 148.883652 
13 0 3 52.707748 0.000000 185.246353 
13 0 4 50.658550 0.000000 166.256653 
13 0 5 48.085232 0.000000 147.534210 
13 0 6 52.959438 7.728396 186.322876 
13 0 7 50.993919 8.841223 167.455292 
13 0 8 48.549744 10.324505 148.883652 
13 1 0 58.998337 352.610565 181.421219 
13 1 1 57.680504 351.598785 161.983719 
13 1 2 56.017063 350.269104 142.701752 
13 1 3 58.786968 0.000000 180.315445 
13 1 4 57.400578 0.000000 160.744278 
13 1 5 55.631184 0.000000 141.293274 
13 1 6 58.998337 7.389440 181.421219 
13 1 7 57.680504 8.401214 161.983719 
13 1 8 56.017063 9.730901 142.701752 
14 0 0 53.076523 292.172058 186.829163 
14 0 1 51.131069 291.050415 167.952118 
14 0 2 48.713505 289.557739 149.367645 
14 0 3 52.818649 299.867401 185.718719 
14 0 4 50.787827 299.848114 166.715988 
14 0 5 48.238731 299.822266 147.976349 
14 0 6 53.059620 307.567505 186.755859 
14 0 7 51.108635 308.652893 167.870575 
14 0 8 48.682587 310.098053 149.275940 
14 1 0 59.100876 292.513916 181.963440 
14 1 1 57.800533 291.493774 162.522217 
14 1 2 56.160709 290.154846 143.234955 
14 1 3 58.884388 299.873260 180.823120 
14 1 4 57.514168 299.855743 161.244476 
14 1 5 55.766556 299.832642 141.783493 
14 1 6 59.086685 307.236755 181.888168 
14 1 7 57.781811 308.223846 162.437943 
14 1 8 56.135048 309.519867 143.139328 
15 0 0 53.059620 232.432358 186.755859 
15 0 1 51.108635 231.346954 167.870575 
15 0 2 48.682587 229.901794 149.275940 
15 0 3 52.818649 240.132477 185.718719 
15 0 4 50.787827 240.151764 166.715988 
15 0 5 48.238731 240.177597 147.976349 
15 0 6 53.076523 247.827805 186.829163 
15 0 7 51.131069 248.949432 167.952118 
15 0 8 48.713505 250.442108 149.367645 
15 1 0 59.086685 232.763092 181.888168 
15 1 1 57.781811 231.776001 162.437943 
15 1 2 56.135048 230.479980 143.139328 
15 1 3 58.884388 240.126602 180.823120 
15 1 4 57.514168 240.144104 161.244476 
15 1 5 55.766556 240.167221 141.783493 
15 1 6 59.100876 247.485947 181.963440 
15 1 7 57.800533 248.506104 162.522217 
15 1 8 56.160709 249.845001 143.234955 
16 0 0 52.959438 172.271744 186.322876 
16 0 1 50.993919 171.158936 167.455292 
16 0 2 48.549744 169.675644 148.883652 
16 0 3 52.707748 180.000000 185.246353 
16 0 4 50.658550 180.000000 166.256653 
16 0 5 48.085232 180.000000 147.534210 
16 0 6 52.959438 187.728256 186.322876 
16 0 7 50.993919 188.841064 167.455292 
16 0 8 48.549744 190.324356 148.883652 
16 1 0 58.998337 172.610703 181.421219 
16 1 1 57.680504 171.598938 161.983719 
16 1 2 56.017063 170.269241 142.701752 
16 1 3 58.786968 180.000000 180.315445 
16 1 4 57.400578 180.000000 160.744278 
16 1 5 55.631184 180.000000 141.293274 
16 1 6 58.998337 187.389297 181.421219 
16 1 7 57.680504 188.401062 161.983719 
16 1 8 56.017063 189.730759 142.701752 
17 0 0 53.076523 112.172188 186.829163 
17 0 1 51.131069 111.050568 167.952118 
17 0 2 48.713505 109.557915 149.367645 
17 0 3 52.818649 119.867546 185.718719 
17 0 4 50.787827 119.848259 166.715988 
17 0 5 48.238731 119.822411 147.976349 
17 0 6 53.059620 127.567657 186.755859 
17 0 7 51.108635 128.653061 167.870575 
17 0 8 48.682587 130.098206 149.275940 
17 1 0 59.100876 112.514069 181.963440 
17 1 1 57.800533 111.493904 162.522217 
17 1 2 56.160709 110.154984 143.234955 
17 1 3 58.884388 119.873405 180.823120 
17 1 4 57.514168 119.855888 161.244476 
17 1 5 55.766556 119.832779 141.783493 
17 1 6 59.086685 127.236900 181.888168 
17 1 7 57.781811 128.223999 162.437943 
17 1 8 56.135048 129.520035 143.139328 
