A 1 106.898743 0.000000 82.565125 
A 2 105.561600 0.000000 82.006096 
A 3 104.206856 0.000000 81.492332 
A 4 102.835693 0.000000 81.024689 
A 5 101.449425 0.000000 80.603973 
A 6 100.049431 0.000000 80.230919 
A 7 98.637215 0.000000 79.906197 
A 8 97.214340 0.000000 79.630394 
A 9 95.782471 0.000000 79.404030 
A 10 94.343315 0.000000 79.227524 
A 11 92.898659 0.000000 79.101204 
A 12 91.450294 0.000000 79.025314 
A 13 90.000076 0.000000 79.000000 
A 14 88.549858 0.000000 79.025314 
A 15 87.101494 0.000000 79.101204 
A 16 85.656830 0.000000 79.227524 
A 17 84.217674 0.000000 79.404030 
A 18 82.785805 0.000000 79.630394 
A 19 81.362938 0.000000 79.906197 
A 20 79.950714 0.000000 80.230919 
A 21 78.550735 0.000000 80.603973 
A 22 77.164452 0.000000 81.024689 
A 23 75.793297 0.000000 81.492332 
A 24 74.438553 0.000000 82.006096 
A 25 73.101410 0.000000 82.565125 
A 0 90.000076 0.000000 129.000000 
B 1 106.898743 90.000076 82.565125 
B 2 105.561600 90.000076 82.006096 
B 3 104.206856 90.000076 81.492332 
B 4 102.835693 90.000076 81.024689 
B 5 101.449425 90.000076 80.603973 
B 6 100.049431 90.000076 80.230919 
B 7 98.637215 90.000076 79.906197 
B 8 97.214340 90.000076 79.630394 
B 9 95.782471 90.000076 79.404030 
B 10 94.343315 90.000076 79.227524 
B 11 92.898659 90.000076 79.101204 
B 12 91.450294 90.000076 79.025314 
B 13 90.000076 90.000076 79.000000 
B 14 88.549858 90.000076 79.025314 
B 15 87.101494 90.000076 79.101204 
B 16 85.656830 90.000076 79.227524 
B 17 84.217674 90.000076 79.404030 
B 18 82.785805 90.000076 79.630394 
B 19 81.362938 90.000076 79.906197 
B 20 79.950714 90.000076 80.230919 
B 21 78.550735 90.000076 80.603973 
B 22 77.164452 90.000076 81.024689 
B 23 75.793297 90.000076 81.492332 
B 24 74.438553 90.000076 82.006096 
B 25 73.101410 90.000076 82.565125 
B 0 90.000076 90.000076 129.000000 
C 1 106.898743 180.000000 82.565125 
C 2 105.561600 180.000000 82.006096 
C 3 104.206856 180.000000 81.492332 
C 4 102.835693 180.000000 81.024689 
C 5 101.449425 180.000000 80.603973 
C 6 100.049431 180.000000 80.230919 
C 7 98.637215 180.000000 79.906197 
C 8 97.214340 180.000000 79.630394 
C 9 95.782471 180.000000 79.404030 
C 10 94.343315 180.000000 79.227524 
C 11 92.898659 180.000000 79.101204 
C 12 91.450294 180.000000 79.025314 
C 13 90.000076 180.000000 79.000000 
C 14 88.549858 180.000000 79.025314 
C 15 87.101494 180.000000 79.101204 
C 16 85.656830 180.000000 79.227524 
C 17 84.217674 180.000000 79.404030 
C 18 82.785805 180.000000 79.630394 
C 19 81.362938 180.000000 79.906197 
C 20 79.950714 180.000000 80.230919 
C 21 78.550735 180.000000 80.603973 
C 22 77.164452 180.000000 81.024689 
C 23 75.793297 180.000000 81.492332 
C 24 74.438553 180.000000 82.006096 
C 25 73.101410 180.000000 82.565125 
C 0 90.000076 180.000000 129.000000 
D 1 106.898743 269.999939 82.565125 
D 2 105.561600 269.999939 82.006096 
D 3 104.206856 269.999939 81.492332 
D 4 102.835693 269.999939 81.024689 
D 5 101.449425 269.999939 80.603973 
D 6 100.049431 269.999939 80.230919 
D 7 98.637215 269.999939 79.906197 
D 8 97.214340 269.999939 79.630394 
D 9 95.782471 269.999939 79.404030 
D 10 94.343315 269.999939 79.227524 
D 11 92.898659 269.999939 79.101204 
D 12 91.450294 269.999939 79.025314 
D 13 90.000076 269.999939 79.000000 
D 14 88.549858 269.999939 79.025314 
D 15 87.101494 269.999939 79.101204 
D 16 85.656830 269.999939 79.227524 
D 17 84.217674 269.999939 79.404030 
D 18 82.785805 269.999939 79.630394 
D 19 81.362938 269.999939 79.906197 
D 20 79.950714 269.999939 80.230919 
D 21 78.550735 269.999939 80.603973 
D 22 77.164452 269.999939 81.024689 
D 23 75.793297 269.999939 81.492332 
D 24 74.438553 269.999939 82.006096 
D 25 73.101410 269.999939 82.565125 
D 0 90.000076 269.999939 129.000000 
