0 127.343163 229.727890 237.394180 
1 131.469879 221.516602 217.448837 
2 135.469131 210.547455 202.000000 
3 138.544739 196.440247 192.135361 
4 139.728119 180.000000 188.732605 
5 138.544739 163.559753 192.135361 
6 135.469131 149.452545 202.000000 
7 131.469879 138.483398 217.448837 
8 127.343163 130.272110 237.394180 
9 139.190826 115.740807 190.252457 
10 141.770538 99.130257 183.313934 
11 141.770538 80.869888 183.313934 
12 139.190826 64.259338 190.252457 
13 127.343163 310.271973 237.394180 
14 131.469879 318.483246 217.448837 
15 135.469131 329.452393 202.000000 
16 138.544739 343.559601 192.135361 
17 139.728119 0.000000 188.732605 
18 138.544739 16.440397 192.135361 
19 135.469131 30.547600 202.000000 
20 131.469879 41.516762 217.448837 
21 127.343163 49.728031 237.394180 
22 139.190826 244.259186 190.252457 
23 141.770538 260.869720 183.313934 
24 141.770538 279.130127 183.313934 
25 139.190826 295.740662 190.252457 
26 119.779938 229.727875 217.448837 
27 123.538063 221.516602 195.478897 
28 127.321297 210.547455 178.134781 
29 130.333115 196.440247 166.865219 
30 131.516830 180.000000 162.935577 
31 130.333115 163.559753 166.865219 
32 127.321297 149.452545 178.134781 
33 123.538063 138.483398 195.478897 
34 119.779938 130.272125 217.448837 
35 130.977631 115.740807 164.693649 
36 133.593552 99.130257 156.626938 
37 133.593552 80.869888 156.626938 
38 130.977631 64.259346 164.693649 
39 119.779938 310.271973 217.448837 
40 123.538063 318.483246 195.478897 
41 127.321297 329.452393 178.134781 
42 130.333115 343.559601 166.865219 
43 131.516830 0.000000 162.935577 
44 130.333115 16.440403 166.865219 
45 127.321297 30.547600 178.134781 
46 123.538063 41.516762 195.478897 
47 119.779938 49.728027 217.448837 
48 130.977631 244.259186 164.693649 
49 133.593552 260.869720 156.626938 
50 133.593552 279.130127 156.626938 
51 130.977631 295.740662 164.693649 
52 105.960762 225.643631 261.839661 
53 107.018738 217.746689 246.000000 
54 107.834969 208.855530 235.082962 
55 108.259987 199.265137 229.791214 
56 108.200844 189.462189 230.512482 
57 107.671135 180.000000 237.191910 
58 108.200844 170.537811 230.512482 
59 108.259987 160.734863 229.791214 
60 107.834969 151.144470 235.082962 
61 107.018738 142.253311 246.000000 
62 105.960762 134.356369 261.839661 
63 110.616699 124.354446 204.479828 
64 110.555115 112.023148 205.065842 
65 109.685822 100.304932 213.738144 
66 109.093582 90.000076 220.109055 
67 109.685822 79.695221 213.738144 
68 110.555115 67.977005 205.065842 
69 110.616699 55.645706 204.479828 
70 105.960762 314.356232 261.839661 
71 107.018738 322.253174 246.000000 
72 107.834969 331.144318 235.082962 
73 108.259987 340.734711 229.791214 
74 108.200844 350.537659 230.512482 
75 107.671135 0.000000 237.191910 
76 108.200844 9.462343 230.512482 
77 108.259987 19.265278 229.791214 
78 107.834969 28.855684 235.082962 
79 107.018738 37.746834 246.000000 
80 105.960762 45.643784 261.839661 
81 110.616699 235.645554 204.479828 
82 110.555115 247.976868 205.065842 
83 109.685822 259.695068 213.738144 
84 109.093582 269.999939 220.109055 
85 109.685822 280.304779 213.738144 
86 110.555115 292.022980 205.065842 
87 110.616699 304.354309 204.479828 
88 98.138283 225.643631 254.306900 
89 98.701302 217.746689 237.966385 
90 99.138863 208.855530 226.662750 
91 99.367851 199.265137 221.169617 
92 99.335945 189.462173 221.918915 
93 99.050804 180.000000 228.849304 
94 99.335945 170.537827 221.918915 
95 99.367851 160.734863 221.169617 
96 99.138863 151.144470 226.662750 
97 98.701302 142.253311 237.966385 
98 98.138283 134.356369 254.306900 
99 100.653114 124.354439 194.740860 
100 100.619179 112.023148 195.356079 
101 100.142197 100.304932 204.440689 
102 99.819382 90.000076 211.092392 
103 100.142197 79.695221 204.440689 
104 100.619179 67.977005 195.356079 
105 100.653114 55.645710 194.740860 
106 98.138283 314.356232 254.306900 
107 98.701302 322.253174 237.966385 
108 99.138863 331.144318 226.662750 
109 99.367851 340.734711 221.169617 
110 99.335945 350.537689 221.918915 
111 99.050804 0.000000 228.849304 
112 99.335945 9.462333 221.918915 
113 99.367851 19.265276 221.169617 
114 99.138863 28.855684 226.662750 
115 98.701302 37.746834 237.966385 
116 98.138283 45.643784 254.306900 
117 100.653114 235.645584 194.740860 
118 100.619179 247.976868 195.356079 
119 100.142197 259.695068 204.440689 
120 99.819382 269.999939 211.092392 
121 100.142197 280.304779 204.440689 
122 100.619179 292.022980 195.356079 
123 100.653114 304.354279 194.740860 
124 90.000076 222.856125 264.643158 
125 90.000076 215.217468 249.703812 
126 90.000076 206.778717 239.708160 
127 90.000076 197.818741 235.287048 
128 90.000076 188.746033 236.753036 
129 90.000076 180.000000 244.000000 
130 90.000076 171.253967 236.753036 
131 90.000076 162.181259 235.287048 
132 90.000076 153.221283 239.708160 
133 90.000076 144.782532 249.703812 
134 90.000076 137.143875 264.643158 
135 90.000076 128.571350 202.089096 
136 90.000076 115.581627 208.432236 
137 90.000076 103.912582 224.588501 
138 90.000076 94.151360 248.652359 
139 90.000076 85.848785 248.652359 
140 90.000076 76.087563 224.588501 
141 90.000076 64.418526 208.432236 
142 90.000076 51.428791 202.089096 
143 90.000076 317.143738 264.643158 
144 90.000076 324.782379 249.703812 
145 90.000076 333.221130 239.708160 
146 90.000076 342.181091 235.287048 
147 90.000076 351.253815 236.753036 
148 90.000076 0.000000 244.000000 
149 90.000076 8.746177 236.753036 
150 90.000076 17.818899 235.287048 
151 90.000076 26.778868 239.708160 
152 90.000076 35.217617 249.703812 
153 90.000076 42.856277 264.643158 
154 90.000076 231.428650 202.089096 
155 90.000076 244.418396 208.432236 
156 90.000076 256.087433 224.588501 
157 90.000076 265.848633 248.652359 
158 90.000076 274.151215 248.652359 
159 90.000076 283.912445 224.588501 
160 90.000076 295.581482 208.432236 
161 90.000076 308.571228 202.089096 
162 82.253548 222.856125 267.080505 
163 81.796219 215.217468 252.285553 
164 81.459068 206.778717 242.396362 
165 81.301010 197.818756 238.025208 
166 81.354065 188.746033 239.474426 
167 81.607140 180.000000 246.641434 
168 81.354065 171.253967 239.474426 
169 81.301010 162.181244 238.025208 
170 81.459068 153.221283 242.396362 
171 81.796219 144.782532 252.285553 
172 82.253548 137.143875 267.080505 
173 79.899399 128.571350 205.270554 
174 80.200737 115.581627 211.518311 
175 80.893417 103.912582 227.455490 
176 81.762001 94.151360 251.244888 
177 81.762001 85.848785 251.244888 
178 80.893417 76.087563 227.455490 
179 80.200737 64.418526 211.518311 
180 79.899399 51.428791 205.270554 
181 82.253548 317.143738 267.080505 
182 81.796219 324.782379 252.285553 
183 81.459068 333.221130 242.396362 
184 81.301010 342.181091 238.025208 
185 81.354065 351.253815 239.474426 
186 81.607140 0.000000 246.641434 
187 81.354065 8.746186 239.474426 
188 81.301010 17.818901 238.025208 
189 81.459068 26.778862 242.396362 
190 81.796219 35.217625 252.285553 
191 82.253548 42.856274 267.080505 
192 79.899399 231.428650 205.270554 
193 80.200737 244.418396 211.518311 
194 80.893417 256.087433 227.455490 
195 81.762001 265.848633 251.244888 
196 81.762001 274.151215 251.244888 
197 80.893417 283.912445 227.455490 
198 80.200737 295.581482 211.518311 
199 79.899399 308.571228 205.270554 
200 74.780296 222.856125 274.262634 
201 73.915588 215.217468 259.876892 
202 73.281616 206.778702 250.287827 
203 72.985466 197.818756 246.056900 
204 73.084793 188.746017 247.459076 
205 73.559685 180.000000 254.401260 
206 73.084793 171.253983 247.459076 
207 72.985466 162.181244 246.056900 
208 73.281616 153.221298 250.287827 
209 73.915588 144.782532 259.876892 
210 74.780296 137.143875 274.262634 
211 70.390175 128.571350 214.532059 
212 70.943298 115.581627 220.517563 
213 72.224922 103.912582 235.847397 
214 73.851112 94.151360 258.866760 
215 73.851112 85.848785 258.866760 
216 72.224922 76.087563 235.847397 
217 70.943298 64.418526 220.517563 
218 70.390175 51.428791 214.532059 
219 74.780296 317.143738 274.262634 
220 73.915588 324.782379 259.876892 
221 73.281616 333.221130 250.287827 
222 72.985466 342.181091 246.056900 
223 73.084793 351.253845 247.459076 
224 73.559685 0.000000 254.401260 
225 73.084793 8.746163 247.459076 
226 72.985466 17.818909 246.056900 
227 73.281616 26.778860 250.287827 
228 73.915588 35.217625 259.876892 
229 74.780296 42.856270 274.262634 
230 70.390175 231.428650 214.532059 
231 70.943298 244.418396 220.517563 
232 72.224922 256.087433 235.847397 
233 73.851112 265.848633 258.866760 
234 73.851112 274.151215 258.866760 
235 72.224922 283.912445 235.847397 
236 70.943298 295.581482 220.517563 
237 70.390175 308.571228 214.532059 
238 67.799850 222.856140 285.832123 
239 66.610970 215.217468 272.058807 
240 65.746208 206.778702 262.914429 
241 65.344276 197.818741 258.889923 
242 65.478935 188.746048 260.222992 
243 66.124779 180.000000 266.833282 
244 65.478935 171.253952 260.222992 
245 65.344276 162.181259 258.889923 
246 65.746208 153.221298 262.914429 
247 66.610970 144.782532 272.058807 
248 67.799850 137.143860 285.832123 
249 61.879211 128.571365 229.137512 
250 62.608940 115.581627 234.750931 
251 64.318108 103.912582 249.206741 
252 66.522758 94.151360 271.094086 
253 66.522758 85.848785 271.094086 
254 64.318108 76.087570 249.206741 
255 62.608940 64.418526 234.750931 
256 61.879211 51.428787 229.137512 
257 67.799850 317.143707 285.832123 
258 66.610970 324.782379 272.058807 
259 65.746208 333.221130 262.914429 
260 65.344276 342.181091 258.889923 
261 65.478935 351.253815 260.222992 
262 66.124779 0.000000 266.833282 
263 65.478935 8.746195 260.222992 
264 65.344276 17.818888 258.889923 
265 65.746208 26.778860 262.914429 
266 66.610970 35.217621 272.058807 
267 67.799850 42.856281 285.832123 
268 61.879211 231.428650 229.137512 
269 62.608940 244.418396 234.750931 
270 64.318108 256.087433 249.206741 
271 66.522758 265.848633 271.094086 
272 66.522758 274.151215 271.094086 
273 64.318108 283.912445 249.206741 
274 62.608940 295.581482 234.750931 
275 61.879211 308.571228 229.137512 
276 61.448162 222.856125 301.283905 
277 60.028725 215.217468 288.249878 
278 59.005527 206.778717 279.635468 
279 58.532654 197.818756 275.855042 
280 58.690880 188.746017 277.106476 
281 59.452477 180.000000 283.323120 
282 58.690880 171.253983 277.106476 
283 58.532654 162.181244 275.855042 
284 59.005527 153.221283 279.635468 
285 60.028725 144.782532 288.249878 
286 61.448162 137.143875 301.283905 
287 54.528008 128.571350 248.145126 
288 55.360535 115.581627 253.337708 
289 57.333168 103.912582 266.788300 
290 59.923985 94.151360 287.339508 
291 59.923985 85.848785 287.339508 
292 57.333168 76.087563 266.788300 
293 55.360535 64.418526 253.337708 
294 54.528008 51.428791 248.145126 
295 61.448162 317.143738 301.283905 
296 60.028725 324.782379 288.249878 
297 59.005527 333.221130 279.635468 
298 58.532654 342.181091 275.855042 
299 58.690880 351.253845 277.106476 
300 59.452477 0.000000 283.323120 
301 58.690880 8.746163 277.106476 
302 58.532654 17.818911 275.855042 
303 59.005527 26.778860 279.635468 
304 60.028725 35.217621 288.249878 
305 61.448162 42.856277 301.283905 
306 54.528008 231.428650 248.145126 
307 55.360535 244.418396 253.337708 
308 57.333168 256.087433 266.788300 
309 59.923985 265.848633 287.339508 
310 59.923985 274.151215 287.339508 
311 57.333168 283.912445 266.788300 
312 55.360535 295.581482 253.337708 
313 54.528008 308.571228 248.145126 
314 55.778030 222.856125 320.056244 
315 54.213943 215.217468 307.818115 
316 53.096680 206.778717 299.766571 
317 52.583225 197.818741 296.243134 
318 52.754826 188.746017 297.408813 
319 53.583668 180.000000 303.209503 
320 52.754826 171.253983 297.408813 
321 52.583225 162.181259 296.243134 
322 53.096680 153.221283 299.766571 
323 54.213943 144.782532 307.818115 
324 55.778030 137.143875 320.056244 
325 48.308704 128.571350 270.628906 
326 49.186478 115.581627 275.397888 
327 51.289062 103.912582 287.819397 
328 54.099182 94.151360 306.965790 
329 54.099182 85.848785 306.965790 
330 51.289062 76.087570 287.819397 
331 49.186478 64.418526 275.397888 
332 48.308704 51.428791 270.628906 
333 55.778030 317.143738 320.056244 
334 54.213943 324.782379 307.818115 
335 53.096680 333.221130 299.766571 
336 52.583225 342.181091 296.243134 
337 52.754826 351.253845 297.408813 
338 53.583668 0.000000 303.209503 
339 52.754826 8.746173 297.408813 
340 52.583225 17.818901 296.243134 
341 53.096680 26.778860 299.766571 
342 54.213943 35.217617 307.818115 
343 55.778030 42.856277 320.056244 
344 48.308704 231.428650 270.628906 
345 49.186478 244.418396 275.397888 
346 51.289062 256.087433 287.819397 
347 54.099182 265.848633 306.965790 
348 54.099182 274.151215 306.965790 
349 51.289062 283.912445 287.819397 
350 49.186478 295.581482 275.397888 
351 48.308704 308.571228 270.628906 
352 50.778946 222.856125 341.602112 
353 49.139423 215.217468 330.163605 
354 47.978157 206.778702 322.670105 
355 47.447254 197.818756 319.399445 
356 47.624493 188.746033 320.480896 
357 48.483311 180.000000 325.871155 
358 47.624493 171.253967 320.480896 
359 47.447254 162.181244 319.399445 
360 47.978157 153.221298 322.670105 
361 49.139423 144.782532 330.163605 
362 50.778946 137.143875 341.602112 
363 43.094360 128.571350 295.797241 
364 43.978542 115.581627 300.166626 
365 46.116776 103.912582 311.602295 
366 49.019760 94.151360 329.369080 
367 49.019760 85.848785 329.369080 
368 46.116776 76.087563 311.602295 
369 43.978542 64.418526 300.166626 
370 43.094360 51.428791 295.797241 
371 50.778946 317.143738 341.602112 
372 49.139423 324.782379 330.163605 
373 47.978157 333.221130 322.670105 
374 47.447254 342.181091 319.399445 
375 47.624493 351.253815 320.480896 
376 48.483311 0.000000 325.871155 
377 47.624493 8.746182 320.480896 
378 47.447254 17.818911 319.399445 
379 47.978157 26.778860 322.670105 
380 49.139423 35.217625 330.163605 
381 50.778946 42.856274 341.602112 
382 43.094360 231.428650 295.797241 
383 43.978542 244.418396 300.166626 
384 46.116776 256.087433 311.602295 
385 49.019760 265.848633 329.369080 
386 49.019760 274.151215 329.369080 
387 46.116776 283.912445 311.602295 
388 43.978542 295.581482 300.166626 
389 43.094360 308.571228 295.797241 
390 44.971138 225.643631 356.202209 
391 43.028450 217.746689 344.725983 
392 41.606339 208.855545 337.022278 
393 40.891045 199.265106 333.352661 
394 40.989571 189.462189 333.850281 
395 41.886593 180.000000 338.496674 
396 40.989571 170.537811 333.850281 
397 40.891045 160.734894 333.352661 
398 41.606339 151.144455 337.022278 
399 43.028450 142.253311 344.725983 
400 44.971138 134.356369 356.202209 
401 37.215317 124.354446 316.436401 
402 37.305477 112.023155 316.815399 
403 38.610748 100.304932 322.496521 
404 39.536186 90.000076 326.753723 
405 38.610748 79.695221 322.496521 
406 37.305477 67.977005 316.815399 
407 37.215317 55.645702 316.436401 
408 44.971138 314.356232 356.202209 
409 43.028450 322.253174 344.725983 
410 41.606339 331.144287 337.022278 
411 40.891045 340.734741 333.352661 
412 40.989571 350.537659 333.850281 
413 41.886593 0.000000 338.496674 
414 40.989571 9.462344 333.850281 
415 40.891045 19.265261 333.352661 
416 41.606339 28.855696 337.022278 
417 43.028450 37.746838 344.725983 
418 44.971138 45.643787 356.202209 
419 37.215317 235.645554 316.436401 
420 37.305477 247.976837 316.815399 
421 38.610748 259.695068 322.496521 
422 39.536186 269.999939 326.753723 
423 38.610748 280.304779 322.496521 
424 37.305477 292.022980 316.815399 
425 37.215317 304.354309 316.436401 
426 41.157322 225.643631 382.517975 
427 39.240688 217.746689 371.854797 
428 37.848431 208.855530 364.724548 
429 37.151550 199.265121 361.336395 
430 37.247410 189.462234 361.795532 
431 38.122101 180.000000 366.087433 
432 37.247410 170.537766 361.795532 
433 37.151550 160.734879 361.336395 
434 37.848431 151.144470 364.724548 
435 39.240688 142.253311 371.854797 
436 41.157322 134.356369 382.517975 
437 33.605232 124.354439 345.791840 
438 33.691536 112.023148 346.138702 
439 34.944775 100.304932 351.345978 
440 35.837681 90.000076 355.257629 
441 34.944775 79.695221 351.345978 
442 33.691536 67.977013 346.138702 
443 33.605232 55.645714 345.791840 
444 41.157322 314.356232 382.517975 
445 39.240688 322.253174 371.854797 
446 37.848431 331.144318 364.724548 
447 37.151550 340.734741 361.336395 
448 37.247410 350.537628 361.795532 
449 38.122101 0.000000 366.087433 
450 37.247410 9.462377 361.795532 
451 37.151550 19.265266 361.336395 
452 37.848431 28.855688 364.724548 
453 39.240688 37.746834 371.854797 
454 41.157322 45.643784 382.517975 
455 33.605232 235.645584 345.791840 
456 33.691536 247.976868 346.138702 
457 34.944775 259.695068 351.345978 
458 35.837681 269.999939 355.257629 
459 34.944775 280.304779 351.345978 
460 33.691536 292.022980 346.138702 
461 33.605232 304.354279 345.791840 
462 30.221167 229.727875 374.961334 
463 26.697273 221.516602 362.662384 
464 23.616272 210.547455 353.615631 
465 21.434713 196.440186 348.074707 
466 20.633537 180.000000 346.208038 
467 21.434713 163.559814 348.074707 
468 23.616272 149.452545 353.615631 
469 26.697273 138.483398 362.662384 
470 30.221167 130.272125 374.961334 
471 20.994820 115.740807 347.038910 
472 19.295921 99.130257 343.284149 
473 19.295921 80.869888 343.284149 
474 20.994820 64.259338 347.038910 
475 30.221167 310.271973 374.961334 
476 26.697273 318.483246 362.662384 
477 23.616272 329.452393 353.615631 
478 21.434713 343.559662 348.074707 
479 20.633537 0.000000 346.208038 
480 21.434713 16.440338 348.074707 
481 23.616272 30.547606 353.615631 
482 26.697273 41.516754 362.662384 
483 30.221167 49.728027 374.961334 
484 20.994820 244.259186 347.038910 
485 19.295921 260.869720 343.284149 
486 19.295921 279.130127 343.284149 
487 20.994820 295.740662 347.038910 
488 27.666124 229.727890 406.472626 
489 24.351473 221.516602 395.155670 
490 21.479868 210.547440 386.869476 
491 19.460114 196.440201 381.811462 
492 18.720961 180.000000 380.110504 
493 19.460114 163.559799 381.811462 
494 21.479868 149.452560 386.869476 
495 24.351473 138.483398 395.155670 
496 27.666124 130.272110 406.472626 
497 19.054111 115.740807 380.867432 
498 17.489832 99.130257 377.449341 
499 17.489832 80.869888 377.449341 
500 19.054111 64.259346 380.867432 
501 27.666124 310.271973 406.472626 
502 24.351473 318.483246 395.155670 
503 21.479868 329.452393 386.869476 
504 19.460114 343.559662 381.811462 
505 18.720961 0.000000 380.110504 
506 19.460114 16.440355 381.811462 
507 21.479868 30.547586 386.869476 
508 24.351473 41.516766 395.155670 
509 27.666124 49.728031 406.472626 
510 19.054111 244.259186 380.867432 
511 17.489832 260.869720 377.449341 
512 17.489832 279.130127 377.449341 
513 19.054111 295.740662 380.867432 
