BeamEnergy_GammaEnergy_FittedEnergy_sigma_Resolution_sigma_Counts_sigma 
100 250 0 249.934311 0.091835 16.482134 0.118708 518554.613646 4531.880711 
100 500 0 499.959381 0.122422 25.180154 0.129342 365665.775701 2599.034812 
100 750 0 749.722351 0.161766 32.329977 0.154687 276009.778127 2027.417484 
100 1000 0 999.914001 0.207459 39.180237 0.189398 227650.718625 1771.439910 
100 1250 0 1249.576172 0.256967 45.480665 0.227421 193162.728466 1599.356462 
100 1500 0 1499.015869 0.312058 50.800011 0.275300 164983.496476 1482.421146 
100 1750 0 1749.056885 0.369887 56.057213 0.320884 144991.588985 1383.347747 
100 2000 0 1998.843994 0.436809 61.596724 0.380230 128783.613462 1315.928118 
100 2250 0 2249.369141 0.503076 65.595734 0.424475 114049.536387 1227.238056 
100 2500 0 2498.219238 0.573520 69.443798 0.481530 101993.447463 1170.552790 
100 2750 0 2748.424561 0.647532 74.217807 0.539599 93904.724108 1127.827628 
100 3000 0 2999.282227 0.749222 79.558248 0.636534 84142.768818 1093.741357 
150 250 0 249.801224 0.099294 17.037766 0.133920 514417.880994 4877.845722 
150 500 0 500.033325 0.135690 26.771957 0.150842 365663.233471 2742.366702 
150 750 0 749.639343 0.176948 34.490134 0.177810 275421.072739 2096.261061 
150 1000 0 999.395691 0.227365 41.873714 0.212827 225494.030966 1794.143094 
150 1250 0 1249.864990 0.284242 48.823154 0.255182 190967.376417 1613.380369 
150 1500 0 1498.760864 0.353645 56.300973 0.314778 164397.069475 1491.874368 
150 1750 0 1749.700195 0.418547 61.654538 0.370925 143039.899895 1400.081042 
150 2000 0 1998.066772 0.502679 68.744593 0.449327 127929.033828 1343.076943 
150 2250 0 2247.130615 0.583592 73.521983 0.498275 112741.748702 1243.730661 
150 2500 0 2498.151367 0.687128 80.165705 0.598807 100828.674264 1205.683956 
150 2750 0 2744.718750 0.790916 84.999866 0.690686 90003.683642 1159.483092 
150 3000 0 2994.667236 0.884083 89.594188 0.778170 82101.104524 1124.261031 
200 250 0 249.264221 0.110634 17.650184 0.155454 509668.809304 5412.165586 
200 500 0 499.385468 0.152845 28.490953 0.179999 367610.230780 2970.588685 
200 750 0 749.193665 0.201207 37.064807 0.209909 275275.681810 2191.286153 
200 1000 0 998.796692 0.258133 45.856342 0.257789 226333.976713 1886.404117 
200 1250 0 1248.900513 0.325144 53.253580 0.311109 188217.147336 1680.260374 
200 1500 0 1498.820190 0.398089 61.480261 0.374791 163133.915462 1546.679681 
200 1750 0 1747.700317 0.478418 67.816519 0.445404 141909.435943 1451.160364 
200 2000 0 1997.833984 0.582186 75.837328 0.538459 124308.464458 1370.678065 
200 2250 0 2247.067627 0.675386 81.031721 0.617899 109752.731328 1300.593281 
200 2500 0 2495.115967 0.803597 88.847495 0.747587 98188.328190 1263.252976 
200 2750 0 2743.313721 0.923132 95.827553 0.864828 89601.546370 1228.780669 
200 3000 0 2990.766602 1.072973 103.565564 0.997433 81516.194685 1185.307920 
250 250 0 248.734406 0.125623 18.534294 0.186032 514690.676374 6284.577069 
250 500 0 498.416595 0.175438 29.984519 0.217396 364933.175540 3278.562700 
250 750 0 748.913147 0.222176 39.296835 0.246306 276009.122036 2318.514415 
250 1000 0 998.148132 0.297726 49.381312 0.312009 222869.550666 1971.839541 
250 1250 0 1247.111328 0.370923 57.540443 0.374210 185223.464041 1746.080400 
250 1500 0 1497.018921 0.455624 66.290166 0.454453 160874.922306 1621.736537 
250 1750 0 1746.648193 0.543317 73.653168 0.528209 139979.782167 1501.934677 
250 2000 0 1996.603271 0.650880 80.208559 0.624229 120295.263827 1405.949224 
250 2250 0 2244.762207 0.786544 90.695539 0.744537 109594.099022 1348.474524 
250 2500 0 2491.108154 0.907687 98.101306 0.874295 99128.181351 1310.204306 
250 2750 0 2737.875732 1.052912 106.084434 1.001972 89281.670240 1252.391460 
250 3000 0 2985.179443 1.230685 113.706949 1.170409 81458.168379 1231.077005 
