BeamEnergy_GammaEnergy_FittedEnergy_sigma_Resolution_sigma_Counts_sigma 
100 250 0 250.239243 0.120674 16.340532 0.155248 259841.748429 3001.508070 
100 500 0 499.754181 0.138055 25.180904 0.145474 294838.299668 2349.792774 
100 750 0 749.680481 0.175365 32.297999 0.167553 241852.705545 1912.479216 
100 1000 0 1000.039490 0.220514 38.555310 0.200933 201064.146871 1676.945474 
100 1250 0 1249.584106 0.270797 44.322774 0.239004 172729.930528 1525.743108 
100 1500 0 1499.505737 0.330646 50.354000 0.288250 151189.871616 1423.547661 
100 1750 0 1748.978394 0.395803 56.160693 0.345536 133417.890449 1348.250054 
100 2000 0 1999.215454 0.459783 61.218689 0.391991 119601.097266 1264.793805 
100 2250 0 2248.074463 0.529839 65.069012 0.454482 104712.995992 1200.390380 
100 2500 0 2498.411621 0.612199 70.413156 0.510169 95440.187524 1139.191836 
100 2750 0 2748.554443 0.707558 74.222696 0.599362 83304.617220 1091.917304 
100 3000 0 2997.211914 0.788364 79.471926 0.669411 78428.755027 1061.237985 
150 250 0 249.970444 0.128365 16.667441 0.167619 258577.055893 3151.559337 
150 500 0 499.724854 0.150082 26.566254 0.164234 294103.352122 2443.108611 
150 750 0 749.616638 0.197348 34.849889 0.196223 239613.476438 1972.240259 
150 1000 0 999.413025 0.246276 41.994290 0.232164 201026.681258 1718.903770 
150 1250 0 1249.820068 0.307785 48.832128 0.280514 171638.605469 1561.735290 
150 1500 0 1498.396240 0.373794 55.882216 0.337726 149995.117932 1450.485748 
150 1750 0 1748.067139 0.452014 62.477526 0.397253 131357.757659 1348.227206 
150 2000 0 1998.187866 0.539741 68.999169 0.482682 116246.790049 1296.507984 
150 2250 0 2247.626465 0.621655 73.900020 0.550910 104996.612200 1244.480743 
150 2500 0 2497.084961 0.724990 79.112120 0.622963 92866.383968 1165.185650 
150 2750 0 2745.873535 0.826930 84.387143 0.729420 82984.282765 1129.904732 
150 3000 0 2995.271484 0.958034 90.347594 0.840727 75645.177003 1096.631045 
200 250 0 249.177185 0.147107 17.638670 0.205876 262780.154866 3685.009641 
200 500 0 499.392975 0.171423 28.315670 0.201527 291298.017159 2653.123248 
200 750 0 749.318054 0.216721 36.795412 0.227779 238405.070353 2064.908724 
200 1000 0 998.962341 0.279131 45.402930 0.277868 199401.412635 1791.777295 
200 1250 0 1248.663818 0.342590 53.184088 0.325614 172283.582666 1612.324999 
200 1500 0 1499.124878 0.424896 60.561798 0.403414 147764.060665 1506.321966 
200 1750 0 1747.567017 0.519380 69.028132 0.485958 129647.225550 1407.307294 
200 2000 0 1996.307007 0.614374 75.648050 0.558520 115085.042322 1318.684859 
200 2250 0 2246.684570 0.719835 82.449028 0.655896 103071.373532 1268.632714 
200 2500 0 2493.453613 0.834306 86.199603 0.755037 88959.923712 1198.437636 
200 2750 0 2741.325684 0.993963 97.005620 0.905912 84182.876017 1191.163912 
200 3000 0 2990.828125 1.114009 101.725890 1.023791 74956.148443 1140.948669 
250 250 0 248.691772 0.155905 17.673336 0.222815 250292.718527 3794.465255 
250 500 0 498.633301 0.196870 29.899840 0.244954 289472.569564 2940.140310 
250 750 0 748.446045 0.245398 39.900313 0.271796 241381.632209 2196.404825 
250 1000 0 998.039856 0.315224 48.384215 0.330674 197679.091399 1889.253663 
250 1250 0 1247.559692 0.399025 57.661380 0.405510 168410.558544 1700.035846 
250 1500 0 1497.482300 0.484228 66.535199 0.489198 146381.647692 1571.558918 
250 1750 0 1747.954468 0.577178 73.287658 0.555809 127702.431340 1447.497024 
250 2000 0 1996.126465 0.700904 81.654953 0.673708 111084.123350 1367.051648 
250 2250 0 2243.737305 0.837194 89.941315 0.815845 99823.991012 1332.725736 
250 2500 0 2490.900635 0.972648 97.442549 0.933717 90271.956217 1273.516037 
250 2750 0 2736.458008 1.106605 104.757160 1.068106 83090.781053 1241.481805 
250 3000 0 2983.802979 1.298392 114.363500 1.200100 77248.094310 1190.789148 
