BeamEnergy_GammaEnergy_FittedEnergy_sigma_Resolution_sigma_Counts_sigma 
100 250 0 249.168549 0.103975 14.863998 0.118185 245887.875119 2508.358592 
100 500 0 498.731201 0.115472 22.467427 0.110114 287405.409075 2106.150719 
100 750 0 748.597656 0.153038 29.003230 0.131287 235596.164625 1749.057809 
100 1000 0 998.442749 0.193582 34.543789 0.163804 198852.577107 1584.546777 
100 1250 0 1248.619507 0.243188 39.998623 0.197474 170575.504161 1442.214332 
100 1500 0 1497.706177 0.292445 44.640343 0.240676 148064.209975 1359.302032 
100 1750 0 1746.968140 0.347705 50.020881 0.287181 132207.993701 1290.588312 
100 2000 0 1996.385010 0.410741 54.613734 0.336562 116506.808115 1216.510589 
100 2250 0 2244.674316 0.479355 58.551061 0.382517 102549.085391 1137.523039 
100 2500 0 2493.066650 0.545085 62.848782 0.435395 93831.954382 1095.424629 
100 2750 0 2741.279053 0.628798 67.501731 0.517946 83861.823081 1065.522241 
100 3000 0 2990.867676 0.711686 72.126777 0.574966 77975.301928 1027.242640 
150 250 0 249.119659 0.108098 14.934011 0.127557 240907.833980 2595.373723 
150 500 0 498.336975 0.126253 23.854091 0.126781 286888.762799 2193.933172 
150 750 0 748.161865 0.164647 30.717964 0.146787 235685.095022 1795.478434 
150 1000 0 997.633179 0.215032 37.366068 0.186634 197059.819994 1609.319969 
150 1250 0 1247.262451 0.270689 43.478851 0.231229 167963.732681 1476.948980 
150 1500 0 1496.302368 0.334096 49.612230 0.280695 146007.672039 1372.262407 
150 1750 0 1744.704590 0.401819 55.601127 0.330332 129303.532183 1283.856744 
150 2000 0 1993.285767 0.477294 61.272759 0.393305 115075.962853 1224.438343 
150 2250 0 2241.045654 0.558949 65.828249 0.458316 100886.023177 1158.368673 
150 2500 0 2490.070312 0.649328 71.444191 0.541326 91637.953166 1129.128310 
150 2750 0 2736.800781 0.734925 76.692051 0.610866 84572.737464 1091.473694 
150 3000 0 2984.427246 0.829556 80.743244 0.702549 76776.286146 1066.587866 
200 250 0 248.425644 0.114300 15.373222 0.140212 244411.137625 2761.737142 
200 500 0 498.065552 0.140650 25.175062 0.146787 281435.857720 2275.401077 
200 750 0 747.773987 0.181616 32.969397 0.171240 235554.146987 1868.480406 
200 1000 0 997.160217 0.240631 40.520595 0.217234 195322.318047 1653.483940 
200 1250 0 1246.432129 0.305453 47.150509 0.269621 162902.745930 1495.559883 
200 1500 0 1494.584351 0.377855 54.484076 0.328468 143934.859822 1399.958065 
200 1750 0 1743.164185 0.459850 60.565496 0.398944 125303.698045 1324.148519 
200 2000 0 1989.400391 0.547731 66.597838 0.457600 110941.154487 1230.540165 
200 2250 0 2236.861572 0.645811 73.649472 0.554443 100826.056162 1207.188012 
200 2500 0 2482.684570 0.773392 79.742391 0.639444 89315.297679 1137.347864 
200 2750 0 2728.802002 0.889175 86.084267 0.771685 80929.381785 1126.377878 
200 3000 0 2973.894531 1.056755 93.026339 0.904464 73097.116831 1089.540670 
250 250 0 248.002365 0.122786 15.792609 0.152781 243287.445015 2903.260043 
250 500 0 497.632111 0.157329 26.156867 0.170431 272353.433417 2374.289730 
250 750 0 747.088013 0.204459 35.230002 0.201490 231861.996698 1935.209902 
250 1000 0 995.965332 0.263302 43.294626 0.250705 193898.123399 1706.290144 
250 1250 0 1244.076172 0.336123 51.372245 0.306796 166187.327680 1545.682940 
250 1500 0 1492.045410 0.423527 58.965647 0.371209 142771.658441 1414.693495 
250 1750 0 1739.005127 0.517259 65.780247 0.451444 123981.624649 1334.974308 
250 2000 0 1986.399292 0.630878 73.121188 0.545400 109364.017908 1270.734247 
250 2250 0 2231.252197 0.744439 80.898603 0.661719 99148.923250 1242.051239 
250 2500 0 2476.677002 0.900568 88.079710 0.789483 87799.835730 1194.337193 
250 2750 0 2721.650635 1.041290 94.947083 0.909183 79377.606667 1150.598227 
250 3000 0 2964.681152 1.230978 102.339261 1.034958 73330.065122 1113.725730 
