BeamEnergy_GammaEnergy_FittedEnergy_sigma_Resolution_sigma_Counts_sigma 
100 250 0 249.249252 0.063486 14.887706 0.072385 609147.784618 3805.741683 
100 500 0 499.158417 0.092286 22.734640 0.086608 418498.744383 2446.272077 
100 750 0 749.360657 0.127592 28.910279 0.109534 308478.824500 1968.130651 
100 1000 0 998.722900 0.169508 34.842689 0.141641 247024.151161 1730.569770 
100 1250 0 1248.470703 0.214450 40.136244 0.176796 207377.033800 1583.155504 
100 1500 0 1498.052734 0.263570 45.441570 0.213660 178489.647980 1460.676301 
100 1750 0 1746.812378 0.309685 49.552203 0.257733 155835.603849 1391.586408 
100 2000 0 1996.796387 0.374451 55.251676 0.307254 136621.073989 1301.939623 
100 2250 0 2244.881836 0.438453 59.888592 0.357043 121805.161053 1235.821981 
100 2500 0 2494.054688 0.498158 63.034393 0.407153 108216.898890 1178.123264 
100 2750 0 2742.754395 0.568899 67.547440 0.465380 98510.999479 1135.051176 
100 3000 0 2991.137695 0.639908 71.043552 0.511191 89306.549607 1079.464134 
150 250 0 248.991394 0.067205 15.201338 0.078810 601151.442278 3949.268344 
150 500 0 498.650208 0.099336 23.766822 0.098123 414392.781162 2525.469043 
150 750 0 748.639954 0.138542 30.682159 0.121997 306547.781640 1994.972285 
150 1000 0 998.100098 0.184242 37.321952 0.158362 246514.697732 1757.281823 
150 1250 0 1247.982178 0.239971 43.921230 0.204100 205553.295190 1608.275588 
150 1500 0 1496.883789 0.294462 49.830039 0.246394 176981.774549 1484.519589 
150 1750 0 1744.670776 0.359842 55.847382 0.302348 152829.145707 1392.180623 
150 2000 0 1993.547485 0.427680 61.321142 0.354511 135536.056912 1315.269759 
150 2250 0 2241.995361 0.509643 66.732986 0.424851 118831.833454 1252.328768 
150 2500 0 2490.912109 0.578703 69.581424 0.463729 104581.132628 1163.739274 
150 2750 0 2737.271973 0.689000 77.099403 0.560832 96229.857624 1145.534085 
150 3000 0 2982.651611 0.791024 81.780822 0.632846 85820.966272 1086.072045 
200 250 0 248.769363 0.073617 15.730130 0.088293 597095.566463 4175.196764 
200 500 0 498.311768 0.109527 24.904915 0.111585 407179.221171 2598.302723 
200 750 0 748.211975 0.152318 32.939289 0.139638 306117.826620 2045.430827 
200 1000 0 997.550293 0.205624 40.687117 0.182008 245222.579619 1788.867927 
200 1250 0 1246.175171 0.266997 47.890795 0.231572 202058.526823 1611.640590 
200 1500 0 1494.610229 0.332547 54.598970 0.283491 173657.954678 1490.548620 
200 1750 0 1742.765381 0.406115 61.130342 0.342029 151264.820593 1397.566607 
200 2000 0 1990.811157 0.485225 66.825031 0.412356 132405.248290 1332.107598 
200 2250 0 2239.080078 0.581558 72.519933 0.484952 115082.606973 1250.796599 
200 2500 0 2484.682129 0.686552 78.884697 0.577405 103565.356132 1214.421198 
200 2750 0 2729.549316 0.805569 85.973695 0.675246 94149.846205 1172.675443 
200 3000 0 2974.693604 0.921727 93.030214 0.777655 87732.528307 1149.361161 
250 250 0 248.334213 0.079259 16.074069 0.097413 585651.020103 4388.081520 
250 500 0 497.870422 0.119576 26.006654 0.128171 403231.821806 2721.001239 
250 750 0 747.506409 0.167630 35.128593 0.160334 305293.853503 2107.718970 
250 1000 0 996.564087 0.228118 43.754189 0.211059 244467.672110 1842.318861 
250 1250 0 1244.692383 0.290299 50.857682 0.262755 201757.440167 1660.738548 
250 1500 0 1492.829102 0.371142 58.743153 0.332934 171045.605246 1539.875206 
250 1750 0 1740.385986 0.453788 65.554309 0.396502 148346.682514 1431.036196 
250 2000 0 1987.938721 0.558212 72.835884 0.480770 128921.143486 1347.120339 
250 2250 0 2232.836670 0.681156 80.745143 0.593387 114490.292058 1308.513156 
250 2500 0 2477.438721 0.800465 87.653179 0.682675 103255.589036 1246.043936 
250 2750 0 2720.552979 0.927954 94.909727 0.786177 94357.626503 1207.184909 
250 3000 0 2966.531982 1.102023 104.574927 0.967913 85552.995391 1192.641291 
