BeamEnergy_GammaEnergy_FittedEnergy_sigma_Resolution_sigma_Counts_sigma 
100 250 0 249.838165 0.016300 5.458801 0.012998 637255.283145 2685.691274 
100 500 0 499.787689 0.036044 10.078390 0.026840 423726.650778 2122.810242 
100 750 0 749.701538 0.061270 14.746524 0.045077 311080.870824 1809.388968 
100 1000 0 999.535034 0.091446 19.517257 0.068995 249041.558596 1637.550225 
100 1250 0 1249.246826 0.124250 24.368241 0.094271 209770.725220 1510.358645 
100 1500 0 1498.734253 0.162687 29.127315 0.128358 180826.549380 1428.704423 
100 1750 0 1747.803589 0.200110 33.541348 0.151670 158395.632389 1317.726814 
100 2000 0 1996.988403 0.249308 38.304936 0.200398 139166.893802 1270.502498 
100 2250 0 2245.926514 0.296253 42.624894 0.226286 124485.505333 1181.139339 
100 2500 0 2494.935547 0.340930 46.082657 0.264981 111744.224672 1137.882534 
100 2750 0 2743.688477 0.402753 51.264960 0.323186 102216.642091 1109.884997 
100 3000 0 2992.043457 0.459254 54.464271 0.356204 92481.175787 1050.773205 
150 250 0 249.502167 0.019091 6.667225 0.013293 640255.021188 2504.298583 
150 500 0 499.583191 0.045204 12.396283 0.033866 417445.521314 2123.065989 
150 750 0 749.477173 0.077279 18.183441 0.059792 309122.214277 1853.821641 
150 1000 0 999.140930 0.113925 24.086464 0.088675 247855.214222 1667.823199 
150 1250 0 1248.521118 0.156972 30.000327 0.121474 207307.580856 1524.482484 
150 1500 0 1497.581665 0.203689 35.960679 0.159227 178905.561359 1426.902540 
150 1750 0 1745.947998 0.255649 41.424702 0.199370 154424.373832 1331.959522 
150 2000 0 1994.713989 0.309501 46.421863 0.241607 137086.745874 1264.570748 
150 2250 0 2243.212402 0.378846 52.059027 0.289514 120853.127747 1183.742033 
150 2500 0 2491.726074 0.442038 56.391930 0.350398 107484.137419 1146.662535 
150 2750 0 2739.139404 0.523462 62.137296 0.419997 97840.422357 1116.066136 
150 3000 0 2985.222656 0.600113 66.506527 0.478411 88029.478235 1064.134533 
200 250 0 249.436722 0.022873 7.630008 0.017147 620179.568054 2571.912943 
200 500 0 499.413300 0.053222 14.392866 0.040708 411165.974082 2129.333797 
200 750 0 749.084961 0.091001 21.202825 0.070410 306404.396189 1850.273214 
200 1000 0 998.601074 0.136122 28.330127 0.105370 245496.425362 1657.311959 
200 1250 0 1247.559448 0.187972 35.071313 0.146622 202921.705524 1519.811627 
200 1500 0 1495.937134 0.245030 41.890784 0.197961 174703.736530 1444.083145 
200 1750 0 1744.437012 0.309128 48.341182 0.247516 152558.684828 1352.867823 
200 2000 0 1992.552246 0.376169 53.859560 0.294073 133738.341180 1264.724131 
200 2250 0 2240.454346 0.453687 59.776896 0.361868 117441.948224 1209.435449 
200 2500 0 2486.967285 0.539573 64.927564 0.428886 104748.512918 1160.568687 
200 2750 0 2732.375244 0.644888 71.936386 0.515013 94721.452075 1123.598415 
200 3000 0 2978.068848 0.746144 79.243706 0.613791 88337.866398 1110.445834 
250 250 0 249.292908 0.026460 8.521779 0.020936 604516.302577 2628.411656 
250 500 0 498.996765 0.060803 16.186967 0.049123 406203.727751 2179.716521 
250 750 0 748.687317 0.103434 23.860685 0.082705 303740.024117 1874.730916 
250 1000 0 997.838135 0.155882 31.661034 0.127102 243014.003288 1700.757645 
250 1250 0 1246.320557 0.213153 39.185844 0.176999 201646.276109 1572.729266 
250 1500 0 1494.653931 0.281252 46.605687 0.232902 171630.202071 1461.084720 
250 1750 0 1742.639648 0.353732 53.316928 0.294511 148833.974686 1380.452131 
250 2000 0 1989.593994 0.442028 60.047047 0.364005 129025.583192 1299.383277 
250 2250 0 2235.659424 0.542886 67.418062 0.449666 114972.189877 1252.087145 
250 2500 0 2481.438721 0.643423 74.272458 0.525417 103608.115142 1192.446633 
250 2750 0 2724.937256 0.766735 81.075689 0.617621 94038.697130 1153.254786 
250 3000 0 2969.919922 0.907084 87.842364 0.728806 84650.947954 1113.196106 
