BeamEnergy_GammaEnergy_FittedEnergy_sigma_Resolution_sigma_Counts_sigma 
100 250 0 249.861435 0.083193 16.384287 0.106907 572573.294620 4542.938177 
100 500 0 500.102539 0.115537 25.302634 0.121503 398513.270303 2666.961859 
100 750 0 750.149902 0.151815 32.472441 0.143948 302583.285408 2089.331330 
100 1000 0 999.470215 0.196457 39.023642 0.177618 244483.266977 1813.075524 
100 1250 0 1249.548828 0.246932 45.136802 0.217960 203282.286545 1632.816562 
100 1500 0 1499.590820 0.300857 51.101967 0.262460 175541.192162 1511.446677 
100 1750 0 1749.780151 0.357502 56.161850 0.301436 154627.121990 1402.488483 
100 2000 0 1999.198853 0.418230 60.721958 0.349518 136012.710962 1318.575718 
100 2250 0 2249.184082 0.491210 65.878641 0.412486 119967.079752 1253.306347 
100 2500 0 2497.466064 0.557522 69.682050 0.459381 108093.715580 1188.193479 
100 2750 0 2748.324951 0.651822 74.986632 0.537002 96174.022962 1137.586743 
100 3000 0 2997.961426 0.729295 78.636784 0.606176 86802.831125 1098.123888 
150 250 0 249.638351 0.087884 16.721905 0.117622 565735.608123 4796.141290 
150 500 0 499.515228 0.125810 26.309695 0.138832 393030.054272 2786.363567 
150 750 0 749.737305 0.168429 34.582819 0.167038 298350.416489 2146.020253 
150 1000 0 999.853210 0.220433 42.058226 0.206095 240465.702266 1846.705411 
150 1250 0 1249.545288 0.275948 49.184672 0.253228 202747.350994 1676.429049 
150 1500 0 1498.723877 0.337623 55.796487 0.303087 173710.598741 1535.111000 
150 1750 0 1748.772827 0.403279 61.611797 0.354623 151453.318002 1428.869826 
150 2000 0 1999.117432 0.484641 67.869251 0.426558 133021.686530 1355.014166 
150 2250 0 2248.483643 0.577410 73.228240 0.490987 115253.400751 1261.248510 
150 2500 0 2497.554932 0.659992 78.778068 0.566203 104140.437889 1210.078207 
150 2750 0 2745.973389 0.757285 84.169482 0.671673 94277.615001 1193.465801 
150 3000 0 2996.436768 0.858275 89.564602 0.749536 86807.633296 1148.866853 
200 250 0 249.148712 0.099771 17.572657 0.139715 568036.778687 5429.449699 
200 500 0 499.276764 0.140577 27.954207 0.163340 393864.532246 2974.905808 
200 750 0 749.240662 0.190739 37.131709 0.197704 297831.150440 2244.151119 
200 1000 0 999.208069 0.248990 45.336730 0.247094 237616.828073 1924.039176 
200 1250 0 1249.254395 0.311469 53.583128 0.305039 201028.469412 1738.323254 
200 1500 0 1498.424072 0.379401 61.120369 0.352339 173552.093206 1572.994050 
200 1750 0 1748.528076 0.465158 68.218747 0.429723 148056.013116 1467.863999 
200 2000 0 1997.124146 0.563492 74.606151 0.526725 128131.311693 1400.997421 
200 2250 0 2245.306641 0.659907 81.283871 0.603392 114935.827097 1326.278362 
200 2500 0 2493.968262 0.765369 87.081332 0.703222 101720.210493 1269.067648 
200 2750 0 2742.732422 0.890656 93.373757 0.809240 91203.654424 1215.908327 
200 3000 0 2990.054199 1.035428 102.879812 0.971878 85043.244622 1212.251038 
250 250 0 248.839294 0.109926 18.016868 0.156366 557045.361348 5843.506930 
250 500 0 498.301147 0.164517 30.090350 0.203570 400255.785238 3348.805607 
250 750 0 748.096680 0.211267 39.208128 0.232365 295988.488501 2367.693834 
250 1000 0 997.932007 0.278652 48.835822 0.290899 240161.558949 2019.987311 
250 1250 0 1247.229370 0.353153 57.576403 0.354465 198672.000035 1788.925002 
250 1500 0 1496.492188 0.433922 65.962157 0.427571 170822.839037 1644.377881 
250 1750 0 1745.938110 0.529802 73.690281 0.514350 145874.132330 1527.445015 
250 2000 0 1995.682129 0.631855 81.105701 0.606552 128054.812462 1441.923089 
250 2250 0 2243.534424 0.745810 88.946201 0.713941 113835.401807 1372.857359 
250 2500 0 2492.131592 0.883772 96.574701 0.817374 102040.004072 1305.468081 
250 2750 0 2739.725586 1.035010 105.996614 0.969694 93730.184213 1275.852924 
250 3000 0 2985.238281 1.179938 113.277223 1.060553 86154.602017 1225.329882 
