 1   1    7   5.25   0.00  24.11  24.68  12.29   0.00   1.50   1.50   4.00   4.00  8.00
  2   1    7   2.63   4.55  24.11  24.68  12.29  60.00   1.50   1.50   4.00   4.00  8.00
  3   1    7  -2.63   4.55  24.11  24.68  12.29 120.00   1.50   1.50   4.00   4.00  8.00
  4   1    7  -5.25   0.00  24.11  24.68  12.29 180.00   1.50   1.50   4.00   4.00  8.00
  5   1    7  -2.63  -4.55  24.11  24.68  12.29 240.00   1.50   1.50   4.00   4.00  8.00
  6   1    7   2.63  -4.55  24.11  24.68  12.29 300.00   1.50   1.50   4.00   4.00  8.00
  7   2    7   7.72   0.00  23.93  25.14  17.87   0.00   1.50   1.50   4.00   4.00  8.00
  8   2    7   5.91   4.96  23.93  25.14  17.87  40.00   1.50   1.50   4.00   4.00  8.00
  9   2    7   1.34   7.60  23.93  25.14  17.87  80.00   1.50   1.50   4.00   4.00  8.00
 10   2    7  -3.86   6.68  23.93  25.14  17.87 119.99   1.50   1.50   4.00   4.00  8.00
 11   2    7  -7.25   2.64  23.93  25.14  17.87 159.99   1.50   1.50   4.00   4.00  8.00
 12   2    7  -7.25  -2.64  23.93  25.14  17.87 199.99   1.50   1.50   4.00   4.00  8.00
 13   2    7  -3.86  -6.68  23.93  25.14  17.87 239.99   1.50   1.50   4.00   4.00  8.00
 14   2    7   1.34  -7.60  23.93  25.14  17.87 279.99   1.50   1.50   4.00   4.00  8.00
 15   2    7   5.91  -4.96  23.93  25.14  17.87 319.99   1.50   1.50   4.00   4.00  8.00
 16   3    7  11.40   0.00  27.26  29.54  22.69   0.00   1.50   1.50   4.00   4.00  8.00
 17   3    7  10.27   4.94  27.26  29.54  22.69  25.71   1.50   1.50   4.00   4.00  8.00
 18   3    7   7.11   8.91  27.26  29.54  22.69  51.42   1.50   1.50   4.00   4.00  8.00
 19   3    7   2.54  11.11  27.26  29.54  22.69  77.14   1.50   1.50   4.00   4.00  8.00
 20   3    7  -2.53  11.11  27.26  29.54  22.69 102.85   1.50   1.50   4.00   4.00  8.00
 21   3    7  -7.10   8.91  27.26  29.54  22.69 128.56   1.50   1.50   4.00   4.00  8.00
 22   3    7 -10.27   4.95  27.26  29.54  22.69 154.27   1.50   1.50   4.00   4.00  8.00
 23   3    7 -11.40   0.00  27.26  29.54  22.69 179.98   1.50   1.50   4.00   4.00  8.00
 24   3    7 -10.27  -4.94  27.26  29.54  22.69 205.70   1.50   1.50   4.00   4.00  8.00
 25   3    7  -7.11  -8.91  27.26  29.54  22.69 231.41   1.50   1.50   4.00   4.00  8.00
 26   3    7  -2.54 -11.11  27.26  29.54  22.69 257.12   1.50   1.50   4.00   4.00  8.00
 27   3    7   2.53 -11.11  27.26  29.54  22.69 282.83   1.50   1.50   4.00   4.00  8.00
 28   3    7   7.10  -8.91  27.26  29.54  22.69 308.54   1.50   1.50   4.00   4.00  8.00
 29   3    7  10.27  -4.95  27.26  29.54  22.69 334.26   1.50   1.50   4.00   4.00  8.00
 30   4    7  13.64   0.00  27.07  30.31  26.75   0.00   1.50   1.50   4.00   4.00  8.00
 31   4    7  12.72   4.93  27.07  30.31  26.75  21.17   1.50   1.50   4.00   4.00  8.00
 32   4    7  10.08   9.19  27.07  30.31  26.75  42.35   1.50   1.50   4.00   4.00  8.00
 33   4    7   6.08  12.21  27.07  30.31  26.75  63.52   1.50   1.50   4.00   4.00  8.00
 34   4    7   1.26  13.58  27.07  30.31  26.75  84.69   1.50   1.50   4.00   4.00  8.00
 35   4    7  -3.73  13.12  27.07  30.31  26.75 105.87   1.50   1.50   4.00   4.00  8.00
 36   4    7  -8.22  10.89  27.07  30.31  26.75 127.04   1.50   1.50   4.00   4.00  8.00
 37   4    7 -11.59   7.18  27.07  30.31  26.75 148.21   1.50   1.50   4.00   4.00  8.00
 38   4    7 -13.41   2.51  27.07  30.31  26.75 169.39   1.50   1.50   4.00   4.00  8.00
 39   4    7 -13.41  -2.50  27.07  30.31  26.75 190.56   1.50   1.50   4.00   4.00  8.00
 40   4    7 -11.60  -7.17  27.07  30.31  26.75 211.74   1.50   1.50   4.00   4.00  8.00
 41   4    7  -8.23 -10.88  27.07  30.31  26.75 232.91   1.50   1.50   4.00   4.00  8.00
 42   4    7  -3.74 -13.12  27.07  30.31  26.75 254.08   1.50   1.50   4.00   4.00  8.00
 43   4    7   1.25 -13.58  27.07  30.31  26.75 275.26   1.50   1.50   4.00   4.00  8.00
 44   4    7   6.07 -12.21  27.07  30.31  26.75 296.43   1.50   1.50   4.00   4.00  8.00
 45   4    7  10.07  -9.20  27.07  30.31  26.75 317.60   1.50   1.50   4.00   4.00  8.00
 46   4    7  12.71  -4.94  27.07  30.31  26.75 338.78   1.50   1.50   4.00   4.00  8.00
 47   5    7  16.51   0.00  28.01  32.51  30.52   0.00   1.50   1.50   4.00   4.00  8.00
 48   5    7  15.77   4.87  28.01  32.51  30.52  17.14   1.50   1.50   4.00   4.00  8.00
 49   5    7  13.64   9.30  28.01  32.51  30.52  34.29   1.50   1.50   4.00   4.00  8.00
 50   5    7  10.29  12.91  28.01  32.51  30.52  51.43   1.50   1.50   4.00   4.00  8.00
 51   5    7   6.03  15.37  28.01  32.51  30.52  68.57   1.50   1.50   4.00   4.00  8.00
 52   5    7   1.23  16.46  28.01  32.51  30.52  85.71   1.50   1.50   4.00   4.00  8.00
 53   5    7  -3.67  16.09  28.01  32.51  30.52 102.86   1.50   1.50   4.00   4.00  8.00
 54   5    7  -8.25  14.30  28.01  32.51  30.52 120.00   1.50   1.50   4.00   4.00  8.00
 55   5    7 -12.10  11.23  28.01  32.51  30.52 137.14   1.50   1.50   4.00   4.00  8.00
 56   5    7 -14.87   7.16  28.01  32.51  30.52 154.29   1.50   1.50   4.00   4.00  8.00
 57   5    7 -16.32   2.46  28.01  32.51  30.52 171.43   1.50   1.50   4.00   4.00  8.00
 58   5    7 -16.32  -2.46  28.01  32.51  30.52 188.57   1.50   1.50   4.00   4.00  8.00
 59   5    7 -14.87  -7.16  28.01  32.51  30.52 205.71   1.50   1.50   4.00   4.00  8.00
 60   5    7 -12.10 -11.23  28.01  32.51  30.52 222.86   1.50   1.50   4.00   4.00  8.00
 61   5    7  -8.25 -14.30  28.01  32.51  30.52 240.00   1.50   1.50   4.00   4.00  8.00
 62   5    7  -3.67 -16.09  28.01  32.51  30.52 257.14   1.50   1.50   4.00   4.00  8.00
 63   5    7   1.23 -16.46  28.01  32.51  30.52 274.29   1.50   1.50   4.00   4.00  8.00
 64   5    7   6.03 -15.37  28.01  32.51  30.52 291.43   1.50   1.50   4.00   4.00  8.00
 65   5    7  10.29 -12.91  28.01  32.51  30.52 308.57   1.50   1.50   4.00   4.00  8.00
 66   5    7  13.64  -9.30  28.01  32.51  30.52 325.71   1.50   1.50   4.00   4.00  8.00
 67   5    7  15.77  -4.87  28.01  32.51  30.52 342.86   1.50   1.50   4.00   4.00  8.00
 68   6    7  18.68   0.00  27.68  33.39  34.02   0.00   1.50   1.50   4.00   4.00  8.00
 69   6    7  18.04   4.83  27.68  33.39  34.02  15.00   1.50   1.50   4.00   4.00  8.00
 70   6    7  16.18   9.34  27.68  33.39  34.02  30.00   1.50   1.50   4.00   4.00  8.00
 71   6    7  13.21  13.21  27.68  33.39  34.02  45.00   1.50   1.50   4.00   4.00  8.00
 72   6    7   9.34  16.18  27.68  33.39  34.02  60.00   1.50   1.50   4.00   4.00  8.00
 73   6    7   4.84  18.04  27.68  33.39  34.02  75.00   1.50   1.50   4.00   4.00  8.00
 74   6    7   0.00  18.68  27.68  33.39  34.02  90.00   1.50   1.50   4.00   4.00  8.00
 75   6    7  -4.83  18.04  27.68  33.39  34.02 105.00   1.50   1.50   4.00   4.00  8.00
 76   6    7  -9.34  16.18  27.68  33.39  34.02 120.00   1.50   1.50   4.00   4.00  8.00
 77   6    7 -13.21  13.21  27.68  33.39  34.02 135.00   1.50   1.50   4.00   4.00  8.00
 78   6    7 -16.18   9.34  27.68  33.39  34.02 149.99   1.50   1.50   4.00   4.00  8.00
 79   6    7 -18.04   4.84  27.68  33.39  34.02 164.99   1.50   1.50   4.00   4.00  8.00
 80   6    7 -18.68   0.00  27.68  33.39  34.02 179.99   1.50   1.50   4.00   4.00  8.00
 81   6    7 -18.04  -4.83  27.68  33.39  34.02 194.99   1.50   1.50   4.00   4.00  8.00
 82   6    7 -16.18  -9.34  27.68  33.39  34.02 209.99   1.50   1.50   4.00   4.00  8.00
 83   6    7 -13.21 -13.21  27.68  33.39  34.02 224.99   1.50   1.50   4.00   4.00  8.00
 84   6    7  -9.34 -16.18  27.68  33.39  34.02 239.99   1.50   1.50   4.00   4.00  8.00
 85   6    7  -4.84 -18.04  27.68  33.39  34.02 254.99   1.50   1.50   4.00   4.00  8.00
 86   6    7  -0.00 -18.68  27.68  33.39  34.02 269.99   1.50   1.50   4.00   4.00  8.00
 87   6    7   4.83 -18.04  27.68  33.39  34.02 284.99   1.50   1.50   4.00   4.00  8.00
 88   6    7   9.34 -16.18  27.68  33.39  34.02 299.99   1.50   1.50   4.00   4.00  8.00
 89   6    7  13.21 -13.21  27.68  33.39  34.02 314.99   1.50   1.50   4.00   4.00  8.00
 90   6    7  16.18  -9.34  27.68  33.39  34.02 329.99   1.50   1.50   4.00   4.00  8.00
 91   6    7  18.04  -4.84  27.68  33.39  34.02 344.99   1.50   1.50   4.00   4.00  8.00
 92   7    7  20.83   0.00  27.27  34.32  37.38   0.00   1.50   1.50   4.00   4.00  8.00
 93   7    7  20.27   4.80  27.27  34.32  37.38  13.33   1.50   1.50   4.00   4.00  8.00
 94   7    7  18.62   9.35  27.27  34.32  37.38  26.67   1.50   1.50   4.00   4.00  8.00
 95   7    7  15.96  13.39  27.27  34.32  37.38  40.00   1.50   1.50   4.00   4.00  8.00
 96   7    7  12.44  16.71  27.27  34.32  37.38  53.33   1.50   1.50   4.00   4.00  8.00
 97   7    7   8.25  19.13  27.27  34.32  37.38  66.67   1.50   1.50   4.00   4.00  8.00
 98   7    7   3.62  20.52  27.27  34.32  37.38  80.00   1.50   1.50   4.00   4.00  8.00
 99   7    7  -1.21  20.80  27.27  34.32  37.38  93.33   1.50   1.50   4.00   4.00  8.00
100   7    7  -5.97  19.96  27.27  34.32  37.38 106.66   1.50   1.50   4.00   4.00  8.00
101   7    7 -10.42  18.04  27.27  34.32  37.38 120.00   1.50   1.50   4.00   4.00  8.00
102   7    7 -14.30  15.15  27.27  34.32  37.38 133.33   1.50   1.50   4.00   4.00  8.00
103   7    7 -17.40  11.45  27.27  34.32  37.38 146.66   1.50   1.50   4.00   4.00  8.00
104   7    7 -19.58   7.13  27.27  34.32  37.38 160.00   1.50   1.50   4.00   4.00  8.00
105   7    7 -20.69   2.42  27.27  34.32  37.38 173.33   1.50   1.50   4.00   4.00  8.00
106   7    7 -20.69  -2.42  27.27  34.32  37.38 186.66   1.50   1.50   4.00   4.00  8.00
107   7    7 -19.58  -7.12  27.27  34.32  37.38 200.00   1.50   1.50   4.00   4.00  8.00
108   7    7 -17.41 -11.45  27.27  34.32  37.38 213.33   1.50   1.50   4.00   4.00  8.00
109   7    7 -14.30 -15.15  27.27  34.32  37.38 226.66   1.50   1.50   4.00   4.00  8.00
110   7    7 -10.42 -18.04  27.27  34.32  37.38 239.99   1.50   1.50   4.00   4.00  8.00
111   7    7  -5.98 -19.96  27.27  34.32  37.38 253.33   1.50   1.50   4.00   4.00  8.00
112   7    7  -1.21 -20.80  27.27  34.32  37.38 266.66   1.50   1.50   4.00   4.00  8.00
113   7    7   3.62 -20.52  27.27  34.32  37.38 279.99   1.50   1.50   4.00   4.00  8.00
114   7    7   8.25 -19.13  27.27  34.32  37.38 293.33   1.50   1.50   4.00   4.00  8.00
115   7    7  12.44 -16.71  27.27  34.32  37.38 306.66   1.50   1.50   4.00   4.00  8.00
116   7    7  15.96 -13.39  27.27  34.32  37.38 319.99   1.50   1.50   4.00   4.00  8.00
117   7    7  18.62  -9.35  27.27  34.32  37.38 333.33   1.50   1.50   4.00   4.00  8.00
118   7    7  20.27  -4.81  27.27  34.32  37.38 346.66   1.50   1.50   4.00   4.00  8.00
119   8    7  22.97   0.00  26.79  35.29  40.61   0.00   1.50   1.50   4.00   4.00  8.00
120   8    7  22.47   4.77  26.79  35.29  40.61  12.00   1.50   1.50   4.00   4.00  8.00
121   8    7  20.98   9.34  26.79  35.29  40.61  24.00   1.50   1.50   4.00   4.00  8.00
122   8    7  18.58  13.50  26.79  35.29  40.61  36.00   1.50   1.50   4.00   4.00  8.00
123   8    7  15.37  17.07  26.79  35.29  40.61  48.00   1.50   1.50   4.00   4.00  8.00
124   8    7  11.49  19.89  26.79  35.29  40.61  60.00   1.50   1.50   4.00   4.00  8.00
125   8    7   7.10  21.84  26.79  35.29  40.61  71.99   1.50   1.50   4.00   4.00  8.00
126   8    7   2.40  22.84  26.79  35.29  40.61  83.99   1.50   1.50   4.00   4.00  8.00
127   8    7  -2.40  22.84  26.79  35.29  40.61  95.99   1.50   1.50   4.00   4.00  8.00
128   8    7  -7.09  21.84  26.79  35.29  40.61 107.99   1.50   1.50   4.00   4.00  8.00
129   8    7 -11.48  19.89  26.79  35.29  40.61 119.99   1.50   1.50   4.00   4.00  8.00
130   8    7 -15.37  17.07  26.79  35.29  40.61 131.99   1.50   1.50   4.00   4.00  8.00
131   8    7 -18.58  13.50  26.79  35.29  40.61 143.99   1.50   1.50   4.00   4.00  8.00
132   8    7 -20.98   9.35  26.79  35.29  40.61 155.99   1.50   1.50   4.00   4.00  8.00
133   8    7 -22.46   4.78  26.79  35.29  40.61 167.99   1.50   1.50   4.00   4.00  8.00
134   8    7 -22.97   0.01  26.79  35.29  40.61 179.99   1.50   1.50   4.00   4.00  8.00
135   8    7 -22.47  -4.77  26.79  35.29  40.61 191.99   1.50   1.50   4.00   4.00  8.00
136   8    7 -20.98  -9.34  26.79  35.29  40.61 203.99   1.50   1.50   4.00   4.00  8.00
137   8    7 -18.58 -13.49  26.79  35.29  40.61 215.98   1.50   1.50   4.00   4.00  8.00
138   8    7 -15.37 -17.06  26.79  35.29  40.61 227.98   1.50   1.50   4.00   4.00  8.00
139   8    7 -11.49 -19.89  26.79  35.29  40.61 239.98   1.50   1.50   4.00   4.00  8.00
140   8    7  -7.10 -21.84  26.79  35.29  40.61 251.98   1.50   1.50   4.00   4.00  8.00
141   8    7  -2.41 -22.84  26.79  35.29  40.61 263.98   1.50   1.50   4.00   4.00  8.00
142   8    7   2.39 -22.84  26.79  35.29  40.61 275.98   1.50   1.50   4.00   4.00  8.00
143   8    7   7.09 -21.85  26.79  35.29  40.61 287.98   1.50   1.50   4.00   4.00  8.00
144   8    7  11.48 -19.90  26.79  35.29  40.61 299.98   1.50   1.50   4.00   4.00  8.00
145   8    7  15.36 -17.07  26.79  35.29  40.61 311.98   1.50   1.50   4.00   4.00  8.00
146   8    7  18.58 -13.51  26.79  35.29  40.61 323.98   1.50   1.50   4.00   4.00  8.00
147   8    7  20.98  -9.35  26.79  35.29  40.61 335.98   1.50   1.50   4.00   4.00  8.00
148   8    7  22.46  -4.79  26.79  35.29  40.61 347.97   1.50   1.50   4.00   4.00  8.00
149   9    7  24.44   0.00  25.52  35.34  43.76   0.00   1.50   1.50   4.00   4.00  8.00
150   9    7  23.97   4.76  25.52  35.34  43.76  11.24   1.50   1.50   4.00   4.00  8.00
151   9    7  22.58   9.35  25.52  35.34  43.76  22.48   1.50   1.50   4.00   4.00  8.00
152   9    7  20.33  13.57  25.52  35.34  43.76  33.72   1.50   1.50   4.00   4.00  8.00
153   9    7  17.29  17.27  25.52  35.34  43.76  44.96   1.50   1.50   4.00   4.00  8.00
154   9    7  13.59  20.31  25.52  35.34  43.76  56.21   1.50   1.50   4.00   4.00  8.00
155   9    7   9.37  22.57  25.52  35.34  43.76  67.45   1.50   1.50   4.00   4.00  8.00
156   9    7   4.79  23.97  25.52  35.34  43.76  78.69   1.50   1.50   4.00   4.00  8.00
157   9    7   0.03  24.44  25.52  35.34  43.76  89.93   1.50   1.50   4.00   4.00  8.00
158   9    7  -4.73  23.98  25.52  35.34  43.76 101.17   1.50   1.50   4.00   4.00  8.00
159   9    7  -9.32  22.60  25.52  35.34  43.76 112.41   1.50   1.50   4.00   4.00  8.00
160   9    7 -13.54  20.35  25.52  35.34  43.76 123.65   1.50   1.50   4.00   4.00  8.00
161   9    7 -17.25  17.31  25.52  35.34  43.76 134.89   1.50   1.50   4.00   4.00  8.00
162   9    7 -20.29  13.62  25.52  35.34  43.76 146.13   1.50   1.50   4.00   4.00  8.00
163   9    7 -22.56   9.40  25.52  35.34  43.76 157.38   1.50   1.50   4.00   4.00  8.00
164   9    7 -23.96   4.82  25.52  35.34  43.76 168.62   1.50   1.50   4.00   4.00  8.00
165   9    7 -24.44   0.06  25.52  35.34  43.76 179.86   1.50   1.50   4.00   4.00  8.00
166   9    7 -23.98  -4.71  25.52  35.34  43.76 191.10   1.50   1.50   4.00   4.00  8.00
167   9    7 -22.61  -9.29  25.52  35.34  43.76 202.34   1.50   1.50   4.00   4.00  8.00
168   9    7 -20.36 -13.52  25.52  35.34  43.76 213.58   1.50   1.50   4.00   4.00  8.00
169   9    7 -17.34 -17.23  25.52  35.34  43.76 224.82   1.50   1.50   4.00   4.00  8.00
170   9    7 -13.64 -20.28  25.52  35.34  43.76 236.06   1.50   1.50   4.00   4.00  8.00
171   9    7  -9.43 -22.55  25.52  35.34  43.76 247.30   1.50   1.50   4.00   4.00  8.00
172   9    7  -4.85 -23.95  25.52  35.34  43.76 258.55   1.50   1.50   4.00   4.00  8.00
173   9    7  -0.09 -24.44  25.52  35.34  43.76 269.79   1.50   1.50   4.00   4.00  8.00
174   9    7   4.68 -23.99  25.52  35.34  43.76 281.03   1.50   1.50   4.00   4.00  8.00
175   9    7   9.26 -22.62  25.52  35.34  43.76 292.27   1.50   1.50   4.00   4.00  8.00
176   9    7  13.49 -20.38  25.52  35.34  43.76 303.51   1.50   1.50   4.00   4.00  8.00
177   9    7  17.21 -17.36  25.52  35.34  43.76 314.75   1.50   1.50   4.00   4.00  8.00
178   9    7  20.26 -13.67  25.52  35.34  43.76 325.99   1.50   1.50   4.00   4.00  8.00
179   9    7  22.54  -9.46  25.52  35.34  43.76 337.23   1.50   1.50   4.00   4.00  8.00
180   9    7  23.95  -4.88  25.52  35.34  43.76 348.47   1.50   1.50   4.00   4.00  8.00
181  10    7  26.53   0.00  24.87  36.37  46.85   0.00   1.50   1.50   4.00   4.00  8.00
182  10    7  26.11   4.74  24.87  36.37  46.85  10.28   1.50   1.50   4.00   4.00  8.00
183  10    7  24.84   9.32  24.87  36.37  46.85  20.57   1.50   1.50   4.00   4.00  8.00
184  10    7  22.78  13.61  24.87  36.37  46.85  30.85   1.50   1.50   4.00   4.00  8.00
185  10    7  19.98  17.46  24.87  36.37  46.85  41.14   1.50   1.50   4.00   4.00  8.00
186  10    7  16.54  20.74  24.87  36.37  46.85  51.42   1.50   1.50   4.00   4.00  8.00
187  10    7  12.57  23.36  24.87  36.37  46.85  61.71   1.50   1.50   4.00   4.00  8.00
188  10    7   8.20  25.23  24.87  36.37  46.85  71.99   1.50   1.50   4.00   4.00  8.00
189  10    7   3.56  26.29  24.87  36.37  46.85  82.28   1.50   1.50   4.00   4.00  8.00
190  10    7  -1.19  26.51  24.87  36.37  46.85  92.56   1.50   1.50   4.00   4.00  8.00
191  10    7  -5.90  25.87  24.87  36.37  46.85 102.85   1.50   1.50   4.00   4.00  8.00
192  10    7 -10.42  24.40  24.87  36.37  46.85 113.13   1.50   1.50   4.00   4.00  8.00
193  10    7 -14.61  22.15  24.87  36.37  46.85 123.42   1.50   1.50   4.00   4.00  8.00
194  10    7 -18.33  19.18  24.87  36.37  46.85 133.70   1.50   1.50   4.00   4.00  8.00
195  10    7 -21.46  15.60  24.87  36.37  46.85 143.99   1.50   1.50   4.00   4.00  8.00
196  10    7 -23.90  11.52  24.87  36.37  46.85 154.27   1.50   1.50   4.00   4.00  8.00
197  10    7 -25.57   7.07  24.87  36.37  46.85 164.56   1.50   1.50   4.00   4.00  8.00
198  10    7 -26.42   2.39  24.87  36.37  46.85 174.84   1.50   1.50   4.00   4.00  8.00
199  10    7 -26.43  -2.37  24.87  36.37  46.85 185.13   1.50   1.50   4.00   4.00  8.00
200  10    7 -25.58  -7.05  24.87  36.37  46.85 195.41   1.50   1.50   4.00   4.00  8.00
201  10    7 -23.91 -11.50  24.87  36.37  46.85 205.70   1.50   1.50   4.00   4.00  8.00
202  10    7 -21.47 -15.59  24.87  36.37  46.85 215.98   1.50   1.50   4.00   4.00  8.00
203  10    7 -18.34 -19.17  24.87  36.37  46.85 226.26   1.50   1.50   4.00   4.00  8.00
204  10    7 -14.62 -22.14  24.87  36.37  46.85 236.55   1.50   1.50   4.00   4.00  8.00
205  10    7 -10.44 -24.39  24.87  36.37  46.85 246.83   1.50   1.50   4.00   4.00  8.00
206  10    7  -5.91 -25.86  24.87  36.37  46.85 257.12   1.50   1.50   4.00   4.00  8.00
207  10    7  -1.20 -26.50  24.87  36.37  46.85 267.40   1.50   1.50   4.00   4.00  8.00
208  10    7   3.55 -26.29  24.87  36.37  46.85 277.69   1.50   1.50   4.00   4.00  8.00
209  10    7   8.19 -25.24  24.87  36.37  46.85 287.97   1.50   1.50   4.00   4.00  8.00
210  10    7  12.56 -23.37  24.87  36.37  46.85 298.26   1.50   1.50   4.00   4.00  8.00
211  10    7  16.53 -20.75  24.87  36.37  46.85 308.54   1.50   1.50   4.00   4.00  8.00
212  10    7  19.97 -17.47  24.87  36.37  46.85 318.83   1.50   1.50   4.00   4.00  8.00
213  10    7  22.77 -13.62  24.87  36.37  46.85 329.11   1.50   1.50   4.00   4.00  8.00
214  10    7  24.83  -9.34  24.87  36.37  46.85 339.40   1.50   1.50   4.00   4.00  8.00
215  10    7  26.10  -4.75  24.87  36.37  46.85 349.68   1.50   1.50   4.00   4.00  8.00
216  11    7  27.34   0.00  23.02  35.74  49.90   0.00   1.50   1.50   4.00   4.00  8.00
217  11    7  26.93   4.74  23.02  35.74  49.90   9.98   1.50   1.50   4.00   4.00  8.00
218  11    7  25.70   9.34  23.02  35.74  49.90  19.97   1.50   1.50   4.00   4.00  8.00
219  11    7  23.69  13.65  23.02  35.74  49.90  29.95   1.50   1.50   4.00   4.00  8.00
220  11    7  20.96  17.55  23.02  35.74  49.90  39.93   1.50   1.50   4.00   4.00  8.00
221  11    7  17.60  20.92  23.02  35.74  49.90  49.92   1.50   1.50   4.00   4.00  8.00
222  11    7  13.71  23.65  23.02  35.74  49.90  59.90   1.50   1.50   4.00   4.00  8.00
223  11    7   9.40  25.67  23.02  35.74  49.90  69.89   1.50   1.50   4.00   4.00  8.00
224  11    7   4.81  26.91  23.02  35.74  49.90  79.87   1.50   1.50   4.00   4.00  8.00
225  11    7   0.07  27.34  23.02  35.74  49.90  89.85   1.50   1.50   4.00   4.00  8.00
226  11    7  -4.67  26.94  23.02  35.74  49.90  99.84   1.50   1.50   4.00   4.00  8.00
227  11    7  -9.27  25.72  23.02  35.74  49.90 109.82   1.50   1.50   4.00   4.00  8.00
228  11    7 -13.59  23.72  23.02  35.74  49.90 119.80   1.50   1.50   4.00   4.00  8.00
229  11    7 -17.50  21.01  23.02  35.74  49.90 129.79   1.50   1.50   4.00   4.00  8.00
230  11    7 -20.87  17.66  23.02  35.74  49.90 139.77   1.50   1.50   4.00   4.00  8.00
231  11    7 -23.62  13.77  23.02  35.74  49.90 149.75   1.50   1.50   4.00   4.00  8.00
232  11    7 -25.65   9.47  23.02  35.74  49.90 159.74   1.50   1.50   4.00   4.00  8.00
233  11    7 -26.90   4.88  23.02  35.74  49.90 169.72   1.50   1.50   4.00   4.00  8.00
234  11    7 -27.34   0.14  23.02  35.74  49.90 179.70   1.50   1.50   4.00   4.00  8.00
235  11    7 -26.95  -4.60  23.02  35.74  49.90 189.69   1.50   1.50   4.00   4.00  8.00
236  11    7 -25.75  -9.20  23.02  35.74  49.90 199.67   1.50   1.50   4.00   4.00  8.00
237  11    7 -23.76 -13.53  23.02  35.74  49.90 209.66   1.50   1.50   4.00   4.00  8.00
238  11    7 -21.05 -17.44  23.02  35.74  49.90 219.64   1.50   1.50   4.00   4.00  8.00
239  11    7 -17.71 -20.83  23.02  35.74  49.90 229.62   1.50   1.50   4.00   4.00  8.00
240  11    7 -13.83 -23.58  23.02  35.74  49.90 239.61   1.50   1.50   4.00   4.00  8.00
241  11    7  -9.53 -25.62  23.02  35.74  49.90 249.59   1.50   1.50   4.00   4.00  8.00
242  11    7  -4.95 -26.89  23.02  35.74  49.90 259.57   1.50   1.50   4.00   4.00  8.00
243  11    7  -0.21 -27.34  23.02  35.74  49.90 269.56   1.50   1.50   4.00   4.00  8.00
244  11    7   4.53 -26.96  23.02  35.74  49.90 279.54   1.50   1.50   4.00   4.00  8.00
245  11    7   9.14 -25.77  23.02  35.74  49.90 289.52   1.50   1.50   4.00   4.00  8.00
246  11    7  13.47 -23.79  23.02  35.74  49.90 299.51   1.50   1.50   4.00   4.00  8.00
247  11    7  17.39 -21.10  23.02  35.74  49.90 309.49   1.50   1.50   4.00   4.00  8.00
248  11    7  20.78 -17.77  23.02  35.74  49.90 319.48   1.50   1.50   4.00   4.00  8.00
249  11    7  23.55 -13.89  23.02  35.74  49.90 329.46   1.50   1.50   4.00   4.00  8.00
250  11    7  25.60  -9.60  23.02  35.74  49.90 339.44   1.50   1.50   4.00   4.00  8.00
251  11    7  26.88  -5.02  23.02  35.74  49.90 349.43   1.50   1.50   4.00   4.00  8.00
252  12    7  28.73   0.00  21.68  35.99  52.96   0.00   1.50   1.50   4.00   4.00  8.00
253  12    7  28.34   4.73  21.68  35.99  52.96   9.47   1.50   1.50   4.00   4.00  8.00
254  12    7  27.17   9.33  21.68  35.99  52.96  18.95   1.50   1.50   4.00   4.00  8.00
255  12    7  25.27  13.67  21.68  35.99  52.96  28.42   1.50   1.50   4.00   4.00  8.00
256  12    7  22.67  17.64  21.68  35.99  52.96  37.89   1.50   1.50   4.00   4.00  8.00
257  12    7  19.46  21.13  21.68  35.99  52.96  47.36   1.50   1.50   4.00   4.00  8.00
258  12    7  15.71  24.05  21.68  35.99  52.96  56.84   1.50   1.50   4.00   4.00  8.00
259  12    7  11.54  26.31  21.68  35.99  52.96  66.31   1.50   1.50   4.00   4.00  8.00
260  12    7   7.06  27.85  21.68  35.99  52.96  75.78   1.50   1.50   4.00   4.00  8.00
261  12    7   2.38  28.63  21.68  35.99  52.96  85.25   1.50   1.50   4.00   4.00  8.00
262  12    7  -2.37  28.63  21.68  35.99  52.96  94.73   1.50   1.50   4.00   4.00  8.00
263  12    7  -7.05  27.85  21.68  35.99  52.96 104.20   1.50   1.50   4.00   4.00  8.00
264  12    7 -11.53  26.31  21.68  35.99  52.96 113.67   1.50   1.50   4.00   4.00  8.00
265  12    7 -15.71  24.05  21.68  35.99  52.96 123.14   1.50   1.50   4.00   4.00  8.00
266  12    7 -19.45  21.14  21.68  35.99  52.96 132.62   1.50   1.50   4.00   4.00  8.00
267  12    7 -22.66  17.65  21.68  35.99  52.96 142.09   1.50   1.50   4.00   4.00  8.00
268  12    7 -25.26  13.68  21.68  35.99  52.96 151.56   1.50   1.50   4.00   4.00  8.00
269  12    7 -27.17   9.34  21.68  35.99  52.96 161.03   1.50   1.50   4.00   4.00  8.00
270  12    7 -28.33   4.74  21.68  35.99  52.96 170.51   1.50   1.50   4.00   4.00  8.00
271  12    7 -28.73   0.01  21.68  35.99  52.96 179.98   1.50   1.50   4.00   4.00  8.00
272  12    7 -28.34  -4.72  21.68  35.99  52.96 189.45   1.50   1.50   4.00   4.00  8.00
273  12    7 -27.17  -9.32  21.68  35.99  52.96 198.92   1.50   1.50   4.00   4.00  8.00
274  12    7 -25.27 -13.66  21.68  35.99  52.96 208.40   1.50   1.50   4.00   4.00  8.00
275  12    7 -22.68 -17.63  21.68  35.99  52.96 217.87   1.50   1.50   4.00   4.00  8.00
276  12    7 -19.47 -21.13  21.68  35.99  52.96 227.34   1.50   1.50   4.00   4.00  8.00
277  12    7 -15.72 -24.04  21.68  35.99  52.96 236.81   1.50   1.50   4.00   4.00  8.00
278  12    7 -11.55 -26.30  21.68  35.99  52.96 246.29   1.50   1.50   4.00   4.00  8.00
279  12    7  -7.07 -27.84  21.68  35.99  52.96 255.76   1.50   1.50   4.00   4.00  8.00
280  12    7  -2.39 -28.63  21.68  35.99  52.96 265.23   1.50   1.50   4.00   4.00  8.00
281  12    7   2.36 -28.63  21.68  35.99  52.96 274.70   1.50   1.50   4.00   4.00  8.00
282  12    7   7.04 -27.85  21.68  35.99  52.96 284.18   1.50   1.50   4.00   4.00  8.00
283  12    7  11.52 -26.31  21.68  35.99  52.96 293.65   1.50   1.50   4.00   4.00  8.00
284  12    7  15.70 -24.06  21.68  35.99  52.96 303.12   1.50   1.50   4.00   4.00  8.00
285  12    7  19.44 -21.15  21.68  35.99  52.96 312.59   1.50   1.50   4.00   4.00  8.00
286  12    7  22.66 -17.66  21.68  35.99  52.96 322.07   1.50   1.50   4.00   4.00  8.00
287  12    7  25.26 -13.69  21.68  35.99  52.96 331.54   1.50   1.50   4.00   4.00  8.00
288  12    7  27.16  -9.35  21.68  35.99  52.96 341.01   1.50   1.50   4.00   4.00  8.00
289  12    7  28.33  -4.75  21.68  35.99  52.96 350.49   1.50   1.50   4.00   4.00  8.00
290  13    7  29.49   0.00  19.88  35.56  56.01   0.00   1.50   1.50   4.00   4.00  8.00
291  13    7  29.11   4.73  19.88  35.56  56.01   9.23   1.50   1.50   4.00   4.00  8.00
292  13    7  27.97   9.33  19.88  35.56  56.01  18.45   1.50   1.50   4.00   4.00  8.00
293  13    7  26.11  13.70  19.88  35.56  56.01  27.68   1.50   1.50   4.00   4.00  8.00
294  13    7  23.58  17.71  19.88  35.56  56.01  36.90   1.50   1.50   4.00   4.00  8.00
295  13    7  20.44  21.26  19.88  35.56  56.01  46.13   1.50   1.50   4.00   4.00  8.00
296  13    7  16.76  24.26  19.88  35.56  56.01  55.36   1.50   1.50   4.00   4.00  8.00
297  13    7  12.66  26.63  19.88  35.56  56.01  64.58   1.50   1.50   4.00   4.00  8.00
298  13    7   8.22  28.32  19.88  35.56  56.01  73.81   1.50   1.50   4.00   4.00  8.00
299  13    7   3.58  29.27  19.88  35.56  56.01  83.04   1.50   1.50   4.00   4.00  8.00
300  13    7  -1.16  29.46  19.88  35.56  56.01  92.26   1.50   1.50   4.00   4.00  8.00
301  13    7  -5.87  28.90  19.88  35.56  56.01 101.49   1.50   1.50   4.00   4.00  8.00
302  13    7 -10.43  27.58  19.88  35.56  56.01 110.71   1.50   1.50   4.00   4.00  8.00
303  13    7 -14.72  25.55  19.88  35.56  56.01 119.94   1.50   1.50   4.00   4.00  8.00
304  13    7 -18.62  22.86  19.88  35.56  56.01 129.17   1.50   1.50   4.00   4.00  8.00
305  13    7 -22.05  19.58  19.88  35.56  56.01 138.39   1.50   1.50   4.00   4.00  8.00
306  13    7 -24.90  15.79  19.88  35.56  56.01 147.62   1.50   1.50   4.00   4.00  8.00
307  13    7 -27.11  11.60  19.88  35.56  56.01 156.85   1.50   1.50   4.00   4.00  8.00
308  13    7 -28.62   7.10  19.88  35.56  56.01 166.07   1.50   1.50   4.00   4.00  8.00
309  13    7 -29.39   2.42  19.88  35.56  56.01 175.30   1.50   1.50   4.00   4.00  8.00
310  13    7 -29.40  -2.33  19.88  35.56  56.01 184.52   1.50   1.50   4.00   4.00  8.00
311  13    7 -28.64  -7.01  19.88  35.56  56.01 193.75   1.50   1.50   4.00   4.00  8.00
312  13    7 -27.15 -11.51  19.88  35.56  56.01 202.98   1.50   1.50   4.00   4.00  8.00
313  13    7 -24.95 -15.71  19.88  35.56  56.01 212.20   1.50   1.50   4.00   4.00  8.00
314  13    7 -22.11 -19.51  19.88  35.56  56.01 221.43   1.50   1.50   4.00   4.00  8.00
315  13    7 -18.69 -22.80  19.88  35.56  56.01 230.65   1.50   1.50   4.00   4.00  8.00
316  13    7 -14.80 -25.51  19.88  35.56  56.01 239.88   1.50   1.50   4.00   4.00  8.00
317  13    7 -10.52 -27.55  19.88  35.56  56.01 249.11   1.50   1.50   4.00   4.00  8.00
318  13    7  -5.96 -28.88  19.88  35.56  56.01 258.33   1.50   1.50   4.00   4.00  8.00
319  13    7  -1.26 -29.46  19.88  35.56  56.01 267.56   1.50   1.50   4.00   4.00  8.00
320  13    7   3.48 -29.28  19.88  35.56  56.01 276.79   1.50   1.50   4.00   4.00  8.00
321  13    7   8.13 -28.34  19.88  35.56  56.01 286.01   1.50   1.50   4.00   4.00  8.00
322  13    7  12.57 -26.67  19.88  35.56  56.01 295.24   1.50   1.50   4.00   4.00  8.00
323  13    7  16.69 -24.31  19.88  35.56  56.01 304.46   1.50   1.50   4.00   4.00  8.00
324  13    7  20.37 -21.32  19.88  35.56  56.01 313.69   1.50   1.50   4.00   4.00  8.00
325  13    7  23.52 -17.78  19.88  35.56  56.01 322.92   1.50   1.50   4.00   4.00  8.00
326  13    7  26.07 -13.78  19.88  35.56  56.01 332.14   1.50   1.50   4.00   4.00  8.00
327  13    7  27.94  -9.42  19.88  35.56  56.01 341.37   1.50   1.50   4.00   4.00  8.00
328  13    7  29.09  -4.82  19.88  35.56  56.01 350.59   1.50   1.50   4.00   4.00  8.00
329  14    7  30.28   0.00  18.13  35.29  59.09   0.00   1.50   1.50   4.00   4.00  8.00
330  14    7  29.91   4.73  18.13  35.29  59.09   8.98   1.50   1.50   4.00   4.00  8.00
331  14    7  28.80   9.33  18.13  35.29  59.09  17.96   1.50   1.50   4.00   4.00  8.00
332  14    7  26.99  13.72  18.13  35.29  59.09  26.94   1.50   1.50   4.00   4.00  8.00
333  14    7  24.52  17.76  18.13  35.29  59.09  35.92   1.50   1.50   4.00   4.00  8.00
334  14    7  21.45  21.37  18.13  35.29  59.09  44.89   1.50   1.50   4.00   4.00  8.00
335  14    7  17.85  24.46  18.13  35.29  59.09  53.87   1.50   1.50   4.00   4.00  8.00
336  14    7  13.82  26.94  18.13  35.29  59.09  62.85   1.50   1.50   4.00   4.00  8.00
337  14    7   9.44  28.77  18.13  35.29  59.09  71.83   1.50   1.50   4.00   4.00  8.00
338  14    7   4.84  29.89  18.13  35.29  59.09  80.81   1.50   1.50   4.00   4.00  8.00
339  14    7   0.11  30.28  18.13  35.29  59.09  89.79   1.50   1.50   4.00   4.00  8.00
340  14    7  -4.61  29.92  18.13  35.29  59.09  98.77   1.50   1.50   4.00   4.00  8.00
341  14    7  -9.23  28.84  18.13  35.29  59.09 107.75   1.50   1.50   4.00   4.00  8.00
342  14    7 -13.62  27.04  18.13  35.29  59.09 116.72   1.50   1.50   4.00   4.00  8.00
343  14    7 -17.67  24.59  18.13  35.29  59.09 125.70   1.50   1.50   4.00   4.00  8.00
344  14    7 -21.29  21.53  18.13  35.29  59.09 134.68   1.50   1.50   4.00   4.00  8.00
345  14    7 -24.39  17.94  18.13  35.29  59.09 143.66   1.50   1.50   4.00   4.00  8.00
346  14    7 -26.89  13.92  18.13  35.29  59.09 152.64   1.50   1.50   4.00   4.00  8.00
347  14    7 -28.73   9.55  18.13  35.29  59.09 161.62   1.50   1.50   4.00   4.00  8.00
348  14    7 -29.87   4.95  18.13  35.29  59.09 170.60   1.50   1.50   4.00   4.00  8.00
349  14    7 -30.28   0.22  18.13  35.29  59.09 179.58   1.50   1.50   4.00   4.00  8.00
350  14    7 -29.94  -4.50  18.13  35.29  59.09 188.55   1.50   1.50   4.00   4.00  8.00
351  14    7 -28.87  -9.12  18.13  35.29  59.09 197.53   1.50   1.50   4.00   4.00  8.00
352  14    7 -27.09 -13.52  18.13  35.29  59.09 206.51   1.50   1.50   4.00   4.00  8.00
353  14    7 -24.65 -17.58  18.13  35.29  59.09 215.49   1.50   1.50   4.00   4.00  8.00
354  14    7 -21.61 -21.21  18.13  35.29  59.09 224.47   1.50   1.50   4.00   4.00  8.00
355  14    7 -18.03 -24.32  18.13  35.29  59.09 233.45   1.50   1.50   4.00   4.00  8.00
356  14    7 -14.01 -26.84  18.13  35.29  59.09 242.43   1.50   1.50   4.00   4.00  8.00
357  14    7  -9.65 -28.70  18.13  35.29  59.09 251.41   1.50   1.50   4.00   4.00  8.00
358  14    7  -5.06 -29.85  18.13  35.29  59.09 260.38   1.50   1.50   4.00   4.00  8.00
359  14    7  -0.34 -30.28  18.13  35.29  59.09 269.36   1.50   1.50   4.00   4.00  8.00
360  14    7   4.39 -29.96  18.13  35.29  59.09 278.34   1.50   1.50   4.00   4.00  8.00
361  14    7   9.01 -28.90  18.13  35.29  59.09 287.32   1.50   1.50   4.00   4.00  8.00
362  14    7  13.41 -27.14  18.13  35.29  59.09 296.30   1.50   1.50   4.00   4.00  8.00
363  14    7  17.49 -24.72  18.13  35.29  59.09 305.28   1.50   1.50   4.00   4.00  8.00
364  14    7  21.13 -21.69  18.13  35.29  59.09 314.26   1.50   1.50   4.00   4.00  8.00
365  14    7  24.26 -18.12  18.13  35.29  59.09 323.24   1.50   1.50   4.00   4.00  8.00
366  14    7  26.79 -14.11  18.13  35.29  59.09 332.21   1.50   1.50   4.00   4.00  8.00
367  14    7  28.66  -9.76  18.13  35.29  59.09 341.19   1.50   1.50   4.00   4.00  8.00
368  14    7  29.83  -5.17  18.13  35.29  59.09 350.17   1.50   1.50   4.00   4.00  8.00
369  15    7  30.95   0.00  16.32  34.99  62.19   0.00   1.50   1.50   4.00   4.00  8.00
370  15    7  30.58   4.72  16.32  34.99  62.19   8.78   1.50   1.50   4.00   4.00  8.00
371  15    7  29.51   9.34  16.32  34.99  62.19  17.56   1.50   1.50   4.00   4.00  8.00
372  15    7  27.73  13.73  16.32  34.99  62.19  26.34   1.50   1.50   4.00   4.00  8.00
373  15    7  25.31  17.80  16.32  34.99  62.19  35.12   1.50   1.50   4.00   4.00  8.00
374  15    7  22.30  21.46  16.32  34.99  62.19  43.90   1.50   1.50   4.00   4.00  8.00
375  15    7  18.76  24.61  16.32  34.99  62.19  52.68   1.50   1.50   4.00   4.00  8.00
376  15    7  14.79  27.19  16.32  34.99  62.19  61.46   1.50   1.50   4.00   4.00  8.00
377  15    7  10.46  29.12  16.32  34.99  62.19  70.24   1.50   1.50   4.00   4.00  8.00
378  15    7   5.90  30.38  16.32  34.99  62.19  79.02   1.50   1.50   4.00   4.00  8.00
379  15    7   1.19  30.92  16.32  34.99  62.19  87.80   1.50   1.50   4.00   4.00  8.00
380  15    7  -3.54  30.74  16.32  34.99  62.19  96.58   1.50   1.50   4.00   4.00  8.00
381  15    7  -8.19  29.84  16.32  34.99  62.19 105.35   1.50   1.50   4.00   4.00  8.00
382  15    7 -12.65  28.24  16.32  34.99  62.19 114.13   1.50   1.50   4.00   4.00  8.00
383  15    7 -16.82  25.98  16.32  34.99  62.19 122.91   1.50   1.50   4.00   4.00  8.00
384  15    7 -20.58  23.11  16.32  34.99  62.19 131.69   1.50   1.50   4.00   4.00  8.00
385  15    7 -23.87  19.70  16.32  34.99  62.19 140.47   1.50   1.50   4.00   4.00  8.00
386  15    7 -26.60  15.82  16.32  34.99  62.19 149.25   1.50   1.50   4.00   4.00  8.00
387  15    7 -28.70  11.58  16.32  34.99  62.19 158.03   1.50   1.50   4.00   4.00  8.00
388  15    7 -30.13   7.06  16.32  34.99  62.19 166.81   1.50   1.50   4.00   4.00  8.00
389  15    7 -30.86   2.38  16.32  34.99  62.19 175.59   1.50   1.50   4.00   4.00  8.00
390  15    7 -30.86  -2.36  16.32  34.99  62.19 184.37   1.50   1.50   4.00   4.00  8.00
391  15    7 -30.14  -7.04  16.32  34.99  62.19 193.15   1.50   1.50   4.00   4.00  8.00
392  15    7 -28.71 -11.56  16.32  34.99  62.19 201.93   1.50   1.50   4.00   4.00  8.00
393  15    7 -26.61 -15.80  16.32  34.99  62.19 210.71   1.50   1.50   4.00   4.00  8.00
394  15    7 -23.88 -19.68  16.32  34.99  62.19 219.49   1.50   1.50   4.00   4.00  8.00
395  15    7 -20.60 -23.10  16.32  34.99  62.19 228.27   1.50   1.50   4.00   4.00  8.00
396  15    7 -16.83 -25.97  16.32  34.99  62.19 237.05   1.50   1.50   4.00   4.00  8.00
397  15    7 -12.67 -28.23  16.32  34.99  62.19 245.83   1.50   1.50   4.00   4.00  8.00
398  15    7  -8.21 -29.84  16.32  34.99  62.19 254.61   1.50   1.50   4.00   4.00  8.00
399  15    7  -3.56 -30.74  16.32  34.99  62.19 263.39   1.50   1.50   4.00   4.00  8.00
400  15    7   1.17 -30.93  16.32  34.99  62.19 272.17   1.50   1.50   4.00   4.00  8.00
401  15    7   5.88 -30.38  16.32  34.99  62.19 280.95   1.50   1.50   4.00   4.00  8.00
402  15    7  10.45 -29.13  16.32  34.99  62.19 289.73   1.50   1.50   4.00   4.00  8.00
403  15    7  14.77 -27.20  16.32  34.99  62.19 298.50   1.50   1.50   4.00   4.00  8.00
404  15    7  18.75 -24.62  16.32  34.99  62.19 307.28   1.50   1.50   4.00   4.00  8.00
405  15    7  22.29 -21.47  16.32  34.99  62.19 316.06   1.50   1.50   4.00   4.00  8.00
406  15    7  25.30 -17.82  16.32  34.99  62.19 324.84   1.50   1.50   4.00   4.00  8.00
407  15    7  27.73 -13.75  16.32  34.99  62.19 333.62   1.50   1.50   4.00   4.00  8.00
408  15    7  29.50  -9.36  16.32  34.99  62.19 342.40   1.50   1.50   4.00   4.00  8.00
409  15    7  30.58  -4.74  16.32  34.99  62.19 351.18   1.50   1.50   4.00   4.00  8.00
410  16    7  31.67   0.00  14.56  34.86  65.30   0.00   1.50   1.50   4.00   4.00  8.00
411  16    7  31.31   4.72  14.56  34.86  65.30   8.57   1.50   1.50   4.00   4.00  8.00
412  16    7  30.26   9.33  14.56  34.86  65.30  17.14   1.50   1.50   4.00   4.00  8.00
413  16    7  28.53  13.74  14.56  34.86  65.30  25.71   1.50   1.50   4.00   4.00  8.00
414  16    7  26.17  17.84  14.56  34.86  65.30  34.28   1.50   1.50   4.00   4.00  8.00
415  16    7  23.22  21.54  14.56  34.86  65.30  42.85   1.50   1.50   4.00   4.00  8.00
416  16    7  19.75  24.76  14.56  34.86  65.30  51.42   1.50   1.50   4.00   4.00  8.00
417  16    7  15.84  27.42  14.56  34.86  65.30  59.99   1.50   1.50   4.00   4.00  8.00
418  16    7  11.57  29.48  14.56  34.86  65.30  68.56   1.50   1.50   4.00   4.00  8.00
419  16    7   7.05  30.87  14.56  34.86  65.30  77.13   1.50   1.50   4.00   4.00  8.00
420  16    7   2.37  31.58  14.56  34.86  65.30  85.70   1.50   1.50   4.00   4.00  8.00
421  16    7  -2.36  31.58  14.56  34.86  65.30  94.27   1.50   1.50   4.00   4.00  8.00
422  16    7  -7.04  30.87  14.56  34.86  65.30 102.84   1.50   1.50   4.00   4.00  8.00
423  16    7 -11.56  29.48  14.56  34.86  65.30 111.41   1.50   1.50   4.00   4.00  8.00
424  16    7 -15.82  27.43  14.56  34.86  65.30 119.98   1.50   1.50   4.00   4.00  8.00
425  16    7 -19.74  24.77  14.56  34.86  65.30 128.55   1.50   1.50   4.00   4.00  8.00
426  16    7 -23.21  21.55  14.56  34.86  65.30 137.12   1.50   1.50   4.00   4.00  8.00
427  16    7 -26.16  17.85  14.56  34.86  65.30 145.69   1.50   1.50   4.00   4.00  8.00
428  16    7 -28.53  13.75  14.56  34.86  65.30 154.26   1.50   1.50   4.00   4.00  8.00
429  16    7 -30.26   9.35  14.56  34.86  65.30 162.83   1.50   1.50   4.00   4.00  8.00
430  16    7 -31.31   4.73  14.56  34.86  65.30 171.40   1.50   1.50   4.00   4.00  8.00
431  16    7 -31.67   0.02  14.56  34.86  65.30 179.97   1.50   1.50   4.00   4.00  8.00
432  16    7 -31.32  -4.70  14.56  34.86  65.30 188.54   1.50   1.50   4.00   4.00  8.00
433  16    7 -30.27  -9.32  14.56  34.86  65.30 197.11   1.50   1.50   4.00   4.00  8.00
434  16    7 -28.54 -13.72  14.56  34.86  65.30 205.68   1.50   1.50   4.00   4.00  8.00
435  16    7 -26.17 -17.82  14.56  34.86  65.30 214.25   1.50   1.50   4.00   4.00  8.00
436  16    7 -23.23 -21.52  14.56  34.86  65.30 222.82   1.50   1.50   4.00   4.00  8.00
437  16    7 -19.76 -24.75  14.56  34.86  65.30 231.39   1.50   1.50   4.00   4.00  8.00
438  16    7 -15.85 -27.41  14.56  34.86  65.30 239.96   1.50   1.50   4.00   4.00  8.00
439  16    7 -11.59 -29.47  14.56  34.86  65.30 248.53   1.50   1.50   4.00   4.00  8.00
440  16    7  -7.07 -30.87  14.56  34.86  65.30 257.10   1.50   1.50   4.00   4.00  8.00
441  16    7  -2.39 -31.58  14.56  34.86  65.30 265.67   1.50   1.50   4.00   4.00  8.00
442  16    7   2.34 -31.58  14.56  34.86  65.30 274.24   1.50   1.50   4.00   4.00  8.00
443  16    7   7.02 -30.88  14.56  34.86  65.30 282.81   1.50   1.50   4.00   4.00  8.00
444  16    7  11.55 -29.49  14.56  34.86  65.30 291.38   1.50   1.50   4.00   4.00  8.00
445  16    7  15.81 -27.44  14.56  34.86  65.30 299.95   1.50   1.50   4.00   4.00  8.00
446  16    7  19.72 -24.77  14.56  34.86  65.30 308.52   1.50   1.50   4.00   4.00  8.00
447  16    7  23.19 -21.56  14.56  34.86  65.30 317.09   1.50   1.50   4.00   4.00  8.00
448  16    7  26.15 -17.86  14.56  34.86  65.30 325.66   1.50   1.50   4.00   4.00  8.00
449  16    7  28.52 -13.77  14.56  34.86  65.30 334.23   1.50   1.50   4.00   4.00  8.00
450  16    7  30.25  -9.36  14.56  34.86  65.30 342.80   1.50   1.50   4.00   4.00  8.00
451  16    7  31.31  -4.75  14.56  34.86  65.30 351.37   1.50   1.50   4.00   4.00  8.00
452  17    7  31.71   0.00  12.52  34.09  68.45   0.00   1.50   1.50   4.00   4.00  8.00
453  17    7  31.36   4.73  12.52  34.09  68.45   8.57   1.50   1.50   4.00   4.00  8.00
454  17    7  30.30   9.35  12.52  34.09  68.45  17.14   1.50   1.50   4.00   4.00  8.00
455  17    7  28.57  13.76  12.52  34.09  68.45  25.71   1.50   1.50   4.00   4.00  8.00
456  17    7  26.20  17.86  12.52  34.09  68.45  34.29   1.50   1.50   4.00   4.00  8.00
457  17    7  23.24  21.57  12.52  34.09  68.45  42.86   1.50   1.50   4.00   4.00  8.00
458  17    7  19.77  24.79  12.52  34.09  68.45  51.43   1.50   1.50   4.00   4.00  8.00
459  17    7  15.86  27.46  12.52  34.09  68.45  60.00   1.50   1.50   4.00   4.00  8.00
460  17    7  11.59  29.52  12.52  34.09  68.45  68.57   1.50   1.50   4.00   4.00  8.00
461  17    7   7.06  30.91  12.52  34.09  68.45  77.14   1.50   1.50   4.00   4.00  8.00
462  17    7   2.37  31.62  12.52  34.09  68.45  85.71   1.50   1.50   4.00   4.00  8.00
463  17    7  -2.37  31.62  12.52  34.09  68.45  94.28   1.50   1.50   4.00   4.00  8.00
464  17    7  -7.06  30.91  12.52  34.09  68.45 102.86   1.50   1.50   4.00   4.00  8.00
465  17    7 -11.58  29.52  12.52  34.09  68.45 111.43   1.50   1.50   4.00   4.00  8.00
466  17    7 -15.85  27.46  12.52  34.09  68.45 120.00   1.50   1.50   4.00   4.00  8.00
467  17    7 -19.77  24.79  12.52  34.09  68.45 128.57   1.50   1.50   4.00   4.00  8.00
468  17    7 -23.24  21.57  12.52  34.09  68.45 137.14   1.50   1.50   4.00   4.00  8.00
469  17    7 -26.20  17.86  12.52  34.09  68.45 145.71   1.50   1.50   4.00   4.00  8.00
470  17    7 -28.57  13.76  12.52  34.09  68.45 154.28   1.50   1.50   4.00   4.00  8.00
471  17    7 -30.30   9.35  12.52  34.09  68.45 162.85   1.50   1.50   4.00   4.00  8.00
472  17    7 -31.36   4.73  12.52  34.09  68.45 171.43   1.50   1.50   4.00   4.00  8.00
473  17    7 -31.71   0.00  12.52  34.09  68.45 180.00   1.50   1.50   4.00   4.00  8.00
474  17    7 -31.36  -4.72  12.52  34.09  68.45 188.57   1.50   1.50   4.00   4.00  8.00
475  17    7 -30.30  -9.35  12.52  34.09  68.45 197.14   1.50   1.50   4.00   4.00  8.00
476  17    7 -28.57 -13.76  12.52  34.09  68.45 205.71   1.50   1.50   4.00   4.00  8.00
477  17    7 -26.20 -17.86  12.52  34.09  68.45 214.28   1.50   1.50   4.00   4.00  8.00
478  17    7 -23.25 -21.57  12.52  34.09  68.45 222.85   1.50   1.50   4.00   4.00  8.00
479  17    7 -19.77 -24.79  12.52  34.09  68.45 231.43   1.50   1.50   4.00   4.00  8.00
480  17    7 -15.86 -27.46  12.52  34.09  68.45 240.00   1.50   1.50   4.00   4.00  8.00
481  17    7 -11.59 -29.52  12.52  34.09  68.45 248.57   1.50   1.50   4.00   4.00  8.00
482  17    7  -7.06 -30.91  12.52  34.09  68.45 257.14   1.50   1.50   4.00   4.00  8.00
483  17    7  -2.37 -31.62  12.52  34.09  68.45 265.71   1.50   1.50   4.00   4.00  8.00
484  17    7   2.37 -31.62  12.52  34.09  68.45 274.28   1.50   1.50   4.00   4.00  8.00
485  17    7   7.05 -30.91  12.52  34.09  68.45 282.85   1.50   1.50   4.00   4.00  8.00
486  17    7  11.58 -29.52  12.52  34.09  68.45 291.42   1.50   1.50   4.00   4.00  8.00
487  17    7  15.85 -27.46  12.52  34.09  68.45 300.00   1.50   1.50   4.00   4.00  8.00
488  17    7  19.77 -24.79  12.52  34.09  68.45 308.57   1.50   1.50   4.00   4.00  8.00
489  17    7  23.24 -21.57  12.52  34.09  68.45 317.14   1.50   1.50   4.00   4.00  8.00
490  17    7  26.20 -17.86  12.52  34.09  68.45 325.71   1.50   1.50   4.00   4.00  8.00
491  17    7  28.57 -13.76  12.52  34.09  68.45 334.28   1.50   1.50   4.00   4.00  8.00
492  17    7  30.30  -9.35  12.52  34.09  68.45 342.85   1.50   1.50   4.00   4.00  8.00
493  17    7  31.35  -4.73  12.52  34.09  68.45 351.42   1.50   1.50   4.00   4.00  8.00
494  18    7  31.75   0.00  10.52  33.44  71.67   0.00   1.50   1.50   4.00   4.00  8.00
495  18    7  31.39   4.73  10.52  33.44  71.67   8.57   1.50   1.50   4.00   4.00  8.00
496  18    7  30.33   9.36  10.52  33.44  71.67  17.14   1.50   1.50   4.00   4.00  8.00
497  18    7  28.60  13.77  10.52  33.44  71.67  25.71   1.50   1.50   4.00   4.00  8.00
498  18    7  26.23  17.88  10.52  33.44  71.67  34.28   1.50   1.50   4.00   4.00  8.00
499  18    7  23.27  21.59  10.52  33.44  71.67  42.85   1.50   1.50   4.00   4.00  8.00
500  18    7  19.79  24.82  10.52  33.44  71.67  51.43   1.50   1.50   4.00   4.00  8.00
501  18    7  15.87  27.49  10.52  33.44  71.67  60.00   1.50   1.50   4.00   4.00  8.00
502  18    7  11.60  29.55  10.52  33.44  71.67  68.57   1.50   1.50   4.00   4.00  8.00
503  18    7   7.07  30.95  10.52  33.44  71.67  77.14   1.50   1.50   4.00   4.00  8.00
504  18    7   2.37  31.66  10.52  33.44  71.67  85.71   1.50   1.50   4.00   4.00  8.00
505  18    7  -2.37  31.66  10.52  33.44  71.67  94.28   1.50   1.50   4.00   4.00  8.00
506  18    7  -7.06  30.95  10.52  33.44  71.67 102.85   1.50   1.50   4.00   4.00  8.00
507  18    7 -11.59  29.55  10.52  33.44  71.67 111.42   1.50   1.50   4.00   4.00  8.00
508  18    7 -15.87  27.49  10.52  33.44  71.67 119.99   1.50   1.50   4.00   4.00  8.00
509  18    7 -19.79  24.82  10.52  33.44  71.67 128.56   1.50   1.50   4.00   4.00  8.00
510  18    7 -23.27  21.59  10.52  33.44  71.67 137.14   1.50   1.50   4.00   4.00  8.00
511  18    7 -26.23  17.89  10.52  33.44  71.67 145.71   1.50   1.50   4.00   4.00  8.00
512  18    7 -28.60  13.78  10.52  33.44  71.67 154.28   1.50   1.50   4.00   4.00  8.00
513  18    7 -30.33   9.36  10.52  33.44  71.67 162.85   1.50   1.50   4.00   4.00  8.00
514  18    7 -31.39   4.74  10.52  33.44  71.67 171.42   1.50   1.50   4.00   4.00  8.00
515  18    7 -31.75   0.01  10.52  33.44  71.67 179.99   1.50   1.50   4.00   4.00  8.00
516  18    7 -31.39  -4.73  10.52  33.44  71.67 188.56   1.50   1.50   4.00   4.00  8.00
517  18    7 -30.34  -9.35  10.52  33.44  71.67 197.13   1.50   1.50   4.00   4.00  8.00
518  18    7 -28.60 -13.77  10.52  33.44  71.67 205.70   1.50   1.50   4.00   4.00  8.00
519  18    7 -26.23 -17.88  10.52  33.44  71.67 214.27   1.50   1.50   4.00   4.00  8.00
520  18    7 -23.27 -21.59  10.52  33.44  71.67 222.85   1.50   1.50   4.00   4.00  8.00
521  18    7 -19.80 -24.82  10.52  33.44  71.67 231.42   1.50   1.50   4.00   4.00  8.00
522  18    7 -15.88 -27.49  10.52  33.44  71.67 239.99   1.50   1.50   4.00   4.00  8.00
523  18    7 -11.60 -29.55  10.52  33.44  71.67 248.56   1.50   1.50   4.00   4.00  8.00
524  18    7  -7.07 -30.95  10.52  33.44  71.67 257.13   1.50   1.50   4.00   4.00  8.00
525  18    7  -2.38 -31.66  10.52  33.44  71.67 265.70   1.50   1.50   4.00   4.00  8.00
526  18    7   2.36 -31.66  10.52  33.44  71.67 274.27   1.50   1.50   4.00   4.00  8.00
527  18    7   7.06 -30.95  10.52  33.44  71.67 282.84   1.50   1.50   4.00   4.00  8.00
528  18    7  11.59 -29.55  10.52  33.44  71.67 291.41   1.50   1.50   4.00   4.00  8.00
529  18    7  15.87 -27.50  10.52  33.44  71.67 299.98   1.50   1.50   4.00   4.00  8.00
530  18    7  19.79 -24.82  10.52  33.44  71.67 308.56   1.50   1.50   4.00   4.00  8.00
531  18    7  23.26 -21.60  10.52  33.44  71.67 317.13   1.50   1.50   4.00   4.00  8.00
532  18    7  26.22 -17.89  10.52  33.44  71.67 325.70   1.50   1.50   4.00   4.00  8.00
533  18    7  28.60 -13.78  10.52  33.44  71.67 334.27   1.50   1.50   4.00   4.00  8.00
534  18    7  30.33  -9.37  10.52  33.44  71.67 342.84   1.50   1.50   4.00   4.00  8.00
535  18    7  31.39  -4.74  10.52  33.44  71.67 351.41   1.50   1.50   4.00   4.00  8.00
536  19    7  31.77   0.00   8.54  32.90  74.95   0.00   1.50   1.50   4.00   4.00  8.00
537  19    7  31.41   4.73   8.54  32.90  74.95   8.57   1.50   1.50   4.00   4.00  8.00
538  19    7  30.36   9.36   8.54  32.90  74.95  17.14   1.50   1.50   4.00   4.00  8.00
539  19    7  28.62  13.78   8.54  32.90  74.95  25.71   1.50   1.50   4.00   4.00  8.00
540  19    7  26.25  17.89   8.54  32.90  74.95  34.28   1.50   1.50   4.00   4.00  8.00
541  19    7  23.29  21.61   8.54  32.90  74.95  42.85   1.50   1.50   4.00   4.00  8.00
542  19    7  19.81  24.84   8.54  32.90  74.95  51.42   1.50   1.50   4.00   4.00  8.00
543  19    7  15.89  27.51   8.54  32.90  74.95  59.99   1.50   1.50   4.00   4.00  8.00
544  19    7  11.61  29.57   8.54  32.90  74.95  68.56   1.50   1.50   4.00   4.00  8.00
545  19    7   7.07  30.97   8.54  32.90  74.95  77.14   1.50   1.50   4.00   4.00  8.00
546  19    7   2.38  31.68   8.54  32.90  74.95  85.71   1.50   1.50   4.00   4.00  8.00
547  19    7  -2.37  31.68   8.54  32.90  74.95  94.28   1.50   1.50   4.00   4.00  8.00
548  19    7  -7.06  30.97   8.54  32.90  74.95 102.85   1.50   1.50   4.00   4.00  8.00
549  19    7 -11.60  29.57   8.54  32.90  74.95 111.42   1.50   1.50   4.00   4.00  8.00
550  19    7 -15.88  27.52   8.54  32.90  74.95 119.99   1.50   1.50   4.00   4.00  8.00
551  19    7 -19.80  24.84   8.54  32.90  74.95 128.56   1.50   1.50   4.00   4.00  8.00
552  19    7 -23.28  21.61   8.54  32.90  74.95 137.13   1.50   1.50   4.00   4.00  8.00
553  19    7 -26.24  17.90   8.54  32.90  74.95 145.70   1.50   1.50   4.00   4.00  8.00
554  19    7 -28.62  13.79   8.54  32.90  74.95 154.27   1.50   1.50   4.00   4.00  8.00
555  19    7 -30.35   9.37   8.54  32.90  74.95 162.84   1.50   1.50   4.00   4.00  8.00
556  19    7 -31.41   4.74   8.54  32.90  74.95 171.41   1.50   1.50   4.00   4.00  8.00
557  19    7 -31.77   0.01   8.54  32.90  74.95 179.98   1.50   1.50   4.00   4.00  8.00
558  19    7 -31.41  -4.72   8.54  32.90  74.95 188.55   1.50   1.50   4.00   4.00  8.00
559  19    7 -30.36  -9.35   8.54  32.90  74.95 197.12   1.50   1.50   4.00   4.00  8.00
560  19    7 -28.63 -13.77   8.54  32.90  74.95 205.69   1.50   1.50   4.00   4.00  8.00
561  19    7 -26.25 -17.89   8.54  32.90  74.95 214.26   1.50   1.50   4.00   4.00  8.00
562  19    7 -23.30 -21.60   8.54  32.90  74.95 222.84   1.50   1.50   4.00   4.00  8.00
563  19    7 -19.82 -24.83   8.54  32.90  74.95 231.41   1.50   1.50   4.00   4.00  8.00
564  19    7 -15.90 -27.51   8.54  32.90  74.95 239.98   1.50   1.50   4.00   4.00  8.00
565  19    7 -11.62 -29.57   8.54  32.90  74.95 248.55   1.50   1.50   4.00   4.00  8.00
566  19    7  -7.08 -30.97   8.54  32.90  74.95 257.12   1.50   1.50   4.00   4.00  8.00
567  19    7  -2.39 -31.68   8.54  32.90  74.95 265.69   1.50   1.50   4.00   4.00  8.00
568  19    7   2.36 -31.68   8.54  32.90  74.95 274.26   1.50   1.50   4.00   4.00  8.00
569  19    7   7.05 -30.98   8.54  32.90  74.95 282.83   1.50   1.50   4.00   4.00  8.00
570  19    7  11.59 -29.58   8.54  32.90  74.95 291.40   1.50   1.50   4.00   4.00  8.00
571  19    7  15.87 -27.52   8.54  32.90  74.95 299.97   1.50   1.50   4.00   4.00  8.00
572  19    7  19.79 -24.85   8.54  32.90  74.95 308.54   1.50   1.50   4.00   4.00  8.00
573  19    7  23.28 -21.62   8.54  32.90  74.95 317.11   1.50   1.50   4.00   4.00  8.00
574  19    7  26.24 -17.91   8.54  32.90  74.95 325.68   1.50   1.50   4.00   4.00  8.00
575  19    7  28.61 -13.80   8.54  32.90  74.95 334.25   1.50   1.50   4.00   4.00  8.00
576  19    7  30.35  -9.38   8.54  32.90  74.95 342.82   1.50   1.50   4.00   4.00  8.00
577  19    7  31.41  -4.75   8.54  32.90  74.95 351.39   1.50   1.50   4.00   4.00  8.00
578  20    7  31.11   0.00   6.43  31.77  78.32   0.00   1.50   1.50   4.00   4.00  8.00
579  20    7  30.75   4.75   6.43  31.77  78.32   8.78   1.50   1.50   4.00   4.00  8.00
580  20    7  29.66   9.39   6.43  31.77  78.32  17.56   1.50   1.50   4.00   4.00  8.00
581  20    7  27.88  13.81   6.43  31.77  78.32  26.34   1.50   1.50   4.00   4.00  8.00
582  20    7  25.45  17.90   6.43  31.77  78.32  35.12   1.50   1.50   4.00   4.00  8.00
583  20    7  22.42  21.58   6.43  31.77  78.32  43.90   1.50   1.50   4.00   4.00  8.00
584  20    7  18.86  24.74   6.43  31.77  78.32  52.68   1.50   1.50   4.00   4.00  8.00
585  20    7  14.87  27.33   6.43  31.77  78.32  61.46   1.50   1.50   4.00   4.00  8.00
586  20    7  10.52  29.28   6.43  31.77  78.32  70.24   1.50   1.50   4.00   4.00  8.00
587  20    7   5.93  30.55   6.43  31.77  78.32  79.02   1.50   1.50   4.00   4.00  8.00
588  20    7   1.19  31.09   6.43  31.77  78.32  87.80   1.50   1.50   4.00   4.00  8.00
589  20    7  -3.57  30.91   6.43  31.77  78.32  96.58   1.50   1.50   4.00   4.00  8.00
590  20    7  -8.24  30.00   6.43  31.77  78.32 105.36   1.50   1.50   4.00   4.00  8.00
591  20    7 -12.73  28.39   6.43  31.77  78.32 114.14   1.50   1.50   4.00   4.00  8.00
592  20    7 -16.91  26.12   6.43  31.77  78.32 122.92   1.50   1.50   4.00   4.00  8.00
593  20    7 -20.70  23.23   6.43  31.77  78.32 131.70   1.50   1.50   4.00   4.00  8.00
594  20    7 -24.00  19.80   6.43  31.77  78.32 140.48   1.50   1.50   4.00   4.00  8.00
595  20    7 -26.74  15.90   6.43  31.77  78.32 149.26   1.50   1.50   4.00   4.00  8.00
596  20    7 -28.86  11.63   6.43  31.77  78.32 158.04   1.50   1.50   4.00   4.00  8.00
597  20    7 -30.30   7.09   6.43  31.77  78.32 166.82   1.50   1.50   4.00   4.00  8.00
598  20    7 -31.02   2.39   6.43  31.77  78.32 175.60   1.50   1.50   4.00   4.00  8.00
599  20    7 -31.02  -2.38   6.43  31.77  78.32 184.38   1.50   1.50   4.00   4.00  8.00
600  20    7 -30.30  -7.09   6.43  31.77  78.32 193.16   1.50   1.50   4.00   4.00  8.00
601  20    7 -28.86 -11.63   6.43  31.77  78.32 201.94   1.50   1.50   4.00   4.00  8.00
602  20    7 -26.75 -15.90   6.43  31.77  78.32 210.72   1.50   1.50   4.00   4.00  8.00
603  20    7 -24.01 -19.79   6.43  31.77  78.32 219.50   1.50   1.50   4.00   4.00  8.00
604  20    7 -20.71 -23.23   6.43  31.77  78.32 228.28   1.50   1.50   4.00   4.00  8.00
605  20    7 -16.92 -26.11   6.43  31.77  78.32 237.06   1.50   1.50   4.00   4.00  8.00
606  20    7 -12.73 -28.39   6.43  31.77  78.32 245.84   1.50   1.50   4.00   4.00  8.00
607  20    7  -8.25 -30.00   6.43  31.77  78.32 254.62   1.50   1.50   4.00   4.00  8.00
608  20    7  -3.57 -30.91   6.43  31.77  78.32 263.40   1.50   1.50   4.00   4.00  8.00
609  20    7   1.19 -31.09   6.43  31.77  78.32 272.18   1.50   1.50   4.00   4.00  8.00
610  20    7   5.92 -30.55   6.43  31.77  78.32 280.96   1.50   1.50   4.00   4.00  8.00
611  20    7  10.51 -29.29   6.43  31.77  78.32 289.74   1.50   1.50   4.00   4.00  8.00
612  20    7  14.86 -27.34   6.43  31.77  78.32 298.52   1.50   1.50   4.00   4.00  8.00
613  20    7  18.86 -24.75   6.43  31.77  78.32 307.30   1.50   1.50   4.00   4.00  8.00
614  20    7  22.41 -21.58   6.43  31.77  78.32 316.08   1.50   1.50   4.00   4.00  8.00
615  20    7  25.45 -17.91   6.43  31.77  78.32 324.86   1.50   1.50   4.00   4.00  8.00
616  20    7  27.88 -13.81   6.43  31.77  78.32 333.65   1.50   1.50   4.00   4.00  8.00
617  20    7  29.66  -9.40   6.43  31.77  78.32 342.43   1.50   1.50   4.00   4.00  8.00
618  20    7  30.75  -4.76   6.43  31.77  78.32 351.21   1.50   1.50   4.00   4.00  8.00
619  21    7  31.11   0.00   4.50  31.44  81.77   0.00   1.50   1.50   4.00   4.00  8.00
620  21    7  30.75   4.75   4.50  31.44  81.77   8.78   1.50   1.50   4.00   4.00  8.00
621  21    7  29.66   9.39   4.50  31.44  81.77  17.56   1.50   1.50   4.00   4.00  8.00
622  21    7  27.88  13.80   4.50  31.44  81.77  26.34   1.50   1.50   4.00   4.00  8.00
623  21    7  25.45  17.90   4.50  31.44  81.77  35.12   1.50   1.50   4.00   4.00  8.00
624  21    7  22.42  21.57   4.50  31.44  81.77  43.90   1.50   1.50   4.00   4.00  8.00
625  21    7  18.86  24.74   4.50  31.44  81.77  52.68   1.50   1.50   4.00   4.00  8.00
626  21    7  14.87  27.33   4.50  31.44  81.77  61.45   1.50   1.50   4.00   4.00  8.00
627  21    7  10.52  29.28   4.50  31.44  81.77  70.23   1.50   1.50   4.00   4.00  8.00
628  21    7   5.93  30.54   4.50  31.44  81.77  79.01   1.50   1.50   4.00   4.00  8.00
629  21    7   1.20  31.09   4.50  31.44  81.77  87.79   1.50   1.50   4.00   4.00  8.00
630  21    7  -3.56  30.91   4.50  31.44  81.77  96.57   1.50   1.50   4.00   4.00  8.00
631  21    7  -8.24  30.00   4.50  31.44  81.77 105.35   1.50   1.50   4.00   4.00  8.00
632  21    7 -12.72  28.39   4.50  31.44  81.77 114.13   1.50   1.50   4.00   4.00  8.00
633  21    7 -16.90  26.12   4.50  31.44  81.77 122.91   1.50   1.50   4.00   4.00  8.00
634  21    7 -20.69  23.23   4.50  31.44  81.77 131.69   1.50   1.50   4.00   4.00  8.00
635  21    7 -24.00  19.80   4.50  31.44  81.77 140.47   1.50   1.50   4.00   4.00  8.00
636  21    7 -26.74  15.91   4.50  31.44  81.77 149.25   1.50   1.50   4.00   4.00  8.00
637  21    7 -28.85  11.64   4.50  31.44  81.77 158.03   1.50   1.50   4.00   4.00  8.00
638  21    7 -30.29   7.10   4.50  31.44  81.77 166.80   1.50   1.50   4.00   4.00  8.00
639  21    7 -31.02   2.40   4.50  31.44  81.77 175.58   1.50   1.50   4.00   4.00  8.00
640  21    7 -31.02  -2.37   4.50  31.44  81.77 184.36   1.50   1.50   4.00   4.00  8.00
641  21    7 -30.30  -7.07   4.50  31.44  81.77 193.14   1.50   1.50   4.00   4.00  8.00
642  21    7 -28.86 -11.61   4.50  31.44  81.77 201.92   1.50   1.50   4.00   4.00  8.00
643  21    7 -26.75 -15.88   4.50  31.44  81.77 210.70   1.50   1.50   4.00   4.00  8.00
644  21    7 -24.01 -19.78   4.50  31.44  81.77 219.48   1.50   1.50   4.00   4.00  8.00
645  21    7 -20.71 -23.21   4.50  31.44  81.77 228.26   1.50   1.50   4.00   4.00  8.00
646  21    7 -16.93 -26.10   4.50  31.44  81.77 237.04   1.50   1.50   4.00   4.00  8.00
647  21    7 -12.74 -28.38   4.50  31.44  81.77 245.82   1.50   1.50   4.00   4.00  8.00
648  21    7  -8.26 -29.99   4.50  31.44  81.77 254.60   1.50   1.50   4.00   4.00  8.00
649  21    7  -3.59 -30.90   4.50  31.44  81.77 263.38   1.50   1.50   4.00   4.00  8.00
650  21    7   1.17 -31.09   4.50  31.44  81.77 272.15   1.50   1.50   4.00   4.00  8.00
651  21    7   5.90 -30.55   4.50  31.44  81.77 280.93   1.50   1.50   4.00   4.00  8.00
652  21    7  10.49 -29.29   4.50  31.44  81.77 289.71   1.50   1.50   4.00   4.00  8.00
653  21    7  14.84 -27.34   4.50  31.44  81.77 298.49   1.50   1.50   4.00   4.00  8.00
654  21    7  18.84 -24.76   4.50  31.44  81.77 307.27   1.50   1.50   4.00   4.00  8.00
655  21    7  22.40 -21.59   4.50  31.44  81.77 316.05   1.50   1.50   4.00   4.00  8.00
656  21    7  25.43 -17.92   4.50  31.44  81.77 324.83   1.50   1.50   4.00   4.00  8.00
657  21    7  27.87 -13.83   4.50  31.44  81.77 333.61   1.50   1.50   4.00   4.00  8.00
658  21    7  29.65  -9.41   4.50  31.44  81.77 342.39   1.50   1.50   4.00   4.00  8.00
659  21    7  30.74  -4.78   4.50  31.44  81.77 351.17   1.50   1.50   4.00   4.00  8.00
660  22    7  29.81   0.00   2.44  29.91  85.32   0.00   1.50   1.50   4.00   4.00  8.00
661  22    7  29.42   4.77   2.44  29.91  85.32   9.22   1.50   1.50   4.00   4.00  8.00
662  22    7  28.28   9.42   2.44  29.91  85.32  18.43   1.50   1.50   4.00   4.00  8.00
663  22    7  26.40  13.83   2.44  29.91  85.32  27.65   1.50   1.50   4.00   4.00  8.00
664  22    7  23.85  17.88   2.44  29.91  85.32  36.86   1.50   1.50   4.00   4.00  8.00
665  22    7  20.68  21.47   2.44  29.91  85.32  46.08   1.50   1.50   4.00   4.00  8.00
666  22    7  16.97  24.50   2.44  29.91  85.32  55.29   1.50   1.50   4.00   4.00  8.00
667  22    7  12.83  26.91   2.44  29.91  85.32  64.51   1.50   1.50   4.00   4.00  8.00
668  22    7   8.35  28.61   2.44  29.91  85.32  73.73   1.50   1.50   4.00   4.00  8.00
669  22    7   3.66  29.58   2.44  29.91  85.32  82.94   1.50   1.50   4.00   4.00  8.00
670  22    7  -1.12  29.79   2.44  29.91  85.32  92.16   1.50   1.50   4.00   4.00  8.00
671  22    7  -5.88  29.22   2.44  29.91  85.32 101.37   1.50   1.50   4.00   4.00  8.00
672  22    7 -10.48  27.90   2.44  29.91  85.32 110.59   1.50   1.50   4.00   4.00  8.00
673  22    7 -14.82  25.86   2.44  29.91  85.32 119.81   1.50   1.50   4.00   4.00  8.00
674  22    7 -18.77  23.16   2.44  29.91  85.32 129.02   1.50   1.50   4.00   4.00  8.00
675  22    7 -22.23  19.85   2.44  29.91  85.32 138.24   1.50   1.50   4.00   4.00  8.00
676  22    7 -25.13  16.04   2.44  29.91  85.32 147.45   1.50   1.50   4.00   4.00  8.00
677  22    7 -27.37  11.80   2.44  29.91  85.32 156.67   1.50   1.50   4.00   4.00  8.00
678  22    7 -28.91   7.27   2.44  29.91  85.32 165.88   1.50   1.50   4.00   4.00  8.00
679  22    7 -29.70   2.55   2.44  29.91  85.32 175.10   1.50   1.50   4.00   4.00  8.00
680  22    7 -29.72  -2.24   2.44  29.91  85.32 184.32   1.50   1.50   4.00   4.00  8.00
681  22    7 -28.98  -6.97   2.44  29.91  85.32 193.53   1.50   1.50   4.00   4.00  8.00
682  22    7 -27.49 -11.53   2.44  29.91  85.32 202.75   1.50   1.50   4.00   4.00  8.00
683  22    7 -25.29 -15.78   2.44  29.91  85.32 211.96   1.50   1.50   4.00   4.00  8.00
684  22    7 -22.43 -19.63   2.44  29.91  85.32 221.18   1.50   1.50   4.00   4.00  8.00
685  22    7 -19.00 -22.96   2.44  29.91  85.32 230.40   1.50   1.50   4.00   4.00  8.00
686  22    7 -15.08 -25.71   2.44  29.91  85.32 239.61   1.50   1.50   4.00   4.00  8.00
687  22    7 -10.77 -27.79   2.44  29.91  85.32 248.83   1.50   1.50   4.00   4.00  8.00
688  22    7  -6.18 -29.16   2.44  29.91  85.32 258.04   1.50   1.50   4.00   4.00  8.00
689  22    7  -1.43 -29.77   2.44  29.91  85.32 267.26   1.50   1.50   4.00   4.00  8.00
690  22    7   3.36 -29.62   2.44  29.91  85.32 276.47   1.50   1.50   4.00   4.00  8.00
691  22    7   8.06 -28.70   2.44  29.91  85.32 285.69   1.50   1.50   4.00   4.00  8.00
692  22    7  12.55 -27.03   2.44  29.91  85.32 294.91   1.50   1.50   4.00   4.00  8.00
693  22    7  16.72 -24.68   2.44  29.91  85.32 304.12   1.50   1.50   4.00   4.00  8.00
694  22    7  20.46 -21.68   2.44  29.91  85.32 313.34   1.50   1.50   4.00   4.00  8.00
695  22    7  23.66 -18.12   2.44  29.91  85.32 322.55   1.50   1.50   4.00   4.00  8.00
696  22    7  26.26 -14.10   2.44  29.91  85.32 331.77   1.50   1.50   4.00   4.00  8.00
697  22    7  28.18  -9.71   2.44  29.91  85.32 340.99   1.50   1.50   4.00   4.00  8.00
698  22    7  29.37  -5.07   2.44  29.91  85.32 350.20   1.50   1.50   4.00   4.00  8.00
699  23    7  29.07   0.00   0.49  29.07  89.03   0.00   1.50   1.50   4.00   4.00  8.00
700  23    7  28.67   4.78   0.49  29.07  89.03   9.47   1.50   1.50   4.00   4.00  8.00
701  23    7  27.49   9.44   0.49  29.07  89.03  18.95   1.50   1.50   4.00   4.00  8.00
702  23    7  25.56  13.83   0.49  29.07  89.03  28.42   1.50   1.50   4.00   4.00  8.00
703  23    7  22.94  17.85   0.49  29.07  89.03  37.89   1.50   1.50   4.00   4.00  8.00
704  23    7  19.69  21.38   0.49  29.07  89.03  47.36   1.50   1.50   4.00   4.00  8.00
705  23    7  15.90  24.33   0.49  29.07  89.03  56.84   1.50   1.50   4.00   4.00  8.00
706  23    7  11.68  26.62   0.49  29.07  89.03  66.31   1.50   1.50   4.00   4.00  8.00
707  23    7   7.14  28.18   0.49  29.07  89.03  75.78   1.50   1.50   4.00   4.00  8.00
708  23    7   2.40  28.97   0.49  29.07  89.03  85.26   1.50   1.50   4.00   4.00  8.00
709  23    7  -2.40  28.97   0.49  29.07  89.03  94.73   1.50   1.50   4.00   4.00  8.00
710  23    7  -7.13  28.18   0.49  29.07  89.03 104.20   1.50   1.50   4.00   4.00  8.00
711  23    7 -11.67  26.62   0.49  29.07  89.03 113.67   1.50   1.50   4.00   4.00  8.00
712  23    7 -15.89  24.34   0.49  29.07  89.03 123.15   1.50   1.50   4.00   4.00  8.00
713  23    7 -19.68  21.39   0.49  29.07  89.03 132.62   1.50   1.50   4.00   4.00  8.00
714  23    7 -22.93  17.86   0.49  29.07  89.03 142.09   1.50   1.50   4.00   4.00  8.00
715  23    7 -25.56  13.84   0.49  29.07  89.03 151.57   1.50   1.50   4.00   4.00  8.00
716  23    7 -27.49   9.44   0.49  29.07  89.03 161.04   1.50   1.50   4.00   4.00  8.00
717  23    7 -28.67   4.79   0.49  29.07  89.03 170.51   1.50   1.50   4.00   4.00  8.00
718  23    7 -29.07   0.01   0.49  29.07  89.03 179.98   1.50   1.50   4.00   4.00  8.00
719  23    7 -28.67  -4.78   0.49  29.07  89.03 189.46   1.50   1.50   4.00   4.00  8.00
720  23    7 -27.49  -9.43   0.49  29.07  89.03 198.93   1.50   1.50   4.00   4.00  8.00
721  23    7 -25.57 -13.83   0.49  29.07  89.03 208.40   1.50   1.50   4.00   4.00  8.00
722  23    7 -22.94 -17.85   0.49  29.07  89.03 217.88   1.50   1.50   4.00   4.00  8.00
723  23    7 -19.69 -21.38   0.49  29.07  89.03 227.35   1.50   1.50   4.00   4.00  8.00
724  23    7 -15.91 -24.33   0.49  29.07  89.03 236.82   1.50   1.50   4.00   4.00  8.00
725  23    7 -11.69 -26.61   0.49  29.07  89.03 246.29   1.50   1.50   4.00   4.00  8.00
726  23    7  -7.15 -28.17   0.49  29.07  89.03 255.77   1.50   1.50   4.00   4.00  8.00
727  23    7  -2.41 -28.97   0.49  29.07  89.03 265.24   1.50   1.50   4.00   4.00  8.00
728  23    7   2.39 -28.97   0.49  29.07  89.03 274.71   1.50   1.50   4.00   4.00  8.00
729  23    7   7.12 -28.18   0.49  29.07  89.03 284.19   1.50   1.50   4.00   4.00  8.00
730  23    7  11.66 -26.62   0.49  29.07  89.03 293.66   1.50   1.50   4.00   4.00  8.00
731  23    7  15.89 -24.34   0.49  29.07  89.03 303.13   1.50   1.50   4.00   4.00  8.00
732  23    7  19.68 -21.39   0.49  29.07  89.03 312.60   1.50   1.50   4.00   4.00  8.00
733  23    7  22.93 -17.86   0.49  29.07  89.03 322.08   1.50   1.50   4.00   4.00  8.00
734  23    7  25.56 -13.85   0.49  29.07  89.03 331.55   1.50   1.50   4.00   4.00  8.00
735  23    7  27.49  -9.45   0.49  29.07  89.03 341.02   1.50   1.50   4.00   4.00  8.00
736  23    7  28.67  -4.80   0.49  29.07  89.03 350.50   1.50   1.50   4.00   4.00  8.00
737  24    7  28.43   0.00  -1.42  28.47  92.86   0.00   1.50   1.50   4.00   4.00  8.00
738  24    7  28.02   4.80  -1.42  28.47  92.86   9.73   1.50   1.50   4.00   4.00  8.00
739  24    7  26.81   9.47  -1.42  28.47  92.86  19.46   1.50   1.50   4.00   4.00  8.00
740  24    7  24.82  13.86  -1.42  28.47  92.86  29.19   1.50   1.50   4.00   4.00  8.00
741  24    7  22.12  17.86  -1.42  28.47  92.86  38.91   1.50   1.50   4.00   4.00  8.00
742  24    7  18.79  21.34  -1.42  28.47  92.86  48.64   1.50   1.50   4.00   4.00  8.00
743  24    7  14.91  24.21  -1.42  28.47  92.86  58.37   1.50   1.50   4.00   4.00  8.00
744  24    7  10.60  26.38  -1.42  28.47  92.86  68.10   1.50   1.50   4.00   4.00  8.00
745  24    7   5.99  27.79  -1.42  28.47  92.86  77.83   1.50   1.50   4.00   4.00  8.00
746  24    7   1.21  28.40  -1.42  28.47  92.86  87.56   1.50   1.50   4.00   4.00  8.00
747  24    7  -3.60  28.20  -1.42  28.47  92.86  97.28   1.50   1.50   4.00   4.00  8.00
748  24    7  -8.32  27.19  -1.42  28.47  92.86 107.01   1.50   1.50   4.00   4.00  8.00
749  24    7 -12.79  25.39  -1.42  28.47  92.86 116.74   1.50   1.50   4.00   4.00  8.00
750  24    7 -16.90  22.86  -1.42  28.47  92.86 126.47   1.50   1.50   4.00   4.00  8.00
751  24    7 -20.52  19.68  -1.42  28.47  92.86 136.20   1.50   1.50   4.00   4.00  8.00
752  24    7 -23.55  15.93  -1.42  28.47  92.86 145.93   1.50   1.50   4.00   4.00  8.00
753  24    7 -25.90  11.72  -1.42  28.47  92.86 155.66   1.50   1.50   4.00   4.00  8.00
754  24    7 -27.51   7.17  -1.42  28.47  92.86 165.38   1.50   1.50   4.00   4.00  8.00
755  24    7 -28.33   2.42  -1.42  28.47  92.86 175.11   1.50   1.50   4.00   4.00  8.00
756  24    7 -28.33  -2.40  -1.42  28.47  92.86 184.84   1.50   1.50   4.00   4.00  8.00
757  24    7 -27.52  -7.15  -1.42  28.47  92.86 194.57   1.50   1.50   4.00   4.00  8.00
758  24    7 -25.91 -11.70  -1.42  28.47  92.86 204.30   1.50   1.50   4.00   4.00  8.00
759  24    7 -23.56 -15.91  -1.42  28.47  92.86 214.03   1.50   1.50   4.00   4.00  8.00
760  24    7 -20.54 -19.66  -1.42  28.47  92.86 223.75   1.50   1.50   4.00   4.00  8.00
761  24    7 -16.92 -22.85  -1.42  28.47  92.86 233.48   1.50   1.50   4.00   4.00  8.00
762  24    7 -12.81 -25.38  -1.42  28.47  92.86 243.21   1.50   1.50   4.00   4.00  8.00
763  24    7  -8.34 -27.18  -1.42  28.47  92.86 252.94   1.50   1.50   4.00   4.00  8.00
764  24    7  -3.63 -28.20  -1.42  28.47  92.86 262.67   1.50   1.50   4.00   4.00  8.00
765  24    7   1.19 -28.40  -1.42  28.47  92.86 272.40   1.50   1.50   4.00   4.00  8.00
766  24    7   5.97 -27.80  -1.42  28.47  92.86 282.13   1.50   1.50   4.00   4.00  8.00
767  24    7  10.58 -26.39  -1.42  28.47  92.86 291.85   1.50   1.50   4.00   4.00  8.00
768  24    7  14.89 -24.22  -1.42  28.47  92.86 301.58   1.50   1.50   4.00   4.00  8.00
769  24    7  18.77 -21.35  -1.42  28.47  92.86 311.31   1.50   1.50   4.00   4.00  8.00
770  24    7  22.11 -17.88  -1.42  28.47  92.86 321.04   1.50   1.50   4.00   4.00  8.00
771  24    7  24.81 -13.88  -1.42  28.47  92.86 330.77   1.50   1.50   4.00   4.00  8.00
772  24    7  26.80  -9.49  -1.42  28.47  92.86 340.50   1.50   1.50   4.00   4.00  8.00
773  24    7  28.02  -4.83  -1.42  28.47  92.86 350.22   1.50   1.50   4.00   4.00  8.00
774  25    7  27.14   0.00  -3.25  27.33  96.84   0.00   1.50   1.50   4.00   4.00  8.00
775  25    7  26.70   4.85  -3.25  27.33  96.84  10.29   1.50   1.50   4.00   4.00  8.00
776  25    7  25.41   9.54  -3.25  27.33  96.84  20.57   1.50   1.50   4.00   4.00  8.00
777  25    7  23.30  13.92  -3.25  27.33  96.84  30.86   1.50   1.50   4.00   4.00  8.00
778  25    7  20.44  17.86  -3.25  27.33  96.84  41.14   1.50   1.50   4.00   4.00  8.00
779  25    7  16.92  21.22  -3.25  27.33  96.84  51.43   1.50   1.50   4.00   4.00  8.00
780  25    7  12.86  23.90  -3.25  27.33  96.84  61.71   1.50   1.50   4.00   4.00  8.00
781  25    7   8.39  25.81  -3.25  27.33  96.84  72.00   1.50   1.50   4.00   4.00  8.00
782  25    7   3.64  26.89  -3.25  27.33  96.84  82.28   1.50   1.50   4.00   4.00  8.00
783  25    7  -1.22  27.11  -3.25  27.33  96.84  92.57   1.50   1.50   4.00   4.00  8.00
784  25    7  -6.04  26.46  -3.25  27.33  96.84 102.85   1.50   1.50   4.00   4.00  8.00
785  25    7 -10.66  24.96  -3.25  27.33  96.84 113.14   1.50   1.50   4.00   4.00  8.00
786  25    7 -14.95  22.65  -3.25  27.33  96.84 123.42   1.50   1.50   4.00   4.00  8.00
787  25    7 -18.75  19.62  -3.25  27.33  96.84 133.71   1.50   1.50   4.00   4.00  8.00
788  25    7 -21.95  15.95  -3.25  27.33  96.84 144.00   1.50   1.50   4.00   4.00  8.00
789  25    7 -24.45  11.78  -3.25  27.33  96.84 154.28   1.50   1.50   4.00   4.00  8.00
790  25    7 -26.16   7.22  -3.25  27.33  96.84 164.57   1.50   1.50   4.00   4.00  8.00
791  25    7 -27.03   2.44  -3.25  27.33  96.84 174.85   1.50   1.50   4.00   4.00  8.00
792  25    7 -27.03  -2.43  -3.25  27.33  96.84 185.14   1.50   1.50   4.00   4.00  8.00
793  25    7 -26.16  -7.22  -3.25  27.33  96.84 195.42   1.50   1.50   4.00   4.00  8.00
794  25    7 -24.45 -11.77  -3.25  27.33  96.84 205.71   1.50   1.50   4.00   4.00  8.00
795  25    7 -21.96 -15.95  -3.25  27.33  96.84 215.99   1.50   1.50   4.00   4.00  8.00
796  25    7 -18.76 -19.61  -3.25  27.33  96.84 226.28   1.50   1.50   4.00   4.00  8.00
797  25    7 -14.95 -22.65  -3.25  27.33  96.84 236.56   1.50   1.50   4.00   4.00  8.00
798  25    7 -10.67 -24.95  -3.25  27.33  96.84 246.85   1.50   1.50   4.00   4.00  8.00
799  25    7  -6.04 -26.46  -3.25  27.33  96.84 257.13   1.50   1.50   4.00   4.00  8.00
800  25    7  -1.22 -27.11  -3.25  27.33  96.84 267.42   1.50   1.50   4.00   4.00  8.00
801  25    7   3.64 -26.89  -3.25  27.33  96.84 277.71   1.50   1.50   4.00   4.00  8.00
802  25    7   8.38 -25.81  -3.25  27.33  96.84 287.99   1.50   1.50   4.00   4.00  8.00
803  25    7  12.86 -23.90  -3.25  27.33  96.84 298.28   1.50   1.50   4.00   4.00  8.00
804  25    7  16.92 -21.22  -3.25  27.33  96.84 308.56   1.50   1.50   4.00   4.00  8.00
805  25    7  20.43 -17.86  -3.25  27.33  96.84 318.85   1.50   1.50   4.00   4.00  8.00
806  25    7  23.29 -13.92  -3.25  27.33  96.84 329.13   1.50   1.50   4.00   4.00  8.00
807  25    7  25.41  -9.54  -3.25  27.33  96.84 339.42   1.50   1.50   4.00   4.00  8.00
808  25    7  26.70  -4.85  -3.25  27.33  96.84 349.70   1.50   1.50   4.00   4.00  8.00
809  26    7  25.83   0.00  -5.03  26.32 101.02   0.00   1.50   1.50   4.00   4.00  8.00
810  26    7  25.37   4.89  -5.03  26.32 101.02  10.91   1.50   1.50   4.00   4.00  8.00
811  26    7  23.98   9.60  -5.03  26.32 101.02  21.82   1.50   1.50   4.00   4.00  8.00
812  26    7  21.73  13.96  -5.03  26.32 101.02  32.72   1.50   1.50   4.00   4.00  8.00
813  26    7  18.70  17.82  -5.03  26.32 101.02  43.63   1.50   1.50   4.00   4.00  8.00
814  26    7  14.99  21.04  -5.03  26.32 101.02  54.54   1.50   1.50   4.00   4.00  8.00
815  26    7  10.73  23.50  -5.03  26.32 101.02  65.45   1.50   1.50   4.00   4.00  8.00
816  26    7   6.09  25.10  -5.03  26.32 101.02  76.35   1.50   1.50   4.00   4.00  8.00
817  26    7   1.23  25.80  -5.03  26.32 101.02  87.26   1.50   1.50   4.00   4.00  8.00
818  26    7  -3.67  25.57  -5.03  26.32 101.02  98.17   1.50   1.50   4.00   4.00  8.00
819  26    7  -8.44  24.41  -5.03  26.32 101.02 109.08   1.50   1.50   4.00   4.00  8.00
820  26    7 -12.91  22.38  -5.03  26.32 101.02 119.98   1.50   1.50   4.00   4.00  8.00
821  26    7 -16.91  19.53  -5.03  26.32 101.02 130.89   1.50   1.50   4.00   4.00  8.00
822  26    7 -20.30  15.98  -5.03  26.32 101.02 141.80   1.50   1.50   4.00   4.00  8.00
823  26    7 -22.96  11.85  -5.03  26.32 101.02 152.71   1.50   1.50   4.00   4.00  8.00
824  26    7 -24.78   7.29  -5.03  26.32 101.02 163.61   1.50   1.50   4.00   4.00  8.00
825  26    7 -25.71   2.47  -5.03  26.32 101.02 174.52   1.50   1.50   4.00   4.00  8.00
826  26    7 -25.72  -2.44  -5.03  26.32 101.02 185.43   1.50   1.50   4.00   4.00  8.00
827  26    7 -24.79  -7.27  -5.03  26.32 101.02 196.34   1.50   1.50   4.00   4.00  8.00
828  26    7 -22.97 -11.83  -5.03  26.32 101.02 207.24   1.50   1.50   4.00   4.00  8.00
829  26    7 -20.31 -15.96  -5.03  26.32 101.02 218.15   1.50   1.50   4.00   4.00  8.00
830  26    7 -16.93 -19.51  -5.03  26.32 101.02 229.06   1.50   1.50   4.00   4.00  8.00
831  26    7 -12.93 -22.36  -5.03  26.32 101.02 239.97   1.50   1.50   4.00   4.00  8.00
832  26    7  -8.46 -24.41  -5.03  26.32 101.02 250.88   1.50   1.50   4.00   4.00  8.00
833  26    7  -3.69 -25.57  -5.03  26.32 101.02 261.78   1.50   1.50   4.00   4.00  8.00
834  26    7   1.21 -25.80  -5.03  26.32 101.02 272.69   1.50   1.50   4.00   4.00  8.00
835  26    7   6.07 -25.11  -5.03  26.32 101.02 283.60   1.50   1.50   4.00   4.00  8.00
836  26    7  10.72 -23.51  -5.03  26.32 101.02 294.51   1.50   1.50   4.00   4.00  8.00
837  26    7  14.97 -21.05  -5.03  26.32 101.02 305.41   1.50   1.50   4.00   4.00  8.00
838  26    7  18.68 -17.84  -5.03  26.32 101.02 316.32   1.50   1.50   4.00   4.00  8.00
839  26    7  21.72 -13.98  -5.03  26.32 101.02 327.23   1.50   1.50   4.00   4.00  8.00
840  26    7  23.97  -9.62  -5.03  26.32 101.02 338.14   1.50   1.50   4.00   4.00  8.00
841  26    7  25.36  -4.91  -5.03  26.32 101.02 349.04   1.50   1.50   4.00   4.00  8.00
842  27    7  24.50   0.00  -6.76  25.41 105.42   0.00   1.50   1.50   4.00   4.00  8.00
843  27    7  24.00   4.93  -6.76  25.41 105.42  11.61   1.50   1.50   4.00   4.00  8.00
844  27    7  22.51   9.66  -6.76  25.41 105.42  23.22   1.50   1.50   4.00   4.00  8.00
845  27    7  20.11  13.99  -6.76  25.41 105.42  34.83   1.50   1.50   4.00   4.00  8.00
846  27    7  16.88  17.76  -6.76  25.41 105.42  46.45   1.50   1.50   4.00   4.00  8.00
847  27    7  12.96  20.79  -6.76  25.41 105.42  58.06   1.50   1.50   4.00   4.00  8.00
848  27    7   8.51  22.97  -6.76  25.41 105.42  69.67   1.50   1.50   4.00   4.00  8.00
849  27    7   3.71  24.22  -6.76  25.41 105.42  81.28   1.50   1.50   4.00   4.00  8.00
850  27    7  -1.24  24.47  -6.76  25.41 105.42  92.89   1.50   1.50   4.00   4.00  8.00
851  27    7  -6.14  23.72  -6.76  25.41 105.42 104.50   1.50   1.50   4.00   4.00  8.00
852  27    7 -10.78  22.00  -6.76  25.41 105.42 116.12   1.50   1.50   4.00   4.00  8.00
853  27    7 -14.99  19.38  -6.76  25.41 105.42 127.73   1.50   1.50   4.00   4.00  8.00
854  27    7 -18.59  15.96  -6.76  25.41 105.42 139.34   1.50   1.50   4.00   4.00  8.00
855  27    7 -21.42  11.90  -6.76  25.41 105.42 150.95   1.50   1.50   4.00   4.00  8.00
856  27    7 -23.37   7.34  -6.76  25.41 105.42 162.56   1.50   1.50   4.00   4.00  8.00
857  27    7 -24.37   2.49  -6.76  25.41 105.42 174.17   1.50   1.50   4.00   4.00  8.00
858  27    7 -24.37  -2.47  -6.76  25.41 105.42 185.79   1.50   1.50   4.00   4.00  8.00
859  27    7 -23.38  -7.33  -6.76  25.41 105.42 197.40   1.50   1.50   4.00   4.00  8.00
860  27    7 -21.43 -11.88  -6.76  25.41 105.42 209.01   1.50   1.50   4.00   4.00  8.00
861  27    7 -18.60 -15.95  -6.76  25.41 105.42 220.62   1.50   1.50   4.00   4.00  8.00
862  27    7 -15.01 -19.37  -6.76  25.41 105.42 232.23   1.50   1.50   4.00   4.00  8.00
863  27    7 -10.80 -21.99  -6.76  25.41 105.42 243.84   1.50   1.50   4.00   4.00  8.00
864  27    7  -6.15 -23.71  -6.76  25.41 105.42 255.46   1.50   1.50   4.00   4.00  8.00
865  27    7  -1.25 -24.47  -6.76  25.41 105.42 267.07   1.50   1.50   4.00   4.00  8.00
866  27    7   3.70 -24.22  -6.76  25.41 105.42 278.68   1.50   1.50   4.00   4.00  8.00
867  27    7   8.50 -22.98  -6.76  25.41 105.42 290.29   1.50   1.50   4.00   4.00  8.00
868  27    7  12.95 -20.80  -6.76  25.41 105.42 301.90   1.50   1.50   4.00   4.00  8.00
869  27    7  16.87 -17.77  -6.76  25.41 105.42 313.51   1.50   1.50   4.00   4.00  8.00
870  27    7  20.10 -14.01  -6.76  25.41 105.42 325.12   1.50   1.50   4.00   4.00  8.00
871  27    7  22.51  -9.68  -6.76  25.41 105.42 336.74   1.50   1.50   4.00   4.00  8.00
872  27    7  23.99  -4.95  -6.76  25.41 105.42 348.35   1.50   1.50   4.00   4.00  8.00
873  28    7  22.48   0.00  -8.23  23.94 110.10   0.00   1.50   1.50   4.00   4.00  8.00
874  28    7  21.91   5.00  -8.23  23.94 110.10  12.86   1.50   1.50   4.00   4.00  8.00
875  28    7  20.25   9.75  -8.23  23.94 110.10  25.71   1.50   1.50   4.00   4.00  8.00
876  28    7  17.57  14.01  -8.23  23.94 110.10  38.57   1.50   1.50   4.00   4.00  8.00
877  28    7  14.02  17.57  -8.23  23.94 110.10  51.42   1.50   1.50   4.00   4.00  8.00
878  28    7   9.75  20.25  -8.23  23.94 110.10  64.28   1.50   1.50   4.00   4.00  8.00
879  28    7   5.00  21.91  -8.23  23.94 110.10  77.14   1.50   1.50   4.00   4.00  8.00
880  28    7   0.00  22.48  -8.23  23.94 110.10  89.99   1.50   1.50   4.00   4.00  8.00
881  28    7  -5.00  21.91  -8.23  23.94 110.10 102.85   1.50   1.50   4.00   4.00  8.00
882  28    7  -9.75  20.25  -8.23  23.94 110.10 115.71   1.50   1.50   4.00   4.00  8.00
883  28    7 -14.01  17.58  -8.23  23.94 110.10 128.56   1.50   1.50   4.00   4.00  8.00
884  28    7 -17.57  14.02  -8.23  23.94 110.10 141.42   1.50   1.50   4.00   4.00  8.00
885  28    7 -20.25   9.76  -8.23  23.94 110.10 154.27   1.50   1.50   4.00   4.00  8.00
886  28    7 -21.91   5.01  -8.23  23.94 110.10 167.13   1.50   1.50   4.00   4.00  8.00
887  28    7 -22.48   0.01  -8.23  23.94 110.10 179.99   1.50   1.50   4.00   4.00  8.00
888  28    7 -21.91  -5.00  -8.23  23.94 110.10 192.84   1.50   1.50   4.00   4.00  8.00
889  28    7 -20.25  -9.75  -8.23  23.94 110.10 205.70   1.50   1.50   4.00   4.00  8.00
890  28    7 -17.58 -14.01  -8.23  23.94 110.10 218.55   1.50   1.50   4.00   4.00  8.00
891  28    7 -14.02 -17.57  -8.23  23.94 110.10 231.41   1.50   1.50   4.00   4.00  8.00
892  28    7  -9.76 -20.25  -8.23  23.94 110.10 244.27   1.50   1.50   4.00   4.00  8.00
893  28    7  -5.01 -21.91  -8.23  23.94 110.10 257.12   1.50   1.50   4.00   4.00  8.00
894  28    7  -0.01 -22.48  -8.23  23.94 110.10 269.98   1.50   1.50   4.00   4.00  8.00
895  28    7   4.99 -21.92  -8.23  23.94 110.10 282.84   1.50   1.50   4.00   4.00  8.00
896  28    7   9.74 -20.25  -8.23  23.94 110.10 295.69   1.50   1.50   4.00   4.00  8.00
897  28    7  14.01 -17.58  -8.23  23.94 110.10 308.55   1.50   1.50   4.00   4.00  8.00
898  28    7  17.57 -14.02  -8.23  23.94 110.10 321.40   1.50   1.50   4.00   4.00  8.00
899  28    7  20.25  -9.76  -8.23  23.94 110.10 334.26   1.50   1.50   4.00   4.00  8.00
900  28    7  21.91  -5.01  -8.23  23.94 110.10 347.12   1.50   1.50   4.00   4.00  8.00
901  29    7  20.42   0.00  -9.60  22.56 115.17   0.00   1.50   1.50   4.00   4.00  8.00
902  29    7  19.78   5.08  -9.60  22.56 115.17  14.40   1.50   1.50   4.00   4.00  8.00
903  29    7  17.89   9.84  -9.60  22.56 115.17  28.80   1.50   1.50   4.00   4.00  8.00
904  29    7  14.88  13.98  -9.60  22.56 115.17  43.20   1.50   1.50   4.00   4.00  8.00
905  29    7  10.94  17.24  -9.60  22.56 115.17  57.60   1.50   1.50   4.00   4.00  8.00
906  29    7   6.31  19.42  -9.60  22.56 115.17  72.00   1.50   1.50   4.00   4.00  8.00
907  29    7   1.28  20.38  -9.60  22.56 115.17  86.40   1.50   1.50   4.00   4.00  8.00
908  29    7  -3.83  20.06  -9.60  22.56 115.17 100.80   1.50   1.50   4.00   4.00  8.00
909  29    7  -8.69  18.47  -9.60  22.56 115.17 115.20   1.50   1.50   4.00   4.00  8.00
910  29    7 -13.01  15.73  -9.60  22.56 115.17 129.60   1.50   1.50   4.00   4.00  8.00
911  29    7 -16.52  12.00  -9.60  22.56 115.17 144.00   1.50   1.50   4.00   4.00  8.00
912  29    7 -18.98   7.52  -9.60  22.56 115.17 158.40   1.50   1.50   4.00   4.00  8.00
913  29    7 -20.26   2.56  -9.60  22.56 115.17 172.80   1.50   1.50   4.00   4.00  8.00
914  29    7 -20.26  -2.56  -9.60  22.56 115.17 187.20   1.50   1.50   4.00   4.00  8.00
915  29    7 -18.98  -7.52  -9.60  22.56 115.17 201.60   1.50   1.50   4.00   4.00  8.00
916  29    7 -16.52 -12.00  -9.60  22.56 115.17 216.00   1.50   1.50   4.00   4.00  8.00
917  29    7 -13.02 -15.73  -9.60  22.56 115.17 230.40   1.50   1.50   4.00   4.00  8.00
918  29    7  -8.69 -18.47  -9.60  22.56 115.17 244.80   1.50   1.50   4.00   4.00  8.00
919  29    7  -3.83 -20.06  -9.60  22.56 115.17 259.20   1.50   1.50   4.00   4.00  8.00
920  29    7   1.28 -20.38  -9.60  22.56 115.17 273.60   1.50   1.50   4.00   4.00  8.00
921  29    7   6.31 -19.42  -9.60  22.56 115.17 288.00   1.50   1.50   4.00   4.00  8.00
922  29    7  10.94 -17.24  -9.60  22.56 115.17 302.40   1.50   1.50   4.00   4.00  8.00
923  29    7  14.88 -13.98  -9.60  22.56 115.17 316.80   1.50   1.50   4.00   4.00  8.00
924  29    7  17.89  -9.84  -9.60  22.56 115.17 331.20   1.50   1.50   4.00   4.00  8.00
925  29    7  19.78  -5.08  -9.60  22.56 115.17 345.60   1.50   1.50   4.00   4.00  8.00
926  30    7  18.32   0.00 -10.87  21.30 120.68   0.00   1.50   1.50   4.00   4.00  8.00
927  30    7  17.58   5.16 -10.87  21.30 120.68  16.36   1.50   1.50   4.00   4.00  8.00
928  30    7  15.41   9.90 -10.87  21.30 120.68  32.73   1.50   1.50   4.00   4.00  8.00
929  30    7  12.00  13.84 -10.87  21.30 120.68  49.09   1.50   1.50   4.00   4.00  8.00
930  30    7   7.61  16.66 -10.87  21.30 120.68  65.45   1.50   1.50   4.00   4.00  8.00
931  30    7   2.61  18.13 -10.87  21.30 120.68  81.81   1.50   1.50   4.00   4.00  8.00
932  30    7  -2.60  18.13 -10.87  21.30 120.68  98.18   1.50   1.50   4.00   4.00  8.00
933  30    7  -7.61  16.66 -10.87  21.30 120.68 114.54   1.50   1.50   4.00   4.00  8.00
934  30    7 -11.99  13.84 -10.87  21.30 120.68 130.90   1.50   1.50   4.00   4.00  8.00
935  30    7 -15.41   9.91 -10.87  21.30 120.68 147.26   1.50   1.50   4.00   4.00  8.00
936  30    7 -17.57   5.16 -10.87  21.30 120.68 163.63   1.50   1.50   4.00   4.00  8.00
937  30    7 -18.32   0.00 -10.87  21.30 120.68 179.99   1.50   1.50   4.00   4.00  8.00
938  30    7 -17.58  -5.16 -10.87  21.30 120.68 196.35   1.50   1.50   4.00   4.00  8.00
939  30    7 -15.41  -9.90 -10.87  21.30 120.68 212.71   1.50   1.50   4.00   4.00  8.00
940  30    7 -12.00 -13.84 -10.87  21.30 120.68 229.08   1.50   1.50   4.00   4.00  8.00
941  30    7  -7.61 -16.66 -10.87  21.30 120.68 245.44   1.50   1.50   4.00   4.00  8.00
942  30    7  -2.61 -18.13 -10.87  21.30 120.68 261.80   1.50   1.50   4.00   4.00  8.00
943  30    7   2.60 -18.13 -10.87  21.30 120.68 278.16   1.50   1.50   4.00   4.00  8.00
944  30    7   7.60 -16.66 -10.87  21.30 120.68 294.53   1.50   1.50   4.00   4.00  8.00
945  30    7  11.99 -13.85 -10.87  21.30 120.68 310.89   1.50   1.50   4.00   4.00  8.00
946  30    7  15.41  -9.91 -10.87  21.30 120.68 327.25   1.50   1.50   4.00   4.00  8.00
947  30    7  17.57  -5.17 -10.87  21.30 120.68 343.61   1.50   1.50   4.00   4.00  8.00
948  31    7  16.16   0.00 -12.03  20.15 126.67   0.00   1.50   1.50   4.00   4.00  8.00
949  31    7  15.28   5.25 -12.03  20.15 126.67  18.95   1.50   1.50   4.00   4.00  8.00
950  31    7  12.75   9.93 -12.03  20.15 126.67  37.89   1.50   1.50   4.00   4.00  8.00
951  31    7   8.84  13.53 -12.03  20.15 126.67  56.84   1.50   1.50   4.00   4.00  8.00
952  31    7   3.97  15.66 -12.03  20.15 126.67  75.79   1.50   1.50   4.00   4.00  8.00
953  31    7  -1.33  16.10 -12.03  20.15 126.67  94.74   1.50   1.50   4.00   4.00  8.00
954  31    7  -6.49  14.80 -12.03  20.15 126.67 113.68   1.50   1.50   4.00   4.00  8.00
955  31    7 -10.94  11.89 -12.03  20.15 126.67 132.63   1.50   1.50   4.00   4.00  8.00
956  31    7 -14.21   7.69 -12.03  20.15 126.67 151.58   1.50   1.50   4.00   4.00  8.00
957  31    7 -15.94   2.66 -12.03  20.15 126.67 170.53   1.50   1.50   4.00   4.00  8.00
958  31    7 -15.94  -2.66 -12.03  20.15 126.67 189.47   1.50   1.50   4.00   4.00  8.00
959  31    7 -14.21  -7.69 -12.03  20.15 126.67 208.42   1.50   1.50   4.00   4.00  8.00
960  31    7 -10.94 -11.89 -12.03  20.15 126.67 227.37   1.50   1.50   4.00   4.00  8.00
961  31    7  -6.49 -14.80 -12.03  20.15 126.67 246.31   1.50   1.50   4.00   4.00  8.00
962  31    7  -1.33 -16.10 -12.03  20.15 126.67 265.26   1.50   1.50   4.00   4.00  8.00
963  31    7   3.97 -15.66 -12.03  20.15 126.67 284.21   1.50   1.50   4.00   4.00  8.00
964  31    7   8.84 -13.53 -12.03  20.15 126.67 303.16   1.50   1.50   4.00   4.00  8.00
965  31    7  12.75  -9.93 -12.03  20.15 126.67 322.10   1.50   1.50   4.00   4.00  8.00
966  31    7  15.28  -5.25 -12.03  20.15 126.67 341.05   1.50   1.50   4.00   4.00  8.00
967  32    7  13.26   0.00 -12.55  18.26 133.43   0.00   1.50   1.50   4.00   4.00  8.00
968  32    7  12.11   5.39 -12.55  18.26 133.43  24.00   1.50   1.50   4.00   4.00  8.00
969  32    7   8.87   9.85 -12.55  18.26 133.43  48.00   1.50   1.50   4.00   4.00  8.00
970  32    7   4.10  12.61 -12.55  18.26 133.43  72.00   1.50   1.50   4.00   4.00  8.00
971  32    7  -1.38  13.19 -12.55  18.26 133.43  96.00   1.50   1.50   4.00   4.00  8.00
972  32    7  -6.63  11.48 -12.55  18.26 133.43 119.99   1.50   1.50   4.00   4.00  8.00
973  32    7 -10.73   7.79 -12.55  18.26 133.43 143.99   1.50   1.50   4.00   4.00  8.00
974  32    7 -12.97   2.76 -12.55  18.26 133.43 167.99   1.50   1.50   4.00   4.00  8.00
975  32    7 -12.97  -2.75 -12.55  18.26 133.43 191.99   1.50   1.50   4.00   4.00  8.00
976  32    7 -10.73  -7.79 -12.55  18.26 133.43 215.99   1.50   1.50   4.00   4.00  8.00
977  32    7  -6.63 -11.48 -12.55  18.26 133.43 239.99   1.50   1.50   4.00   4.00  8.00
978  32    7  -1.39 -13.19 -12.55  18.26 133.43 263.99   1.50   1.50   4.00   4.00  8.00
979  32    7   4.09 -12.61 -12.55  18.26 133.43 287.99   1.50   1.50   4.00   4.00  8.00
980  32    7   8.87  -9.86 -12.55  18.26 133.43 311.99   1.50   1.50   4.00   4.00  8.00
981  32    7  12.11  -5.40 -12.55  18.26 133.43 335.99   1.50   1.50   4.00   4.00  8.00
982  33    7  10.23   0.00 -12.82  16.40 141.43   0.00   1.50   1.50   4.00   4.00  8.00
983  33    7   8.60   5.53 -12.82  16.40 141.43  32.73   1.50   1.50   4.00   4.00  8.00
984  33    7   4.25   9.30 -12.82  16.40 141.43  65.45   1.50   1.50   4.00   4.00  8.00
985  33    7  -1.46  10.12 -12.82  16.40 141.43  98.18   1.50   1.50   4.00   4.00  8.00
986  33    7  -6.70   7.73 -12.82  16.40 141.43 130.91   1.50   1.50   4.00   4.00  8.00
987  33    7  -9.81   2.88 -12.82  16.40 141.43 163.63   1.50   1.50   4.00   4.00  8.00
988  33    7  -9.81  -2.88 -12.82  16.40 141.43 196.36   1.50   1.50   4.00   4.00  8.00
989  33    7  -6.70  -7.73 -12.82  16.40 141.43 229.09   1.50   1.50   4.00   4.00  8.00
990  33    7  -1.46 -10.12 -12.82  16.40 141.43 261.82   1.50   1.50   4.00   4.00  8.00
991  33    7   4.25  -9.30 -12.82  16.40 141.43 294.54   1.50   1.50   4.00   4.00  8.00
992  33    7   8.60  -5.53 -12.82  16.40 141.43 327.27   1.50   1.50   4.00   4.00  8.00
993  34    7   6.21   0.00 -11.84  13.37 152.34   0.00   1.50   1.50   4.00   4.00  8.00
994  34    7   3.11   5.37 -11.84  13.37 152.34  59.93   1.50   1.50   4.00   4.00  8.00
995  34    7  -3.09   5.38 -11.84  13.37 152.34 119.86   1.50   1.50   4.00   4.00  8.00
996  34    7  -6.21   0.02 -11.84  13.37 152.34 179.78   1.50   1.50   4.00   4.00  8.00
997  34    7  -3.13  -5.36 -11.84  13.37 152.34 239.71   1.50   1.50   4.00   4.00  8.00
998  34    7   3.07  -5.39 -11.84  13.37 152.34 299.64   1.50   1.50   4.00   4.00  8.00
999  35    7   2.92   0.00 -12.53  12.86 166.89   0.00   1.50   1.50   4.00   4.00  8.00
1000  35    7  -1.46   2.53 -12.53  12.86 166.89 119.99   1.50   1.50   4.00   4.00  8.00
1001  35    7  -1.46  -2.53 -12.53  12.86 166.89 239.98   1.50   1.50   4.00   4.00  8.00
-1
