  1   1    7   8.79   0.00  27.11  28.50  17.96   0.00   2.00   2.00   4.00   4.00  10.00      1      1
  2   1    7   6.73   5.65  27.11  28.50  17.96  40.00   2.00   2.00   4.00   4.00  10.00      1      1
  3   1    7   1.53   8.66  27.11  28.50  17.96  79.99   2.00   2.00   4.00   4.00  10.00      1      1
  4   1    7  -4.39   7.61  27.11  28.50  17.96 119.99   2.00   2.00   4.00   4.00  10.00      1      1
  5   1    7  -8.26   3.01  27.11  28.50  17.96 159.99   2.00   2.00   4.00   4.00  10.00      1      1
  6   1    7  -8.26  -3.00  27.11  28.50  17.96 199.99   2.00   2.00   4.00   4.00  10.00      1      1
  7   1    7  -4.40  -7.61  27.11  28.50  17.96 239.98   2.00   2.00   4.00   4.00  10.00      1      1
  8   1    7   1.52  -8.66  27.11  28.50  17.96 279.98   2.00   2.00   4.00   4.00  10.00      1      1
  9   1    7   6.73  -5.65  27.11  28.50  17.96 319.98   2.00   2.00   4.00   4.00  10.00      1      1
 10   2    7  12.34   0.00  26.67  29.37  26.78   0.00   2.00   2.00   4.00   4.00  10.00      2      1
 11   2    7  10.93   5.73  26.67  29.37  26.78  27.69   2.00   2.00   4.00   4.00  10.00      2      1
 12   2    7   7.01  10.16  26.67  29.37  26.78  55.38   2.00   2.00   4.00   4.00  10.00      2      1
 13   2    7   1.49  12.25  26.67  29.37  26.78  83.08   2.00   2.00   4.00   4.00  10.00      2      1
 14   2    7  -4.38  11.54  26.67  29.37  26.78 110.77   2.00   2.00   4.00   4.00  10.00      2      1
 15   2    7  -9.24   8.18  26.67  29.37  26.78 138.46   2.00   2.00   4.00   4.00  10.00      2      1
 16   2    7 -11.98   2.95  26.67  29.37  26.78 166.15   2.00   2.00   4.00   4.00  10.00      2      1
 17   2    7 -11.98  -2.95  26.67  29.37  26.78 193.84   2.00   2.00   4.00   4.00  10.00      2      1
 18   2    7  -9.24  -8.18  26.67  29.37  26.78 221.53   2.00   2.00   4.00   4.00  10.00      2      1
 19   2    7  -4.38 -11.54  26.67  29.37  26.78 249.23   2.00   2.00   4.00   4.00  10.00      2      1
 20   2    7   1.49 -12.25  26.67  29.37  26.78 276.92   2.00   2.00   4.00   4.00  10.00      2      1
 21   2    7   7.01 -10.16  26.67  29.37  26.78 304.61   2.00   2.00   4.00   4.00  10.00      2      1
 22   2    7  10.93  -5.74  26.67  29.37  26.78 332.30   2.00   2.00   4.00   4.00  10.00      2      1
 23   3    7  14.13   0.00  25.77  29.37  26.78   0.00   2.00   2.00   4.00   4.00  10.00      2      2
 24   3    7  12.51   6.56  25.77  29.37  26.78  27.69   2.00   2.00   4.00   4.00  10.00      2      2
 25   3    7   8.02  11.62  25.77  29.37  26.78  55.38   2.00   2.00   4.00   4.00  10.00      2      2
 26   3    7   1.70  14.02  25.77  29.37  26.78  83.08   2.00   2.00   4.00   4.00  10.00      2      2
 27   3    7  -5.01  13.21  25.77  29.37  26.78 110.77   2.00   2.00   4.00   4.00  10.00      2      2
 28   3    7 -10.57   9.37  25.77  29.37  26.78 138.46   2.00   2.00   4.00   4.00  10.00      2      2
 29   3    7 -13.71   3.38  25.77  29.37  26.78 166.15   2.00   2.00   4.00   4.00  10.00      2      2
 30   3    7 -13.72  -3.38  25.77  29.37  26.78 193.84   2.00   2.00   4.00   4.00  10.00      2      2
 31   3    7 -10.57  -9.37  25.77  29.37  26.78 221.53   2.00   2.00   4.00   4.00  10.00      2      2
 32   3    7  -5.01 -13.21  25.77  29.37  26.78 249.23   2.00   2.00   4.00   4.00  10.00      2      2
 33   3    7   1.70 -14.02  25.77  29.37  26.78 276.92   2.00   2.00   4.00   4.00  10.00      2      2
 34   3    7   8.02 -11.63  25.77  29.37  26.78 304.61   2.00   2.00   4.00   4.00  10.00      2      2
 35   3    7  12.51  -6.57  25.77  29.37  26.78 332.30   2.00   2.00   4.00   4.00  10.00      2      2
 36   4    7  20.07   0.00  28.73  35.03  36.57   0.00   2.00   2.00   4.00   4.00  10.00      2      1
 37   4    7  19.32   5.41  28.73  35.03  36.57  15.65   2.00   2.00   4.00   4.00  10.00      2      1
 38   4    7  17.15  10.43  28.73  35.03  36.57  31.30   2.00   2.00   4.00   4.00  10.00      2      1
 39   4    7  13.70  14.67  28.73  35.03  36.57  46.96   2.00   2.00   4.00   4.00  10.00      2      1
 40   4    7   9.23  17.82  28.73  35.03  36.57  62.61   2.00   2.00   4.00   4.00  10.00      2      1
 41   4    7   4.08  19.65  28.73  35.03  36.57  78.26   2.00   2.00   4.00   4.00  10.00      2      1
 42   4    7  -1.37  20.02  28.73  35.03  36.57  93.91   2.00   2.00   4.00   4.00  10.00      2      1
 43   4    7  -6.72  18.91  28.73  35.03  36.57 109.56   2.00   2.00   4.00   4.00  10.00      2      1
 44   4    7 -11.57  16.40  28.73  35.03  36.57 125.22   2.00   2.00   4.00   4.00  10.00      2      1
 45   4    7 -15.57  12.67  28.73  35.03  36.57 140.87   2.00   2.00   4.00   4.00  10.00      2      1
 46   4    7 -18.41   8.00  28.73  35.03  36.57 156.52   2.00   2.00   4.00   4.00  10.00      2      1
 47   4    7 -19.88   2.73  28.73  35.03  36.57 172.17   2.00   2.00   4.00   4.00  10.00      2      1
 48   4    7 -19.88  -2.73  28.73  35.03  36.57 187.82   2.00   2.00   4.00   4.00  10.00      2      1
 49   4    7 -18.41  -7.99  28.73  35.03  36.57 203.48   2.00   2.00   4.00   4.00  10.00      2      1
 50   4    7 -15.57 -12.66  28.73  35.03  36.57 219.13   2.00   2.00   4.00   4.00  10.00      2      1
 51   4    7 -11.57 -16.39  28.73  35.03  36.57 234.78   2.00   2.00   4.00   4.00  10.00      2      1
 52   4    7  -6.72 -18.91  28.73  35.03  36.57 250.43   2.00   2.00   4.00   4.00  10.00      2      1
 53   4    7  -1.37 -20.02  28.73  35.03  36.57 266.08   2.00   2.00   4.00   4.00  10.00      2      1
 54   4    7   4.08 -19.65  28.73  35.03  36.57 281.74   2.00   2.00   4.00   4.00  10.00      2      1
 55   4    7   9.23 -17.82  28.73  35.03  36.57 297.39   2.00   2.00   4.00   4.00  10.00      2      1
 56   4    7  13.70 -14.67  28.73  35.03  36.57 313.04   2.00   2.00   4.00   4.00  10.00      2      1
 57   4    7  17.15 -10.43  28.73  35.03  36.57 328.69   2.00   2.00   4.00   4.00  10.00      2      1
 58   4    7  19.32  -5.42  28.73  35.03  36.57 344.34   2.00   2.00   4.00   4.00  10.00      2      1
 59   5    7  21.67   0.00  27.54  35.03  36.57   0.00   2.00   2.00   4.00   4.00  10.00      2      2
 60   5    7  20.87   5.85  27.54  35.03  36.57  15.65   2.00   2.00   4.00   4.00  10.00      2      2
 61   5    7  18.52  11.26  27.54  35.03  36.57  31.30   2.00   2.00   4.00   4.00  10.00      2      2
 62   5    7  14.79  15.84  27.54  35.03  36.57  46.96   2.00   2.00   4.00   4.00  10.00      2      2
 63   5    7   9.97  19.24  27.54  35.03  36.57  62.61   2.00   2.00   4.00   4.00  10.00      2      2
 64   5    7   4.41  21.22  27.54  35.03  36.57  78.26   2.00   2.00   4.00   4.00  10.00      2      2
 65   5    7  -1.48  21.62  27.54  35.03  36.57  93.91   2.00   2.00   4.00   4.00  10.00      2      2
 66   5    7  -7.26  20.42  27.54  35.03  36.57 109.56   2.00   2.00   4.00   4.00  10.00      2      2
 67   5    7 -12.50  17.71  27.54  35.03  36.57 125.22   2.00   2.00   4.00   4.00  10.00      2      2
 68   5    7 -16.81  13.68  27.54  35.03  36.57 140.87   2.00   2.00   4.00   4.00  10.00      2      2
 69   5    7 -19.88   8.64  27.54  35.03  36.57 156.52   2.00   2.00   4.00   4.00  10.00      2      2
 70   5    7 -21.47   2.95  27.54  35.03  36.57 172.17   2.00   2.00   4.00   4.00  10.00      2      2
 71   5    7 -21.47  -2.95  27.54  35.03  36.57 187.82   2.00   2.00   4.00   4.00  10.00      2      2
 72   5    7 -19.88  -8.63  27.54  35.03  36.57 203.48   2.00   2.00   4.00   4.00  10.00      2      2
 73   5    7 -16.81 -13.68  27.54  35.03  36.57 219.13   2.00   2.00   4.00   4.00  10.00      2      2
 74   5    7 -12.50 -17.71  27.54  35.03  36.57 234.78   2.00   2.00   4.00   4.00  10.00      2      2
 75   5    7  -7.26 -20.42  27.54  35.03  36.57 250.43   2.00   2.00   4.00   4.00  10.00      2      2
 76   5    7  -1.48 -21.62  27.54  35.03  36.57 266.08   2.00   2.00   4.00   4.00  10.00      2      2
 77   5    7   4.41 -21.22  27.54  35.03  36.57 281.74   2.00   2.00   4.00   4.00  10.00      2      2
 78   5    7   9.97 -19.25  27.54  35.03  36.57 297.39   2.00   2.00   4.00   4.00  10.00      2      2
 79   5    7  14.79 -15.84  27.54  35.03  36.57 313.04   2.00   2.00   4.00   4.00  10.00      2      2
 80   5    7  18.52 -11.26  27.54  35.03  36.57 328.69   2.00   2.00   4.00   4.00  10.00      2      2
 81   5    7  20.87  -5.85  27.54  35.03  36.57 344.34   2.00   2.00   4.00   4.00  10.00      2      2
 82   6    7  25.54   0.00  26.78  36.96  46.74   0.00   2.00   2.00   4.00   4.00  10.00      3      1
 83   6    7  24.98   5.31  26.78  36.96  46.74  12.00   2.00   2.00   4.00   4.00  10.00      3      1
 84   6    7  23.33  10.39  26.78  36.96  46.74  24.00   2.00   2.00   4.00   4.00  10.00      3      1
 85   6    7  20.66  15.01  26.78  36.96  46.74  36.00   2.00   2.00   4.00   4.00  10.00      3      1
 86   6    7  17.09  18.98  26.78  36.96  46.74  48.00   2.00   2.00   4.00   4.00  10.00      3      1
 87   6    7  12.77  22.12  26.78  36.96  46.74  60.00   2.00   2.00   4.00   4.00  10.00      3      1
 88   6    7   7.89  24.29  26.78  36.96  46.74  72.00   2.00   2.00   4.00   4.00  10.00      3      1
 89   6    7   2.67  25.40  26.78  36.96  46.74  84.00   2.00   2.00   4.00   4.00  10.00      3      1
 90   6    7  -2.67  25.40  26.78  36.96  46.74  96.00   2.00   2.00   4.00   4.00  10.00      3      1
 91   6    7  -7.89  24.29  26.78  36.96  46.74 108.00   2.00   2.00   4.00   4.00  10.00      3      1
 92   6    7 -12.77  22.12  26.78  36.96  46.74 120.00   2.00   2.00   4.00   4.00  10.00      3      1
 93   6    7 -17.09  18.98  26.78  36.96  46.74 132.00   2.00   2.00   4.00   4.00  10.00      3      1
 94   6    7 -20.66  15.01  26.78  36.96  46.74 144.00   2.00   2.00   4.00   4.00  10.00      3      1
 95   6    7 -23.33  10.39  26.78  36.96  46.74 156.00   2.00   2.00   4.00   4.00  10.00      3      1
 96   6    7 -24.98   5.31  26.78  36.96  46.74 168.00   2.00   2.00   4.00   4.00  10.00      3      1
 97   6    7 -25.54   0.00  26.78  36.96  46.74 180.00   2.00   2.00   4.00   4.00  10.00      3      1
 98   6    7 -24.98  -5.31  26.78  36.96  46.74 192.00   2.00   2.00   4.00   4.00  10.00      3      1
 99   6    7 -23.33 -10.39  26.78  36.96  46.74 204.00   2.00   2.00   4.00   4.00  10.00      3      1
100   6    7 -20.66 -15.01  26.78  36.96  46.74 216.00   2.00   2.00   4.00   4.00  10.00      3      1
101   6    7 -17.09 -18.98  26.78  36.96  46.74 227.99   2.00   2.00   4.00   4.00  10.00      3      1
102   6    7 -12.77 -22.12  26.78  36.96  46.74 239.99   2.00   2.00   4.00   4.00  10.00      3      1
103   6    7  -7.90 -24.29  26.78  36.96  46.74 251.99   2.00   2.00   4.00   4.00  10.00      3      1
104   6    7  -2.67 -25.40  26.78  36.96  46.74 263.99   2.00   2.00   4.00   4.00  10.00      3      1
105   6    7   2.67 -25.40  26.78  36.96  46.74 275.99   2.00   2.00   4.00   4.00  10.00      3      1
106   6    7   7.89 -24.29  26.78  36.96  46.74 287.99   2.00   2.00   4.00   4.00  10.00      3      1
107   6    7  12.77 -22.12  26.78  36.96  46.74 299.99   2.00   2.00   4.00   4.00  10.00      3      1
108   6    7  17.09 -18.98  26.78  36.96  46.74 311.99   2.00   2.00   4.00   4.00  10.00      3      1
109   6    7  20.66 -15.02  26.78  36.96  46.74 323.99   2.00   2.00   4.00   4.00  10.00      3      1
110   6    7  23.33 -10.39  26.78  36.96  46.74 335.99   2.00   2.00   4.00   4.00  10.00      3      1
111   6    7  24.98  -5.31  26.78  36.96  46.74 347.99   2.00   2.00   4.00   4.00  10.00      3      1
112   7    7  26.91   0.00  25.33  36.96  46.74   0.00   2.00   2.00   4.00   4.00  10.00      3      2
113   7    7  26.32   5.60  25.33  36.96  46.74  12.00   2.00   2.00   4.00   4.00  10.00      3      2
114   7    7  24.59  10.95  25.33  36.96  46.74  24.00   2.00   2.00   4.00   4.00  10.00      3      2
115   7    7  21.77  15.82  25.33  36.96  46.74  36.00   2.00   2.00   4.00   4.00  10.00      3      2
116   7    7  18.01  20.00  25.33  36.96  46.74  48.00   2.00   2.00   4.00   4.00  10.00      3      2
117   7    7  13.46  23.31  25.33  36.96  46.74  60.00   2.00   2.00   4.00   4.00  10.00      3      2
118   7    7   8.32  25.59  25.33  36.96  46.74  72.00   2.00   2.00   4.00   4.00  10.00      3      2
119   7    7   2.81  26.76  25.33  36.96  46.74  84.00   2.00   2.00   4.00   4.00  10.00      3      2
120   7    7  -2.81  26.76  25.33  36.96  46.74  96.00   2.00   2.00   4.00   4.00  10.00      3      2
121   7    7  -8.32  25.60  25.33  36.96  46.74 108.00   2.00   2.00   4.00   4.00  10.00      3      2
122   7    7 -13.45  23.31  25.33  36.96  46.74 120.00   2.00   2.00   4.00   4.00  10.00      3      2
123   7    7 -18.01  20.00  25.33  36.96  46.74 132.00   2.00   2.00   4.00   4.00  10.00      3      2
124   7    7 -21.77  15.82  25.33  36.96  46.74 144.00   2.00   2.00   4.00   4.00  10.00      3      2
125   7    7 -24.58  10.95  25.33  36.96  46.74 156.00   2.00   2.00   4.00   4.00  10.00      3      2
126   7    7 -26.32   5.60  25.33  36.96  46.74 168.00   2.00   2.00   4.00   4.00  10.00      3      2
127   7    7 -26.91   0.00  25.33  36.96  46.74 180.00   2.00   2.00   4.00   4.00  10.00      3      2
128   7    7 -26.32  -5.59  25.33  36.96  46.74 192.00   2.00   2.00   4.00   4.00  10.00      3      2
129   7    7 -24.59 -10.94  25.33  36.96  46.74 204.00   2.00   2.00   4.00   4.00  10.00      3      2
130   7    7 -21.77 -15.82  25.33  36.96  46.74 216.00   2.00   2.00   4.00   4.00  10.00      3      2
131   7    7 -18.01 -20.00  25.33  36.96  46.74 227.99   2.00   2.00   4.00   4.00  10.00      3      2
132   7    7 -13.46 -23.31  25.33  36.96  46.74 239.99   2.00   2.00   4.00   4.00  10.00      3      2
133   7    7  -8.32 -25.59  25.33  36.96  46.74 251.99   2.00   2.00   4.00   4.00  10.00      3      2
134   7    7  -2.82 -26.76  25.33  36.96  46.74 263.99   2.00   2.00   4.00   4.00  10.00      3      2
135   7    7   2.81 -26.76  25.33  36.96  46.74 275.99   2.00   2.00   4.00   4.00  10.00      3      2
136   7    7   8.31 -25.60  25.33  36.96  46.74 287.99   2.00   2.00   4.00   4.00  10.00      3      2
137   7    7  13.45 -23.31  25.33  36.96  46.74 299.99   2.00   2.00   4.00   4.00  10.00      3      2
138   7    7  18.01 -20.00  25.33  36.96  46.74 311.99   2.00   2.00   4.00   4.00  10.00      3      2
139   7    7  21.77 -15.82  25.33  36.96  46.74 323.99   2.00   2.00   4.00   4.00  10.00      3      2
140   7    7  24.58 -10.95  25.33  36.96  46.74 335.99   2.00   2.00   4.00   4.00  10.00      3      2
141   7    7  26.32  -5.60  25.33  36.96  46.74 347.99   2.00   2.00   4.00   4.00  10.00      3      2
142   8    7  28.28   0.00  23.87  36.96  46.74   0.00   2.00   2.00   4.00   4.00  10.00      3      3
143   8    7  27.66   5.88  23.87  36.96  46.74  12.00   2.00   2.00   4.00   4.00  10.00      3      3
144   8    7  25.84  11.50  23.87  36.96  46.74  24.00   2.00   2.00   4.00   4.00  10.00      3      3
145   8    7  22.88  16.62  23.87  36.96  46.74  36.00   2.00   2.00   4.00   4.00  10.00      3      3
146   8    7  18.93  21.02  23.87  36.96  46.74  48.00   2.00   2.00   4.00   4.00  10.00      3      3
147   8    7  14.14  24.49  23.87  36.96  46.74  60.00   2.00   2.00   4.00   4.00  10.00      3      3
148   8    7   8.74  26.90  23.87  36.96  46.74  72.00   2.00   2.00   4.00   4.00  10.00      3      3
149   8    7   2.96  28.13  23.87  36.96  46.74  84.00   2.00   2.00   4.00   4.00  10.00      3      3
150   8    7  -2.96  28.13  23.87  36.96  46.74  96.00   2.00   2.00   4.00   4.00  10.00      3      3
151   8    7  -8.74  26.90  23.87  36.96  46.74 108.00   2.00   2.00   4.00   4.00  10.00      3      3
152   8    7 -14.14  24.49  23.87  36.96  46.74 120.00   2.00   2.00   4.00   4.00  10.00      3      3
153   8    7 -18.92  21.02  23.87  36.96  46.74 132.00   2.00   2.00   4.00   4.00  10.00      3      3
154   8    7 -22.88  16.63  23.87  36.96  46.74 144.00   2.00   2.00   4.00   4.00  10.00      3      3
155   8    7 -25.84  11.51  23.87  36.96  46.74 156.00   2.00   2.00   4.00   4.00  10.00      3      3
156   8    7 -27.66   5.88  23.87  36.96  46.74 168.00   2.00   2.00   4.00   4.00  10.00      3      3
157   8    7 -28.28   0.00  23.87  36.96  46.74 180.00   2.00   2.00   4.00   4.00  10.00      3      3
158   8    7 -27.67  -5.88  23.87  36.96  46.74 192.00   2.00   2.00   4.00   4.00  10.00      3      3
159   8    7 -25.84 -11.50  23.87  36.96  46.74 204.00   2.00   2.00   4.00   4.00  10.00      3      3
160   8    7 -22.88 -16.62  23.87  36.96  46.74 216.00   2.00   2.00   4.00   4.00  10.00      3      3
161   8    7 -18.93 -21.02  23.87  36.96  46.74 227.99   2.00   2.00   4.00   4.00  10.00      3      3
162   8    7 -14.14 -24.49  23.87  36.96  46.74 239.99   2.00   2.00   4.00   4.00  10.00      3      3
163   8    7  -8.74 -26.90  23.87  36.96  46.74 251.99   2.00   2.00   4.00   4.00  10.00      3      3
164   8    7  -2.96 -28.13  23.87  36.96  46.74 263.99   2.00   2.00   4.00   4.00  10.00      3      3
165   8    7   2.95 -28.13  23.87  36.96  46.74 275.99   2.00   2.00   4.00   4.00  10.00      3      3
166   8    7   8.74 -26.90  23.87  36.96  46.74 287.99   2.00   2.00   4.00   4.00  10.00      3      3
167   8    7  14.14 -24.50  23.87  36.96  46.74 299.99   2.00   2.00   4.00   4.00  10.00      3      3
168   8    7  18.92 -21.02  23.87  36.96  46.74 311.99   2.00   2.00   4.00   4.00  10.00      3      3
169   8    7  22.88 -16.63  23.87  36.96  46.74 323.99   2.00   2.00   4.00   4.00  10.00      3      3
170   8    7  25.84 -11.51  23.87  36.96  46.74 335.99   2.00   2.00   4.00   4.00  10.00      3      3
171   8    7  27.66  -5.88  23.87  36.96  46.74 347.99   2.00   2.00   4.00   4.00  10.00      3      3
172   9    7  32.30   0.00  22.57  39.35  57.96   0.00   2.00   2.00   4.00   4.00  10.00      3      1
173   9    7  31.88   5.18  22.57  39.35  57.96   9.23   2.00   2.00   4.00   4.00  10.00      3      1
174   9    7  30.63  10.23  22.57  39.35  57.96  18.46   2.00   2.00   4.00   4.00  10.00      3      1
175   9    7  28.60  15.01  22.57  39.35  57.96  27.69   2.00   2.00   4.00   4.00  10.00      3      1
176   9    7  25.82  19.40  22.57  39.35  57.96  36.92   2.00   2.00   4.00   4.00  10.00      3      1
177   9    7  22.37  23.29  22.57  39.35  57.96  46.15   2.00   2.00   4.00   4.00  10.00      3      1
178   9    7  18.35  26.58  22.57  39.35  57.96  55.38   2.00   2.00   4.00   4.00  10.00      3      1
179   9    7  13.85  29.18  22.57  39.35  57.96  64.61   2.00   2.00   4.00   4.00  10.00      3      1
180   9    7   8.99  31.02  22.57  39.35  57.96  73.85   2.00   2.00   4.00   4.00  10.00      3      1
181   9    7   3.89  32.06  22.57  39.35  57.96  83.08   2.00   2.00   4.00   4.00  10.00      3      1
182   9    7  -1.30  32.27  22.57  39.35  57.96  92.31   2.00   2.00   4.00   4.00  10.00      3      1
183   9    7  -6.46  31.64  22.57  39.35  57.96 101.54   2.00   2.00   4.00   4.00  10.00      3      1
184   9    7 -11.45  30.20  22.57  39.35  57.96 110.77   2.00   2.00   4.00   4.00  10.00      3      1
185   9    7 -16.15  27.97  22.57  39.35  57.96 120.00   2.00   2.00   4.00   4.00  10.00      3      1
186   9    7 -20.43  25.02  22.57  39.35  57.96 129.23   2.00   2.00   4.00   4.00  10.00      3      1
187   9    7 -24.17  21.42  22.57  39.35  57.96 138.46   2.00   2.00   4.00   4.00  10.00      3      1
188   9    7 -27.30  17.26  22.57  39.35  57.96 147.69   2.00   2.00   4.00   4.00  10.00      3      1
189   9    7 -29.71  12.66  22.57  39.35  57.96 156.92   2.00   2.00   4.00   4.00  10.00      3      1
190   9    7 -31.36   7.73  22.57  39.35  57.96 166.15   2.00   2.00   4.00   4.00  10.00      3      1
191   9    7 -32.19   2.60  22.57  39.35  57.96 175.38   2.00   2.00   4.00   4.00  10.00      3      1
192   9    7 -32.19  -2.60  22.57  39.35  57.96 184.61   2.00   2.00   4.00   4.00  10.00      3      1
193   9    7 -31.36  -7.73  22.57  39.35  57.96 193.84   2.00   2.00   4.00   4.00  10.00      3      1
194   9    7 -29.71 -12.66  22.57  39.35  57.96 203.08   2.00   2.00   4.00   4.00  10.00      3      1
195   9    7 -27.30 -17.26  22.57  39.35  57.96 212.31   2.00   2.00   4.00   4.00  10.00      3      1
196   9    7 -24.17 -21.42  22.57  39.35  57.96 221.54   2.00   2.00   4.00   4.00  10.00      3      1
197   9    7 -20.43 -25.02  22.57  39.35  57.96 230.77   2.00   2.00   4.00   4.00  10.00      3      1
198   9    7 -16.15 -27.97  22.57  39.35  57.96 240.00   2.00   2.00   4.00   4.00  10.00      3      1
199   9    7 -11.45 -30.20  22.57  39.35  57.96 249.23   2.00   2.00   4.00   4.00  10.00      3      1
200   9    7  -6.46 -31.64  22.57  39.35  57.96 258.46   2.00   2.00   4.00   4.00  10.00      3      1
201   9    7  -1.30 -32.27  22.57  39.35  57.96 267.69   2.00   2.00   4.00   4.00  10.00      3      1
202   9    7   3.89 -32.06  22.57  39.35  57.96 276.92   2.00   2.00   4.00   4.00  10.00      3      1
203   9    7   8.98 -31.02  22.57  39.35  57.96 286.15   2.00   2.00   4.00   4.00  10.00      3      1
204   9    7  13.84 -29.18  22.57  39.35  57.96 295.38   2.00   2.00   4.00   4.00  10.00      3      1
205   9    7  18.35 -26.58  22.57  39.35  57.96 304.61   2.00   2.00   4.00   4.00  10.00      3      1
206   9    7  22.37 -23.29  22.57  39.35  57.96 313.84   2.00   2.00   4.00   4.00  10.00      3      1
207   9    7  25.82 -19.40  22.57  39.35  57.96 323.07   2.00   2.00   4.00   4.00  10.00      3      1
208   9    7  28.60 -15.01  22.57  39.35  57.96 332.31   2.00   2.00   4.00   4.00  10.00      3      1
209   9    7  30.63 -10.23  22.57  39.35  57.96 341.54   2.00   2.00   4.00   4.00  10.00      3      1
210   9    7  31.88  -5.18  22.57  39.35  57.96 350.77   2.00   2.00   4.00   4.00  10.00      3      1
211  10    7  33.36   0.00  20.88  39.35  57.96   0.00   2.00   2.00   4.00   4.00  10.00      3      2
212  10    7  32.93   5.35  20.88  39.35  57.96   9.23   2.00   2.00   4.00   4.00  10.00      3      2
213  10    7  31.64  10.56  20.88  39.35  57.96  18.46   2.00   2.00   4.00   4.00  10.00      3      2
214  10    7  29.54  15.50  20.88  39.35  57.96  27.69   2.00   2.00   4.00   4.00  10.00      3      2
215  10    7  26.67  20.04  20.88  39.35  57.96  36.92   2.00   2.00   4.00   4.00  10.00      3      2
216  10    7  23.11  24.06  20.88  39.35  57.96  46.15   2.00   2.00   4.00   4.00  10.00      3      2
217  10    7  18.95  27.45  20.88  39.35  57.96  55.38   2.00   2.00   4.00   4.00  10.00      3      2
218  10    7  14.30  30.14  20.88  39.35  57.96  64.61   2.00   2.00   4.00   4.00  10.00      3      2
219  10    7   9.28  32.04  20.88  39.35  57.96  73.85   2.00   2.00   4.00   4.00  10.00      3      2
220  10    7   4.02  33.11  20.88  39.35  57.96  83.08   2.00   2.00   4.00   4.00  10.00      3      2
221  10    7  -1.34  33.33  20.88  39.35  57.96  92.31   2.00   2.00   4.00   4.00  10.00      3      2
222  10    7  -6.67  32.68  20.88  39.35  57.96 101.54   2.00   2.00   4.00   4.00  10.00      3      2
223  10    7 -11.83  31.19  20.88  39.35  57.96 110.77   2.00   2.00   4.00   4.00  10.00      3      2
224  10    7 -16.68  28.89  20.88  39.35  57.96 120.00   2.00   2.00   4.00   4.00  10.00      3      2
225  10    7 -21.10  25.84  20.88  39.35  57.96 129.23   2.00   2.00   4.00   4.00  10.00      3      2
226  10    7 -24.97  22.12  20.88  39.35  57.96 138.46   2.00   2.00   4.00   4.00  10.00      3      2
227  10    7 -28.19  17.83  20.88  39.35  57.96 147.69   2.00   2.00   4.00   4.00  10.00      3      2
228  10    7 -30.69  13.08  20.88  39.35  57.96 156.92   2.00   2.00   4.00   4.00  10.00      3      2
229  10    7 -32.39   7.98  20.88  39.35  57.96 166.15   2.00   2.00   4.00   4.00  10.00      3      2
230  10    7 -33.25   2.68  20.88  39.35  57.96 175.38   2.00   2.00   4.00   4.00  10.00      3      2
231  10    7 -33.25  -2.68  20.88  39.35  57.96 184.61   2.00   2.00   4.00   4.00  10.00      3      2
232  10    7 -32.39  -7.98  20.88  39.35  57.96 193.84   2.00   2.00   4.00   4.00  10.00      3      2
233  10    7 -30.69 -13.07  20.88  39.35  57.96 203.08   2.00   2.00   4.00   4.00  10.00      3      2
234  10    7 -28.19 -17.83  20.88  39.35  57.96 212.31   2.00   2.00   4.00   4.00  10.00      3      2
235  10    7 -24.97 -22.12  20.88  39.35  57.96 221.54   2.00   2.00   4.00   4.00  10.00      3      2
236  10    7 -21.10 -25.84  20.88  39.35  57.96 230.77   2.00   2.00   4.00   4.00  10.00      3      2
237  10    7 -16.68 -28.89  20.88  39.35  57.96 240.00   2.00   2.00   4.00   4.00  10.00      3      2
238  10    7 -11.83 -31.19  20.88  39.35  57.96 249.23   2.00   2.00   4.00   4.00  10.00      3      2
239  10    7  -6.67 -32.68  20.88  39.35  57.96 258.46   2.00   2.00   4.00   4.00  10.00      3      2
240  10    7  -1.34 -33.33  20.88  39.35  57.96 267.69   2.00   2.00   4.00   4.00  10.00      3      2
241  10    7   4.02 -33.11  20.88  39.35  57.96 276.92   2.00   2.00   4.00   4.00  10.00      3      2
242  10    7   9.28 -32.04  20.88  39.35  57.96 286.15   2.00   2.00   4.00   4.00  10.00      3      2
243  10    7  14.30 -30.14  20.88  39.35  57.96 295.38   2.00   2.00   4.00   4.00  10.00      3      2
244  10    7  18.95 -27.45  20.88  39.35  57.96 304.61   2.00   2.00   4.00   4.00  10.00      3      2
245  10    7  23.11 -24.06  20.88  39.35  57.96 313.84   2.00   2.00   4.00   4.00  10.00      3      2
246  10    7  26.67 -20.04  20.88  39.35  57.96 323.07   2.00   2.00   4.00   4.00  10.00      3      2
247  10    7  29.54 -15.50  20.88  39.35  57.96 332.31   2.00   2.00   4.00   4.00  10.00      3      2
248  10    7  31.64 -10.56  20.88  39.35  57.96 341.54   2.00   2.00   4.00   4.00  10.00      3      2
249  10    7  32.93  -5.35  20.88  39.35  57.96 350.77   2.00   2.00   4.00   4.00  10.00      3      2
250  11    7  34.42   0.00  19.18  39.35  57.96   0.00   2.00   2.00   4.00   4.00  10.00      3      3
251  11    7  33.97   5.52  19.18  39.35  57.96   9.23   2.00   2.00   4.00   4.00  10.00      3      3
252  11    7  32.65  10.90  19.18  39.35  57.96  18.46   2.00   2.00   4.00   4.00  10.00      3      3
253  11    7  30.48  16.00  19.18  39.35  57.96  27.69   2.00   2.00   4.00   4.00  10.00      3      3
254  11    7  27.52  20.68  19.18  39.35  57.96  36.92   2.00   2.00   4.00   4.00  10.00      3      3
255  11    7  23.84  24.82  19.18  39.35  57.96  46.15   2.00   2.00   4.00   4.00  10.00      3      3
256  11    7  19.55  28.33  19.18  39.35  57.96  55.38   2.00   2.00   4.00   4.00  10.00      3      3
257  11    7  14.76  31.10  19.18  39.35  57.96  64.61   2.00   2.00   4.00   4.00  10.00      3      3
258  11    7   9.58  33.06  19.18  39.35  57.96  73.85   2.00   2.00   4.00   4.00  10.00      3      3
259  11    7   4.15  34.17  19.18  39.35  57.96  83.08   2.00   2.00   4.00   4.00  10.00      3      3
260  11    7  -1.39  34.39  19.18  39.35  57.96  92.31   2.00   2.00   4.00   4.00  10.00      3      3
261  11    7  -6.88  33.72  19.18  39.35  57.96 101.54   2.00   2.00   4.00   4.00  10.00      3      3
262  11    7 -12.20  32.18  19.18  39.35  57.96 110.77   2.00   2.00   4.00   4.00  10.00      3      3
263  11    7 -17.21  29.81  19.18  39.35  57.96 120.00   2.00   2.00   4.00   4.00  10.00      3      3
264  11    7 -21.77  26.66  19.18  39.35  57.96 129.23   2.00   2.00   4.00   4.00  10.00      3      3
265  11    7 -25.76  22.82  19.18  39.35  57.96 138.46   2.00   2.00   4.00   4.00  10.00      3      3
266  11    7 -29.09  18.40  19.18  39.35  57.96 147.69   2.00   2.00   4.00   4.00  10.00      3      3
267  11    7 -31.66  13.49  19.18  39.35  57.96 156.92   2.00   2.00   4.00   4.00  10.00      3      3
268  11    7 -33.42   8.24  19.18  39.35  57.96 166.15   2.00   2.00   4.00   4.00  10.00      3      3
269  11    7 -34.31   2.77  19.18  39.35  57.96 175.38   2.00   2.00   4.00   4.00  10.00      3      3
270  11    7 -34.31  -2.77  19.18  39.35  57.96 184.61   2.00   2.00   4.00   4.00  10.00      3      3
271  11    7 -33.42  -8.24  19.18  39.35  57.96 193.84   2.00   2.00   4.00   4.00  10.00      3      3
272  11    7 -31.66 -13.49  19.18  39.35  57.96 203.08   2.00   2.00   4.00   4.00  10.00      3      3
273  11    7 -29.09 -18.39  19.18  39.35  57.96 212.31   2.00   2.00   4.00   4.00  10.00      3      3
274  11    7 -25.76 -22.82  19.18  39.35  57.96 221.54   2.00   2.00   4.00   4.00  10.00      3      3
275  11    7 -21.77 -26.66  19.18  39.35  57.96 230.77   2.00   2.00   4.00   4.00  10.00      3      3
276  11    7 -17.21 -29.81  19.18  39.35  57.96 240.00   2.00   2.00   4.00   4.00  10.00      3      3
277  11    7 -12.21 -32.18  19.18  39.35  57.96 249.23   2.00   2.00   4.00   4.00  10.00      3      3
278  11    7  -6.89 -33.72  19.18  39.35  57.96 258.46   2.00   2.00   4.00   4.00  10.00      3      3
279  11    7  -1.39 -34.39  19.18  39.35  57.96 267.69   2.00   2.00   4.00   4.00  10.00      3      3
280  11    7   4.15 -34.17  19.18  39.35  57.96 276.92   2.00   2.00   4.00   4.00  10.00      3      3
281  11    7   9.57 -33.06  19.18  39.35  57.96 286.15   2.00   2.00   4.00   4.00  10.00      3      3
282  11    7  14.75 -31.10  19.18  39.35  57.96 295.38   2.00   2.00   4.00   4.00  10.00      3      3
283  11    7  19.55 -28.33  19.18  39.35  57.96 304.61   2.00   2.00   4.00   4.00  10.00      3      3
284  11    7  23.84 -24.82  19.18  39.35  57.96 313.84   2.00   2.00   4.00   4.00  10.00      3      3
285  11    7  27.51 -20.68  19.18  39.35  57.96 323.07   2.00   2.00   4.00   4.00  10.00      3      3
286  11    7  30.48 -16.00  19.18  39.35  57.96 332.31   2.00   2.00   4.00   4.00  10.00      3      3
287  11    7  32.65 -10.90  19.18  39.35  57.96 341.54   2.00   2.00   4.00   4.00  10.00      3      3
288  11    7  33.97  -5.52  19.18  39.35  57.96 350.77   2.00   2.00   4.00   4.00  10.00      3      3
289  12    7  36.04   0.00  16.18  39.46  68.72   0.00   2.00   2.00   4.00   4.00  10.00      3      1
290  12    7  35.68   5.13  16.18  39.46  68.72   8.18   2.00   2.00   4.00   4.00  10.00      3      1
291  12    7  34.58  10.15  16.18  39.46  68.72  16.36   2.00   2.00   4.00   4.00  10.00      3      1
292  12    7  32.79  14.97  16.18  39.46  68.72  24.54   2.00   2.00   4.00   4.00  10.00      3      1
293  12    7  30.32  19.49  16.18  39.46  68.72  32.73   2.00   2.00   4.00   4.00  10.00      3      1
294  12    7  27.24  23.60  16.18  39.46  68.72  40.91   2.00   2.00   4.00   4.00  10.00      3      1
295  12    7  23.60  27.24  16.18  39.46  68.72  49.09   2.00   2.00   4.00   4.00  10.00      3      1
296  12    7  19.49  30.32  16.18  39.46  68.72  57.27   2.00   2.00   4.00   4.00  10.00      3      1
297  12    7  14.97  32.78  16.18  39.46  68.72  65.45   2.00   2.00   4.00   4.00  10.00      3      1
298  12    7  10.16  34.58  16.18  39.46  68.72  73.63   2.00   2.00   4.00   4.00  10.00      3      1
299  12    7   5.13  35.68  16.18  39.46  68.72  81.81   2.00   2.00   4.00   4.00  10.00      3      1
300  12    7   0.00  36.04  16.18  39.46  68.72  89.99   2.00   2.00   4.00   4.00  10.00      3      1
301  12    7  -5.13  35.68  16.18  39.46  68.72  98.18   2.00   2.00   4.00   4.00  10.00      3      1
302  12    7 -10.15  34.58  16.18  39.46  68.72 106.36   2.00   2.00   4.00   4.00  10.00      3      1
303  12    7 -14.97  32.79  16.18  39.46  68.72 114.54   2.00   2.00   4.00   4.00  10.00      3      1
304  12    7 -19.48  30.32  16.18  39.46  68.72 122.72   2.00   2.00   4.00   4.00  10.00      3      1
305  12    7 -23.60  27.24  16.18  39.46  68.72 130.90   2.00   2.00   4.00   4.00  10.00      3      1
306  12    7 -27.24  23.61  16.18  39.46  68.72 139.08   2.00   2.00   4.00   4.00  10.00      3      1
307  12    7 -30.32  19.49  16.18  39.46  68.72 147.26   2.00   2.00   4.00   4.00  10.00      3      1
308  12    7 -32.78  14.98  16.18  39.46  68.72 155.45   2.00   2.00   4.00   4.00  10.00      3      1
309  12    7 -34.58  10.16  16.18  39.46  68.72 163.63   2.00   2.00   4.00   4.00  10.00      3      1
310  12    7 -35.68   5.14  16.18  39.46  68.72 171.81   2.00   2.00   4.00   4.00  10.00      3      1
311  12    7 -36.04   0.01  16.18  39.46  68.72 179.99   2.00   2.00   4.00   4.00  10.00      3      1
312  12    7 -35.68  -5.12  16.18  39.46  68.72 188.17   2.00   2.00   4.00   4.00  10.00      3      1
313  12    7 -34.58 -10.15  16.18  39.46  68.72 196.35   2.00   2.00   4.00   4.00  10.00      3      1
314  12    7 -32.79 -14.97  16.18  39.46  68.72 204.53   2.00   2.00   4.00   4.00  10.00      3      1
315  12    7 -30.33 -19.48  16.18  39.46  68.72 212.71   2.00   2.00   4.00   4.00  10.00      3      1
316  12    7 -27.24 -23.60  16.18  39.46  68.72 220.90   2.00   2.00   4.00   4.00  10.00      3      1
317  12    7 -23.61 -27.23  16.18  39.46  68.72 229.08   2.00   2.00   4.00   4.00  10.00      3      1
318  12    7 -19.49 -30.32  16.18  39.46  68.72 237.26   2.00   2.00   4.00   4.00  10.00      3      1
319  12    7 -14.98 -32.78  16.18  39.46  68.72 245.44   2.00   2.00   4.00   4.00  10.00      3      1
320  12    7 -10.16 -34.58  16.18  39.46  68.72 253.62   2.00   2.00   4.00   4.00  10.00      3      1
321  12    7  -5.14 -35.67  16.18  39.46  68.72 261.80   2.00   2.00   4.00   4.00  10.00      3      1
322  12    7  -0.01 -36.04  16.18  39.46  68.72 269.98   2.00   2.00   4.00   4.00  10.00      3      1
323  12    7   5.12 -35.68  16.18  39.46  68.72 278.17   2.00   2.00   4.00   4.00  10.00      3      1
324  12    7  10.14 -34.59  16.18  39.46  68.72 286.35   2.00   2.00   4.00   4.00  10.00      3      1
325  12    7  14.96 -32.79  16.18  39.46  68.72 294.53   2.00   2.00   4.00   4.00  10.00      3      1
326  12    7  19.48 -30.33  16.18  39.46  68.72 302.71   2.00   2.00   4.00   4.00  10.00      3      1
327  12    7  23.59 -27.25  16.18  39.46  68.72 310.89   2.00   2.00   4.00   4.00  10.00      3      1
328  12    7  27.23 -23.61  16.18  39.46  68.72 319.07   2.00   2.00   4.00   4.00  10.00      3      1
329  12    7  30.31 -19.50  16.18  39.46  68.72 327.25   2.00   2.00   4.00   4.00  10.00      3      1
330  12    7  32.78 -14.98  16.18  39.46  68.72 335.43   2.00   2.00   4.00   4.00  10.00      3      1
331  12    7  34.58 -10.17  16.18  39.46  68.72 343.62   2.00   2.00   4.00   4.00  10.00      3      1
332  12    7  35.67  -5.14  16.18  39.46  68.72 351.80   2.00   2.00   4.00   4.00  10.00      3      1
333  13    7  36.77   0.00  14.32  39.46  68.72   0.00   2.00   2.00   4.00   4.00  10.00      3      2
334  13    7  36.39   5.23  14.32  39.46  68.72   8.18   2.00   2.00   4.00   4.00  10.00      3      2
335  13    7  35.28  10.36  14.32  39.46  68.72  16.36   2.00   2.00   4.00   4.00  10.00      3      2
336  13    7  33.45  15.27  14.32  39.46  68.72  24.54   2.00   2.00   4.00   4.00  10.00      3      2
337  13    7  30.93  19.88  14.32  39.46  68.72  32.73   2.00   2.00   4.00   4.00  10.00      3      2
338  13    7  27.79  24.08  14.32  39.46  68.72  40.91   2.00   2.00   4.00   4.00  10.00      3      2
339  13    7  24.08  27.79  14.32  39.46  68.72  49.09   2.00   2.00   4.00   4.00  10.00      3      2
340  13    7  19.88  30.93  14.32  39.46  68.72  57.27   2.00   2.00   4.00   4.00  10.00      3      2
341  13    7  15.28  33.44  14.32  39.46  68.72  65.45   2.00   2.00   4.00   4.00  10.00      3      2
342  13    7  10.36  35.28  14.32  39.46  68.72  73.63   2.00   2.00   4.00   4.00  10.00      3      2
343  13    7   5.24  36.39  14.32  39.46  68.72  81.81   2.00   2.00   4.00   4.00  10.00      3      2
344  13    7   0.00  36.77  14.32  39.46  68.72  89.99   2.00   2.00   4.00   4.00  10.00      3      2
345  13    7  -5.23  36.39  14.32  39.46  68.72  98.18   2.00   2.00   4.00   4.00  10.00      3      2
346  13    7 -10.36  35.28  14.32  39.46  68.72 106.36   2.00   2.00   4.00   4.00  10.00      3      2
347  13    7 -15.27  33.45  14.32  39.46  68.72 114.54   2.00   2.00   4.00   4.00  10.00      3      2
348  13    7 -19.87  30.93  14.32  39.46  68.72 122.72   2.00   2.00   4.00   4.00  10.00      3      2
349  13    7 -24.07  27.79  14.32  39.46  68.72 130.90   2.00   2.00   4.00   4.00  10.00      3      2
350  13    7 -27.78  24.08  14.32  39.46  68.72 139.08   2.00   2.00   4.00   4.00  10.00      3      2
351  13    7 -30.93  19.88  14.32  39.46  68.72 147.26   2.00   2.00   4.00   4.00  10.00      3      2
352  13    7 -33.44  15.28  14.32  39.46  68.72 155.45   2.00   2.00   4.00   4.00  10.00      3      2
353  13    7 -35.28  10.36  14.32  39.46  68.72 163.63   2.00   2.00   4.00   4.00  10.00      3      2
354  13    7 -36.39   5.24  14.32  39.46  68.72 171.81   2.00   2.00   4.00   4.00  10.00      3      2
355  13    7 -36.77   0.01  14.32  39.46  68.72 179.99   2.00   2.00   4.00   4.00  10.00      3      2
356  13    7 -36.40  -5.23  14.32  39.46  68.72 188.17   2.00   2.00   4.00   4.00  10.00      3      2
357  13    7 -35.28 -10.35  14.32  39.46  68.72 196.35   2.00   2.00   4.00   4.00  10.00      3      2
358  13    7 -33.45 -15.27  14.32  39.46  68.72 204.53   2.00   2.00   4.00   4.00  10.00      3      2
359  13    7 -30.94 -19.87  14.32  39.46  68.72 212.71   2.00   2.00   4.00   4.00  10.00      3      2
360  13    7 -27.79 -24.07  14.32  39.46  68.72 220.90   2.00   2.00   4.00   4.00  10.00      3      2
361  13    7 -24.08 -27.78  14.32  39.46  68.72 229.08   2.00   2.00   4.00   4.00  10.00      3      2
362  13    7 -19.89 -30.93  14.32  39.46  68.72 237.26   2.00   2.00   4.00   4.00  10.00      3      2
363  13    7 -15.28 -33.44  14.32  39.46  68.72 245.44   2.00   2.00   4.00   4.00  10.00      3      2
364  13    7 -10.37 -35.28  14.32  39.46  68.72 253.62   2.00   2.00   4.00   4.00  10.00      3      2
365  13    7  -5.24 -36.39  14.32  39.46  68.72 261.80   2.00   2.00   4.00   4.00  10.00      3      2
366  13    7  -0.01 -36.77  14.32  39.46  68.72 269.98   2.00   2.00   4.00   4.00  10.00      3      2
367  13    7   5.22 -36.40  14.32  39.46  68.72 278.17   2.00   2.00   4.00   4.00  10.00      3      2
368  13    7  10.35 -35.28  14.32  39.46  68.72 286.35   2.00   2.00   4.00   4.00  10.00      3      2
369  13    7  15.26 -33.45  14.32  39.46  68.72 294.53   2.00   2.00   4.00   4.00  10.00      3      2
370  13    7  19.87 -30.94  14.32  39.46  68.72 302.71   2.00   2.00   4.00   4.00  10.00      3      2
371  13    7  24.07 -27.80  14.32  39.46  68.72 310.89   2.00   2.00   4.00   4.00  10.00      3      2
372  13    7  27.78 -24.09  14.32  39.46  68.72 319.07   2.00   2.00   4.00   4.00  10.00      3      2
373  13    7  30.92 -19.89  14.32  39.46  68.72 327.25   2.00   2.00   4.00   4.00  10.00      3      2
374  13    7  33.44 -15.29  14.32  39.46  68.72 335.43   2.00   2.00   4.00   4.00  10.00      3      2
375  13    7  35.28 -10.37  14.32  39.46  68.72 343.62   2.00   2.00   4.00   4.00  10.00      3      2
376  13    7  36.39  -5.25  14.32  39.46  68.72 351.80   2.00   2.00   4.00   4.00  10.00      3      2
377  14    7  37.49   0.00  12.46  39.46  68.72   0.00   2.00   2.00   4.00   4.00  10.00      3      3
378  14    7  37.11   5.34  12.46  39.46  68.72   8.18   2.00   2.00   4.00   4.00  10.00      3      3
379  14    7  35.98  10.56  12.46  39.46  68.72  16.36   2.00   2.00   4.00   4.00  10.00      3      3
380  14    7  34.11  15.57  12.46  39.46  68.72  24.54   2.00   2.00   4.00   4.00  10.00      3      3
381  14    7  31.54  20.27  12.46  39.46  68.72  32.73   2.00   2.00   4.00   4.00  10.00      3      3
382  14    7  28.34  24.55  12.46  39.46  68.72  40.91   2.00   2.00   4.00   4.00  10.00      3      3
383  14    7  24.56  28.34  12.46  39.46  68.72  49.09   2.00   2.00   4.00   4.00  10.00      3      3
384  14    7  20.27  31.54  12.46  39.46  68.72  57.27   2.00   2.00   4.00   4.00  10.00      3      3
385  14    7  15.58  34.11  12.46  39.46  68.72  65.45   2.00   2.00   4.00   4.00  10.00      3      3
386  14    7  10.57  35.97  12.46  39.46  68.72  73.63   2.00   2.00   4.00   4.00  10.00      3      3
387  14    7   5.34  37.11  12.46  39.46  68.72  81.81   2.00   2.00   4.00   4.00  10.00      3      3
388  14    7   0.00  37.49  12.46  39.46  68.72  89.99   2.00   2.00   4.00   4.00  10.00      3      3
389  14    7  -5.33  37.11  12.46  39.46  68.72  98.18   2.00   2.00   4.00   4.00  10.00      3      3
390  14    7 -10.56  35.98  12.46  39.46  68.72 106.36   2.00   2.00   4.00   4.00  10.00      3      3
391  14    7 -15.57  34.11  12.46  39.46  68.72 114.54   2.00   2.00   4.00   4.00  10.00      3      3
392  14    7 -20.27  31.54  12.46  39.46  68.72 122.72   2.00   2.00   4.00   4.00  10.00      3      3
393  14    7 -24.55  28.34  12.46  39.46  68.72 130.90   2.00   2.00   4.00   4.00  10.00      3      3
394  14    7 -28.33  24.56  12.46  39.46  68.72 139.08   2.00   2.00   4.00   4.00  10.00      3      3
395  14    7 -31.54  20.28  12.46  39.46  68.72 147.26   2.00   2.00   4.00   4.00  10.00      3      3
396  14    7 -34.10  15.58  12.46  39.46  68.72 155.45   2.00   2.00   4.00   4.00  10.00      3      3
397  14    7 -35.97  10.57  12.46  39.46  68.72 163.63   2.00   2.00   4.00   4.00  10.00      3      3
398  14    7 -37.11   5.34  12.46  39.46  68.72 171.81   2.00   2.00   4.00   4.00  10.00      3      3
399  14    7 -37.49   0.01  12.46  39.46  68.72 179.99   2.00   2.00   4.00   4.00  10.00      3      3
400  14    7 -37.11  -5.33  12.46  39.46  68.72 188.17   2.00   2.00   4.00   4.00  10.00      3      3
401  14    7 -35.98 -10.56  12.46  39.46  68.72 196.35   2.00   2.00   4.00   4.00  10.00      3      3
402  14    7 -34.11 -15.57  12.46  39.46  68.72 204.53   2.00   2.00   4.00   4.00  10.00      3      3
403  14    7 -31.55 -20.26  12.46  39.46  68.72 212.71   2.00   2.00   4.00   4.00  10.00      3      3
404  14    7 -28.34 -24.55  12.46  39.46  68.72 220.90   2.00   2.00   4.00   4.00  10.00      3      3
405  14    7 -24.56 -28.33  12.46  39.46  68.72 229.08   2.00   2.00   4.00   4.00  10.00      3      3
406  14    7 -20.28 -31.54  12.46  39.46  68.72 237.26   2.00   2.00   4.00   4.00  10.00      3      3
407  14    7 -15.58 -34.10  12.46  39.46  68.72 245.44   2.00   2.00   4.00   4.00  10.00      3      3
408  14    7 -10.57 -35.97  12.46  39.46  68.72 253.62   2.00   2.00   4.00   4.00  10.00      3      3
409  14    7  -5.35 -37.11  12.46  39.46  68.72 261.80   2.00   2.00   4.00   4.00  10.00      3      3
410  14    7  -0.01 -37.49  12.46  39.46  68.72 269.98   2.00   2.00   4.00   4.00  10.00      3      3
411  14    7   5.33 -37.11  12.46  39.46  68.72 278.17   2.00   2.00   4.00   4.00  10.00      3      3
412  14    7  10.55 -35.98  12.46  39.46  68.72 286.35   2.00   2.00   4.00   4.00  10.00      3      3
413  14    7  15.57 -34.11  12.46  39.46  68.72 294.53   2.00   2.00   4.00   4.00  10.00      3      3
414  14    7  20.26 -31.55  12.46  39.46  68.72 302.71   2.00   2.00   4.00   4.00  10.00      3      3
415  14    7  24.54 -28.34  12.46  39.46  68.72 310.89   2.00   2.00   4.00   4.00  10.00      3      3
416  14    7  28.33 -24.56  12.46  39.46  68.72 319.07   2.00   2.00   4.00   4.00  10.00      3      3
417  14    7  31.54 -20.28  12.46  39.46  68.72 327.25   2.00   2.00   4.00   4.00  10.00      3      3
418  14    7  34.10 -15.59  12.46  39.46  68.72 335.43   2.00   2.00   4.00   4.00  10.00      3      3
419  14    7  35.97 -10.58  12.46  39.46  68.72 343.62   2.00   2.00   4.00   4.00  10.00      3      3
420  14    7  37.11  -5.35  12.46  39.46  68.72 351.80   2.00   2.00   4.00   4.00  10.00      3      3
421  15    7  36.79   0.00   8.71  37.76  79.71   0.00   2.00   2.00   4.00   4.00  10.00      3      1
422  15    7  36.43   5.12   8.71  37.76  79.71   8.00   2.00   2.00   4.00   4.00  10.00      3      1
423  15    7  35.37  10.14   8.71  37.76  79.71  16.00   2.00   2.00   4.00   4.00  10.00      3      1
424  15    7  33.61  14.96   8.71  37.76  79.71  24.00   2.00   2.00   4.00   4.00  10.00      3      1
425  15    7  31.20  19.50   8.71  37.76  79.71  32.00   2.00   2.00   4.00   4.00  10.00      3      1
426  15    7  28.19  23.65   8.71  37.76  79.71  40.00   2.00   2.00   4.00   4.00  10.00      3      1
427  15    7  24.62  27.34   8.71  37.76  79.71  48.00   2.00   2.00   4.00   4.00  10.00      3      1
428  15    7  20.57  30.50   8.71  37.76  79.71  56.00   2.00   2.00   4.00   4.00  10.00      3      1
429  15    7  16.13  33.07   8.71  37.76  79.71  64.00   2.00   2.00   4.00   4.00  10.00      3      1
430  15    7  11.37  34.99   8.71  37.76  79.71  72.00   2.00   2.00   4.00   4.00  10.00      3      1
431  15    7   6.39  36.23   8.71  37.76  79.71  80.00   2.00   2.00   4.00   4.00  10.00      3      1
432  15    7   1.29  36.77   8.71  37.76  79.71  88.00   2.00   2.00   4.00   4.00  10.00      3      1
433  15    7  -3.84  36.59   8.71  37.76  79.71  96.00   2.00   2.00   4.00   4.00  10.00      3      1
434  15    7  -8.90  35.70   8.71  37.76  79.71 104.00   2.00   2.00   4.00   4.00  10.00      3      1
435  15    7 -13.78  34.11   8.71  37.76  79.71 112.00   2.00   2.00   4.00   4.00  10.00      3      1
436  15    7 -18.40  31.86   8.71  37.76  79.71 120.00   2.00   2.00   4.00   4.00  10.00      3      1
437  15    7 -22.65  28.99   8.71  37.76  79.71 128.00   2.00   2.00   4.00   4.00  10.00      3      1
438  15    7 -26.47  25.56   8.71  37.76  79.71 136.00   2.00   2.00   4.00   4.00  10.00      3      1
439  15    7 -29.76  21.63   8.71  37.76  79.71 144.00   2.00   2.00   4.00   4.00  10.00      3      1
440  15    7 -32.49  17.27   8.71  37.76  79.71 152.00   2.00   2.00   4.00   4.00  10.00      3      1
441  15    7 -34.57  12.59   8.71  37.76  79.71 160.00   2.00   2.00   4.00   4.00  10.00      3      1
442  15    7 -35.99   7.65   8.71  37.76  79.71 168.00   2.00   2.00   4.00   4.00  10.00      3      1
443  15    7 -36.70   2.57   8.71  37.76  79.71 176.00   2.00   2.00   4.00   4.00  10.00      3      1
444  15    7 -36.70  -2.56   8.71  37.76  79.71 184.00   2.00   2.00   4.00   4.00  10.00      3      1
445  15    7 -35.99  -7.65   8.71  37.76  79.71 192.00   2.00   2.00   4.00   4.00  10.00      3      1
446  15    7 -34.57 -12.58   8.71  37.76  79.71 200.00   2.00   2.00   4.00   4.00  10.00      3      1
447  15    7 -32.49 -17.27   8.71  37.76  79.71 208.00   2.00   2.00   4.00   4.00  10.00      3      1
448  15    7 -29.77 -21.62   8.71  37.76  79.71 216.00   2.00   2.00   4.00   4.00  10.00      3      1
449  15    7 -26.47 -25.56   8.71  37.76  79.71 224.00   2.00   2.00   4.00   4.00  10.00      3      1
450  15    7 -22.65 -28.99   8.71  37.76  79.71 232.00   2.00   2.00   4.00   4.00  10.00      3      1
451  15    7 -18.40 -31.86   8.71  37.76  79.71 239.99   2.00   2.00   4.00   4.00  10.00      3      1
452  15    7 -13.79 -34.11   8.71  37.76  79.71 247.99   2.00   2.00   4.00   4.00  10.00      3      1
453  15    7  -8.90 -35.70   8.71  37.76  79.71 255.99   2.00   2.00   4.00   4.00  10.00      3      1
454  15    7  -3.85 -36.59   8.71  37.76  79.71 263.99   2.00   2.00   4.00   4.00  10.00      3      1
455  15    7   1.28 -36.77   8.71  37.76  79.71 271.99   2.00   2.00   4.00   4.00  10.00      3      1
456  15    7   6.39 -36.23   8.71  37.76  79.71 279.99   2.00   2.00   4.00   4.00  10.00      3      1
457  15    7  11.37 -34.99   8.71  37.76  79.71 287.99   2.00   2.00   4.00   4.00  10.00      3      1
458  15    7  16.13 -33.07   8.71  37.76  79.71 295.99   2.00   2.00   4.00   4.00  10.00      3      1
459  15    7  20.57 -30.50   8.71  37.76  79.71 303.99   2.00   2.00   4.00   4.00  10.00      3      1
460  15    7  24.62 -27.35   8.71  37.76  79.71 311.99   2.00   2.00   4.00   4.00  10.00      3      1
461  15    7  28.18 -23.65   8.71  37.76  79.71 319.99   2.00   2.00   4.00   4.00  10.00      3      1
462  15    7  31.20 -19.50   8.71  37.76  79.71 327.99   2.00   2.00   4.00   4.00  10.00      3      1
463  15    7  33.61 -14.97   8.71  37.76  79.71 335.99   2.00   2.00   4.00   4.00  10.00      3      1
464  15    7  35.37 -10.15   8.71  37.76  79.71 343.99   2.00   2.00   4.00   4.00  10.00      3      1
465  15    7  36.43  -5.13   8.71  37.76  79.71 351.99   2.00   2.00   4.00   4.00  10.00      3      1
466  16    7  37.15   0.00   6.74  37.76  79.71   0.00   2.00   2.00   4.00   4.00  10.00      3      2
467  16    7  36.79   5.17   6.74  37.76  79.71   8.00   2.00   2.00   4.00   4.00  10.00      3      2
468  16    7  35.71  10.24   6.74  37.76  79.71  16.00   2.00   2.00   4.00   4.00  10.00      3      2
469  16    7  33.94  15.11   6.74  37.76  79.71  24.00   2.00   2.00   4.00   4.00  10.00      3      2
470  16    7  31.51  19.69   6.74  37.76  79.71  32.00   2.00   2.00   4.00   4.00  10.00      3      2
471  16    7  28.46  23.88   6.74  37.76  79.71  40.00   2.00   2.00   4.00   4.00  10.00      3      2
472  16    7  24.86  27.61   6.74  37.76  79.71  48.00   2.00   2.00   4.00   4.00  10.00      3      2
473  16    7  20.77  30.80   6.74  37.76  79.71  56.00   2.00   2.00   4.00   4.00  10.00      3      2
474  16    7  16.29  33.39   6.74  37.76  79.71  64.00   2.00   2.00   4.00   4.00  10.00      3      2
475  16    7  11.48  35.33   6.74  37.76  79.71  72.00   2.00   2.00   4.00   4.00  10.00      3      2
476  16    7   6.45  36.59   6.74  37.76  79.71  80.00   2.00   2.00   4.00   4.00  10.00      3      2
477  16    7   1.30  37.13   6.74  37.76  79.71  88.00   2.00   2.00   4.00   4.00  10.00      3      2
478  16    7  -3.88  36.95   6.74  37.76  79.71  96.00   2.00   2.00   4.00   4.00  10.00      3      2
479  16    7  -8.99  36.05   6.74  37.76  79.71 104.00   2.00   2.00   4.00   4.00  10.00      3      2
480  16    7 -13.92  34.45   6.74  37.76  79.71 112.00   2.00   2.00   4.00   4.00  10.00      3      2
481  16    7 -18.57  32.17   6.74  37.76  79.71 120.00   2.00   2.00   4.00   4.00  10.00      3      2
482  16    7 -22.87  29.28   6.74  37.76  79.71 128.00   2.00   2.00   4.00   4.00  10.00      3      2
483  16    7 -26.72  25.81   6.74  37.76  79.71 136.00   2.00   2.00   4.00   4.00  10.00      3      2
484  16    7 -30.05  21.84   6.74  37.76  79.71 144.00   2.00   2.00   4.00   4.00  10.00      3      2
485  16    7 -32.80  17.44   6.74  37.76  79.71 152.00   2.00   2.00   4.00   4.00  10.00      3      2
486  16    7 -34.91  12.71   6.74  37.76  79.71 160.00   2.00   2.00   4.00   4.00  10.00      3      2
487  16    7 -36.34   7.73   6.74  37.76  79.71 168.00   2.00   2.00   4.00   4.00  10.00      3      2
488  16    7 -37.06   2.59   6.74  37.76  79.71 176.00   2.00   2.00   4.00   4.00  10.00      3      2
489  16    7 -37.06  -2.59   6.74  37.76  79.71 184.00   2.00   2.00   4.00   4.00  10.00      3      2
490  16    7 -36.34  -7.72   6.74  37.76  79.71 192.00   2.00   2.00   4.00   4.00  10.00      3      2
491  16    7 -34.91 -12.70   6.74  37.76  79.71 200.00   2.00   2.00   4.00   4.00  10.00      3      2
492  16    7 -32.80 -17.44   6.74  37.76  79.71 208.00   2.00   2.00   4.00   4.00  10.00      3      2
493  16    7 -30.06 -21.83   6.74  37.76  79.71 216.00   2.00   2.00   4.00   4.00  10.00      3      2
494  16    7 -26.73 -25.80   6.74  37.76  79.71 224.00   2.00   2.00   4.00   4.00  10.00      3      2
495  16    7 -22.87 -29.27   6.74  37.76  79.71 232.00   2.00   2.00   4.00   4.00  10.00      3      2
496  16    7 -18.58 -32.17   6.74  37.76  79.71 239.99   2.00   2.00   4.00   4.00  10.00      3      2
497  16    7 -13.92 -34.44   6.74  37.76  79.71 247.99   2.00   2.00   4.00   4.00  10.00      3      2
498  16    7  -8.99 -36.05   6.74  37.76  79.71 255.99   2.00   2.00   4.00   4.00  10.00      3      2
499  16    7  -3.89 -36.95   6.74  37.76  79.71 263.99   2.00   2.00   4.00   4.00  10.00      3      2
500  16    7   1.29 -37.13   6.74  37.76  79.71 271.99   2.00   2.00   4.00   4.00  10.00      3      2
501  16    7   6.45 -36.59   6.74  37.76  79.71 279.99   2.00   2.00   4.00   4.00  10.00      3      2
502  16    7  11.48 -35.33   6.74  37.76  79.71 287.99   2.00   2.00   4.00   4.00  10.00      3      2
503  16    7  16.28 -33.39   6.74  37.76  79.71 295.99   2.00   2.00   4.00   4.00  10.00      3      2
504  16    7  20.77 -30.80   6.74  37.76  79.71 303.99   2.00   2.00   4.00   4.00  10.00      3      2
505  16    7  24.86 -27.61   6.74  37.76  79.71 311.99   2.00   2.00   4.00   4.00  10.00      3      2
506  16    7  28.46 -23.88   6.74  37.76  79.71 319.99   2.00   2.00   4.00   4.00  10.00      3      2
507  16    7  31.50 -19.69   6.74  37.76  79.71 327.99   2.00   2.00   4.00   4.00  10.00      3      2
508  16    7  33.94 -15.11   6.74  37.76  79.71 335.99   2.00   2.00   4.00   4.00  10.00      3      2
509  16    7  35.71 -10.24   6.74  37.76  79.71 343.99   2.00   2.00   4.00   4.00  10.00      3      2
510  16    7  36.79  -5.18   6.74  37.76  79.71 351.99   2.00   2.00   4.00   4.00  10.00      3      2
511  17    7  37.51   0.00   4.78  37.76  79.71   0.00   2.00   2.00   4.00   4.00  10.00      3      3
512  17    7  37.14   5.22   4.78  37.76  79.71   8.00   2.00   2.00   4.00   4.00  10.00      3      3
513  17    7  36.05  10.34   4.78  37.76  79.71  16.00   2.00   2.00   4.00   4.00  10.00      3      3
514  17    7  34.26  15.26   4.78  37.76  79.71  24.00   2.00   2.00   4.00   4.00  10.00      3      3
515  17    7  31.81  19.88   4.78  37.76  79.71  32.00   2.00   2.00   4.00   4.00  10.00      3      3
516  17    7  28.73  24.11   4.78  37.76  79.71  40.00   2.00   2.00   4.00   4.00  10.00      3      3
517  17    7  25.10  27.87   4.78  37.76  79.71  48.00   2.00   2.00   4.00   4.00  10.00      3      3
518  17    7  20.97  31.09   4.78  37.76  79.71  56.00   2.00   2.00   4.00   4.00  10.00      3      3
519  17    7  16.44  33.71   4.78  37.76  79.71  64.00   2.00   2.00   4.00   4.00  10.00      3      3
520  17    7  11.59  35.67   4.78  37.76  79.71  72.00   2.00   2.00   4.00   4.00  10.00      3      3
521  17    7   6.51  36.94   4.78  37.76  79.71  80.00   2.00   2.00   4.00   4.00  10.00      3      3
522  17    7   1.31  37.48   4.78  37.76  79.71  88.00   2.00   2.00   4.00   4.00  10.00      3      3
523  17    7  -3.92  37.30   4.78  37.76  79.71  96.00   2.00   2.00   4.00   4.00  10.00      3      3
524  17    7  -9.07  36.39   4.78  37.76  79.71 104.00   2.00   2.00   4.00   4.00  10.00      3      3
525  17    7 -14.05  34.78   4.78  37.76  79.71 112.00   2.00   2.00   4.00   4.00  10.00      3      3
526  17    7 -18.75  32.48   4.78  37.76  79.71 120.00   2.00   2.00   4.00   4.00  10.00      3      3
527  17    7 -23.09  29.56   4.78  37.76  79.71 128.00   2.00   2.00   4.00   4.00  10.00      3      3
528  17    7 -26.98  26.06   4.78  37.76  79.71 136.00   2.00   2.00   4.00   4.00  10.00      3      3
529  17    7 -30.34  22.05   4.78  37.76  79.71 144.00   2.00   2.00   4.00   4.00  10.00      3      3
530  17    7 -33.12  17.61   4.78  37.76  79.71 152.00   2.00   2.00   4.00   4.00  10.00      3      3
531  17    7 -35.24  12.83   4.78  37.76  79.71 160.00   2.00   2.00   4.00   4.00  10.00      3      3
532  17    7 -36.69   7.80   4.78  37.76  79.71 168.00   2.00   2.00   4.00   4.00  10.00      3      3
533  17    7 -37.42   2.62   4.78  37.76  79.71 176.00   2.00   2.00   4.00   4.00  10.00      3      3
534  17    7 -37.42  -2.61   4.78  37.76  79.71 184.00   2.00   2.00   4.00   4.00  10.00      3      3
535  17    7 -36.69  -7.80   4.78  37.76  79.71 192.00   2.00   2.00   4.00   4.00  10.00      3      3
536  17    7 -35.25 -12.83   4.78  37.76  79.71 200.00   2.00   2.00   4.00   4.00  10.00      3      3
537  17    7 -33.12 -17.61   4.78  37.76  79.71 208.00   2.00   2.00   4.00   4.00  10.00      3      3
538  17    7 -30.35 -22.04   4.78  37.76  79.71 216.00   2.00   2.00   4.00   4.00  10.00      3      3
539  17    7 -26.98 -26.05   4.78  37.76  79.71 224.00   2.00   2.00   4.00   4.00  10.00      3      3
540  17    7 -23.09 -29.55   4.78  37.76  79.71 232.00   2.00   2.00   4.00   4.00  10.00      3      3
541  17    7 -18.76 -32.48   4.78  37.76  79.71 239.99   2.00   2.00   4.00   4.00  10.00      3      3
542  17    7 -14.05 -34.77   4.78  37.76  79.71 247.99   2.00   2.00   4.00   4.00  10.00      3      3
543  17    7  -9.08 -36.39   4.78  37.76  79.71 255.99   2.00   2.00   4.00   4.00  10.00      3      3
544  17    7  -3.92 -37.30   4.78  37.76  79.71 263.99   2.00   2.00   4.00   4.00  10.00      3      3
545  17    7   1.31 -37.48   4.78  37.76  79.71 271.99   2.00   2.00   4.00   4.00  10.00      3      3
546  17    7   6.51 -36.94   4.78  37.76  79.71 279.99   2.00   2.00   4.00   4.00  10.00      3      3
547  17    7  11.59 -35.67   4.78  37.76  79.71 287.99   2.00   2.00   4.00   4.00  10.00      3      3
548  17    7  16.44 -33.71   4.78  37.76  79.71 295.99   2.00   2.00   4.00   4.00  10.00      3      3
549  17    7  20.97 -31.10   4.78  37.76  79.71 303.99   2.00   2.00   4.00   4.00  10.00      3      3
550  17    7  25.09 -27.88   4.78  37.76  79.71 311.99   2.00   2.00   4.00   4.00  10.00      3      3
551  17    7  28.73 -24.11   4.78  37.76  79.71 319.99   2.00   2.00   4.00   4.00  10.00      3      3
552  17    7  31.81 -19.88   4.78  37.76  79.71 327.99   2.00   2.00   4.00   4.00  10.00      3      3
553  17    7  34.26 -15.26   4.78  37.76  79.71 335.99   2.00   2.00   4.00   4.00  10.00      3      3
554  17    7  36.05 -10.34   4.78  37.76  79.71 343.99   2.00   2.00   4.00   4.00  10.00      3      3
555  17    7  37.14  -5.22   4.78  37.76  79.71 351.99   2.00   2.00   4.00   4.00  10.00      3      3
556  18    7  35.38   0.00   1.14  35.35  91.40   0.00   2.00   2.00   4.00   4.00  10.00      3      1
557  18    7  35.01   5.15   1.14  35.35  91.40   8.37   2.00   2.00   4.00   4.00  10.00      3      1
558  18    7  33.88  10.19   1.14  35.35  91.40  16.74   2.00   2.00   4.00   4.00  10.00      3      1
559  18    7  32.04  15.02   1.14  35.35  91.40  25.12   2.00   2.00   4.00   4.00  10.00      3      1
560  18    7  29.51  19.52   1.14  35.35  91.40  33.49   2.00   2.00   4.00   4.00  10.00      3      1
561  18    7  26.35  23.61   1.14  35.35  91.40  41.86   2.00   2.00   4.00   4.00  10.00      3      1
562  18    7  22.63  27.20   1.14  35.35  91.40  50.23   2.00   2.00   4.00   4.00  10.00      3      1
563  18    7  18.43  30.20   1.14  35.35  91.40  58.60   2.00   2.00   4.00   4.00  10.00      3      1
564  18    7  13.84  32.57   1.14  35.35  91.40  66.98   2.00   2.00   4.00   4.00  10.00      3      1
565  18    7   8.95  34.23   1.14  35.35  91.40  75.35   2.00   2.00   4.00   4.00  10.00      3      1
566  18    7   3.87  35.17   1.14  35.35  91.40  83.72   2.00   2.00   4.00   4.00  10.00      3      1
567  18    7  -1.29  35.36   1.14  35.35  91.40  92.09   2.00   2.00   4.00   4.00  10.00      3      1
568  18    7  -6.43  34.80   1.14  35.35  91.40 100.46   2.00   2.00   4.00   4.00  10.00      3      1
569  18    7 -11.42  33.49   1.14  35.35  91.40 108.84   2.00   2.00   4.00   4.00  10.00      3      1
570  18    7 -16.18  31.47   1.14  35.35  91.40 117.21   2.00   2.00   4.00   4.00  10.00      3      1
571  18    7 -20.59  28.78   1.14  35.35  91.40 125.58   2.00   2.00   4.00   4.00  10.00      3      1
572  18    7 -24.56  25.47   1.14  35.35  91.40 133.95   2.00   2.00   4.00   4.00  10.00      3      1
573  18    7 -28.01  21.63   1.14  35.35  91.40 142.32   2.00   2.00   4.00   4.00  10.00      3      1
574  18    7 -30.86  17.32   1.14  35.35  91.40 150.70   2.00   2.00   4.00   4.00  10.00      3      1
575  18    7 -33.05  12.64   1.14  35.35  91.40 159.07   2.00   2.00   4.00   4.00  10.00      3      1
576  18    7 -34.54   7.69   1.14  35.35  91.40 167.44   2.00   2.00   4.00   4.00  10.00      3      1
577  18    7 -35.29   2.58   1.14  35.35  91.40 175.81   2.00   2.00   4.00   4.00  10.00      3      1
578  18    7 -35.29  -2.58   1.14  35.35  91.40 184.19   2.00   2.00   4.00   4.00  10.00      3      1
579  18    7 -34.54  -7.69   1.14  35.35  91.40 192.56   2.00   2.00   4.00   4.00  10.00      3      1
580  18    7 -33.05 -12.64   1.14  35.35  91.40 200.93   2.00   2.00   4.00   4.00  10.00      3      1
581  18    7 -30.86 -17.32   1.14  35.35  91.40 209.30   2.00   2.00   4.00   4.00  10.00      3      1
582  18    7 -28.01 -21.63   1.14  35.35  91.40 217.67   2.00   2.00   4.00   4.00  10.00      3      1
583  18    7 -24.56 -25.47   1.14  35.35  91.40 226.05   2.00   2.00   4.00   4.00  10.00      3      1
584  18    7 -20.59 -28.78   1.14  35.35  91.40 234.42   2.00   2.00   4.00   4.00  10.00      3      1
585  18    7 -16.18 -31.47   1.14  35.35  91.40 242.79   2.00   2.00   4.00   4.00  10.00      3      1
586  18    7 -11.43 -33.49   1.14  35.35  91.40 251.16   2.00   2.00   4.00   4.00  10.00      3      1
587  18    7  -6.43 -34.80   1.14  35.35  91.40 259.53   2.00   2.00   4.00   4.00  10.00      3      1
588  18    7  -1.29 -35.36   1.14  35.35  91.40 267.91   2.00   2.00   4.00   4.00  10.00      3      1
589  18    7   3.87 -35.17   1.14  35.35  91.40 276.28   2.00   2.00   4.00   4.00  10.00      3      1
590  18    7   8.95 -34.23   1.14  35.35  91.40 284.65   2.00   2.00   4.00   4.00  10.00      3      1
591  18    7  13.84 -32.57   1.14  35.35  91.40 293.02   2.00   2.00   4.00   4.00  10.00      3      1
592  18    7  18.43 -30.20   1.14  35.35  91.40 301.39   2.00   2.00   4.00   4.00  10.00      3      1
593  18    7  22.63 -27.20   1.14  35.35  91.40 309.77   2.00   2.00   4.00   4.00  10.00      3      1
594  18    7  26.35 -23.61   1.14  35.35  91.40 318.14   2.00   2.00   4.00   4.00  10.00      3      1
595  18    7  29.51 -19.52   1.14  35.35  91.40 326.51   2.00   2.00   4.00   4.00  10.00      3      1
596  18    7  32.04 -15.02   1.14  35.35  91.40 334.88   2.00   2.00   4.00   4.00  10.00      3      1
597  18    7  33.88 -10.19   1.14  35.35  91.40 343.25   2.00   2.00   4.00   4.00  10.00      3      1
598  18    7  35.01  -5.15   1.14  35.35  91.40 351.63   2.00   2.00   4.00   4.00  10.00      3      1
599  19    7  35.34   0.00  -0.86  35.35  91.40   0.00   2.00   2.00   4.00   4.00  10.00      3      2
600  19    7  34.96   5.14  -0.86  35.35  91.40   8.37   2.00   2.00   4.00   4.00  10.00      3      2
601  19    7  33.84  10.18  -0.86  35.35  91.40  16.74   2.00   2.00   4.00   4.00  10.00      3      2
602  19    7  31.99  15.00  -0.86  35.35  91.40  25.12   2.00   2.00   4.00   4.00  10.00      3      2
603  19    7  29.47  19.50  -0.86  35.35  91.40  33.49   2.00   2.00   4.00   4.00  10.00      3      2
604  19    7  26.32  23.58  -0.86  35.35  91.40  41.86   2.00   2.00   4.00   4.00  10.00      3      2
605  19    7  22.60  27.16  -0.86  35.35  91.40  50.23   2.00   2.00   4.00   4.00  10.00      3      2
606  19    7  18.41  30.16  -0.86  35.35  91.40  58.60   2.00   2.00   4.00   4.00  10.00      3      2
607  19    7  13.82  32.52  -0.86  35.35  91.40  66.98   2.00   2.00   4.00   4.00  10.00      3      2
608  19    7   8.94  34.19  -0.86  35.35  91.40  75.35   2.00   2.00   4.00   4.00  10.00      3      2
609  19    7   3.86  35.12  -0.86  35.35  91.40  83.72   2.00   2.00   4.00   4.00  10.00      3      2
610  19    7  -1.29  35.31  -0.86  35.35  91.40  92.09   2.00   2.00   4.00   4.00  10.00      3      2
611  19    7  -6.42  34.75  -0.86  35.35  91.40 100.46   2.00   2.00   4.00   4.00  10.00      3      2
612  19    7 -11.41  33.44  -0.86  35.35  91.40 108.84   2.00   2.00   4.00   4.00  10.00      3      2
613  19    7 -16.16  31.43  -0.86  35.35  91.40 117.21   2.00   2.00   4.00   4.00  10.00      3      2
614  19    7 -20.56  28.74  -0.86  35.35  91.40 125.58   2.00   2.00   4.00   4.00  10.00      3      2
615  19    7 -24.53  25.44  -0.86  35.35  91.40 133.95   2.00   2.00   4.00   4.00  10.00      3      2
616  19    7 -27.97  21.60  -0.86  35.35  91.40 142.32   2.00   2.00   4.00   4.00  10.00      3      2
617  19    7 -30.81  17.29  -0.86  35.35  91.40 150.70   2.00   2.00   4.00   4.00  10.00      3      2
618  19    7 -33.00  12.62  -0.86  35.35  91.40 159.07   2.00   2.00   4.00   4.00  10.00      3      2
619  19    7 -34.49   7.68  -0.86  35.35  91.40 167.44   2.00   2.00   4.00   4.00  10.00      3      2
620  19    7 -35.24   2.58  -0.86  35.35  91.40 175.81   2.00   2.00   4.00   4.00  10.00      3      2
621  19    7 -35.24  -2.58  -0.86  35.35  91.40 184.19   2.00   2.00   4.00   4.00  10.00      3      2
622  19    7 -34.49  -7.68  -0.86  35.35  91.40 192.56   2.00   2.00   4.00   4.00  10.00      3      2
623  19    7 -33.00 -12.62  -0.86  35.35  91.40 200.93   2.00   2.00   4.00   4.00  10.00      3      2
624  19    7 -30.81 -17.29  -0.86  35.35  91.40 209.30   2.00   2.00   4.00   4.00  10.00      3      2
625  19    7 -27.97 -21.60  -0.86  35.35  91.40 217.67   2.00   2.00   4.00   4.00  10.00      3      2
626  19    7 -24.53 -25.44  -0.86  35.35  91.40 226.05   2.00   2.00   4.00   4.00  10.00      3      2
627  19    7 -20.56 -28.74  -0.86  35.35  91.40 234.42   2.00   2.00   4.00   4.00  10.00      3      2
628  19    7 -16.16 -31.42  -0.86  35.35  91.40 242.79   2.00   2.00   4.00   4.00  10.00      3      2
629  19    7 -11.41 -33.44  -0.86  35.35  91.40 251.16   2.00   2.00   4.00   4.00  10.00      3      2
630  19    7  -6.42 -34.75  -0.86  35.35  91.40 259.53   2.00   2.00   4.00   4.00  10.00      3      2
631  19    7  -1.29 -35.31  -0.86  35.35  91.40 267.91   2.00   2.00   4.00   4.00  10.00      3      2
632  19    7   3.86 -35.12  -0.86  35.35  91.40 276.28   2.00   2.00   4.00   4.00  10.00      3      2
633  19    7   8.94 -34.19  -0.86  35.35  91.40 284.65   2.00   2.00   4.00   4.00  10.00      3      2
634  19    7  13.82 -32.52  -0.86  35.35  91.40 293.02   2.00   2.00   4.00   4.00  10.00      3      2
635  19    7  18.41 -30.16  -0.86  35.35  91.40 301.39   2.00   2.00   4.00   4.00  10.00      3      2
636  19    7  22.60 -27.16  -0.86  35.35  91.40 309.77   2.00   2.00   4.00   4.00  10.00      3      2
637  19    7  26.32 -23.58  -0.86  35.35  91.40 318.14   2.00   2.00   4.00   4.00  10.00      3      2
638  19    7  29.47 -19.50  -0.86  35.35  91.40 326.51   2.00   2.00   4.00   4.00  10.00      3      2
639  19    7  31.99 -15.00  -0.86  35.35  91.40 334.88   2.00   2.00   4.00   4.00  10.00      3      2
640  19    7  33.84 -10.18  -0.86  35.35  91.40 343.25   2.00   2.00   4.00   4.00  10.00      3      2
641  19    7  34.96  -5.15  -0.86  35.35  91.40 351.63   2.00   2.00   4.00   4.00  10.00      3      2
642  20    7  35.29   0.00  -2.86  35.35  91.40   0.00   2.00   2.00   4.00   4.00  10.00      3      3
643  20    7  34.91   5.14  -2.86  35.35  91.40   8.37   2.00   2.00   4.00   4.00  10.00      3      3
644  20    7  33.79  10.17  -2.86  35.35  91.40  16.74   2.00   2.00   4.00   4.00  10.00      3      3
645  20    7  31.95  14.98  -2.86  35.35  91.40  25.12   2.00   2.00   4.00   4.00  10.00      3      3
646  20    7  29.43  19.47  -2.86  35.35  91.40  33.49   2.00   2.00   4.00   4.00  10.00      3      3
647  20    7  26.28  23.55  -2.86  35.35  91.40  41.86   2.00   2.00   4.00   4.00  10.00      3      3
648  20    7  22.57  27.12  -2.86  35.35  91.40  50.23   2.00   2.00   4.00   4.00  10.00      3      3
649  20    7  18.38  30.12  -2.86  35.35  91.40  58.60   2.00   2.00   4.00   4.00  10.00      3      3
650  20    7  13.80  32.48  -2.86  35.35  91.40  66.98   2.00   2.00   4.00   4.00  10.00      3      3
651  20    7   8.93  34.14  -2.86  35.35  91.40  75.35   2.00   2.00   4.00   4.00  10.00      3      3
652  20    7   3.86  35.07  -2.86  35.35  91.40  83.72   2.00   2.00   4.00   4.00  10.00      3      3
653  20    7  -1.29  35.26  -2.86  35.35  91.40  92.09   2.00   2.00   4.00   4.00  10.00      3      3
654  20    7  -6.41  34.70  -2.86  35.35  91.40 100.46   2.00   2.00   4.00   4.00  10.00      3      3
655  20    7 -11.39  33.40  -2.86  35.35  91.40 108.84   2.00   2.00   4.00   4.00  10.00      3      3
656  20    7 -16.13  31.38  -2.86  35.35  91.40 117.21   2.00   2.00   4.00   4.00  10.00      3      3
657  20    7 -20.53  28.70  -2.86  35.35  91.40 125.58   2.00   2.00   4.00   4.00  10.00      3      3
658  20    7 -24.49  25.40  -2.86  35.35  91.40 133.95   2.00   2.00   4.00   4.00  10.00      3      3
659  20    7 -27.93  21.57  -2.86  35.35  91.40 142.32   2.00   2.00   4.00   4.00  10.00      3      3
660  20    7 -30.77  17.27  -2.86  35.35  91.40 150.70   2.00   2.00   4.00   4.00  10.00      3      3
661  20    7 -32.96  12.61  -2.86  35.35  91.40 159.07   2.00   2.00   4.00   4.00  10.00      3      3
662  20    7 -34.44   7.67  -2.86  35.35  91.40 167.44   2.00   2.00   4.00   4.00  10.00      3      3
663  20    7 -35.19   2.58  -2.86  35.35  91.40 175.81   2.00   2.00   4.00   4.00  10.00      3      3
664  20    7 -35.19  -2.58  -2.86  35.35  91.40 184.19   2.00   2.00   4.00   4.00  10.00      3      3
665  20    7 -34.44  -7.67  -2.86  35.35  91.40 192.56   2.00   2.00   4.00   4.00  10.00      3      3
666  20    7 -32.96 -12.60  -2.86  35.35  91.40 200.93   2.00   2.00   4.00   4.00  10.00      3      3
667  20    7 -30.77 -17.27  -2.86  35.35  91.40 209.30   2.00   2.00   4.00   4.00  10.00      3      3
668  20    7 -27.93 -21.57  -2.86  35.35  91.40 217.67   2.00   2.00   4.00   4.00  10.00      3      3
669  20    7 -24.49 -25.40  -2.86  35.35  91.40 226.05   2.00   2.00   4.00   4.00  10.00      3      3
670  20    7 -20.53 -28.70  -2.86  35.35  91.40 234.42   2.00   2.00   4.00   4.00  10.00      3      3
671  20    7 -16.13 -31.38  -2.86  35.35  91.40 242.79   2.00   2.00   4.00   4.00  10.00      3      3
672  20    7 -11.39 -33.40  -2.86  35.35  91.40 251.16   2.00   2.00   4.00   4.00  10.00      3      3
673  20    7  -6.41 -34.70  -2.86  35.35  91.40 259.53   2.00   2.00   4.00   4.00  10.00      3      3
674  20    7  -1.29 -35.26  -2.86  35.35  91.40 267.91   2.00   2.00   4.00   4.00  10.00      3      3
675  20    7   3.86 -35.07  -2.86  35.35  91.40 276.28   2.00   2.00   4.00   4.00  10.00      3      3
676  20    7   8.92 -34.14  -2.86  35.35  91.40 284.65   2.00   2.00   4.00   4.00  10.00      3      3
677  20    7  13.80 -32.48  -2.86  35.35  91.40 293.02   2.00   2.00   4.00   4.00  10.00      3      3
678  20    7  18.38 -30.12  -2.86  35.35  91.40 301.39   2.00   2.00   4.00   4.00  10.00      3      3
679  20    7  22.57 -27.12  -2.86  35.35  91.40 309.77   2.00   2.00   4.00   4.00  10.00      3      3
680  20    7  26.28 -23.55  -2.86  35.35  91.40 318.14   2.00   2.00   4.00   4.00  10.00      3      3
681  20    7  29.43 -19.47  -2.86  35.35  91.40 326.51   2.00   2.00   4.00   4.00  10.00      3      3
682  20    7  31.95 -14.98  -2.86  35.35  91.40 334.88   2.00   2.00   4.00   4.00  10.00      3      3
683  20    7  33.79 -10.17  -2.86  35.35  91.40 343.25   2.00   2.00   4.00   4.00  10.00      3      3
684  20    7  34.91  -5.14  -2.86  35.35  91.40 351.63   2.00   2.00   4.00   4.00  10.00      3      3
685  21    7  33.01   0.00  -5.95  33.52 101.93   0.00   2.00   2.00   4.00   4.00  10.00      2      1
686  21    7  32.58   5.29  -5.95  33.52 101.93   9.23   2.00   2.00   4.00   4.00  10.00      2      1
687  21    7  31.31  10.45  -5.95  33.52 101.93  18.46   2.00   2.00   4.00   4.00  10.00      2      1
688  21    7  29.23  15.34  -5.95  33.52 101.93  27.69   2.00   2.00   4.00   4.00  10.00      2      1
689  21    7  26.39  19.83  -5.95  33.52 101.93  36.92   2.00   2.00   4.00   4.00  10.00      2      1
690  21    7  22.87  23.80  -5.95  33.52 101.93  46.14   2.00   2.00   4.00   4.00  10.00      2      1
691  21    7  18.76  27.16  -5.95  33.52 101.93  55.37   2.00   2.00   4.00   4.00  10.00      2      1
692  21    7  14.16  29.82  -5.95  33.52 101.93  64.60   2.00   2.00   4.00   4.00  10.00      2      1
693  21    7   9.19  31.70  -5.95  33.52 101.93  73.83   2.00   2.00   4.00   4.00  10.00      2      1
694  21    7   3.99  32.76  -5.95  33.52 101.93  83.06   2.00   2.00   4.00   4.00  10.00      2      1
695  21    7  -1.32  32.98  -5.95  33.52 101.93  92.29   2.00   2.00   4.00   4.00  10.00      2      1
696  21    7  -6.59  32.34  -5.95  33.52 101.93 101.52   2.00   2.00   4.00   4.00  10.00      2      1
697  21    7 -11.69  30.87  -5.95  33.52 101.93 110.75   2.00   2.00   4.00   4.00  10.00      2      1
698  21    7 -16.49  28.59  -5.95  33.52 101.93 119.98   2.00   2.00   4.00   4.00  10.00      2      1
699  21    7 -20.86  25.58  -5.95  33.52 101.93 129.20   2.00   2.00   4.00   4.00  10.00      2      1
700  21    7 -24.69  21.90  -5.95  33.52 101.93 138.43   2.00   2.00   4.00   4.00  10.00      2      1
701  21    7 -27.89  17.66  -5.95  33.52 101.93 147.66   2.00   2.00   4.00   4.00  10.00      2      1
702  21    7 -30.36  12.95  -5.95  33.52 101.93 156.89   2.00   2.00   4.00   4.00  10.00      2      1
703  21    7 -32.04   7.92  -5.95  33.52 101.93 166.12   2.00   2.00   4.00   4.00  10.00      2      1
704  21    7 -32.90   2.68  -5.95  33.52 101.93 175.35   2.00   2.00   4.00   4.00  10.00      2      1
705  21    7 -32.90  -2.63  -5.95  33.52 101.93 184.58   2.00   2.00   4.00   4.00  10.00      2      1
706  21    7 -32.05  -7.88  -5.95  33.52 101.93 193.81   2.00   2.00   4.00   4.00  10.00      2      1
707  21    7 -30.38 -12.92  -5.95  33.52 101.93 203.03   2.00   2.00   4.00   4.00  10.00      2      1
708  21    7 -27.91 -17.62  -5.95  33.52 101.93 212.26   2.00   2.00   4.00   4.00  10.00      2      1
709  21    7 -24.72 -21.87  -5.95  33.52 101.93 221.49   2.00   2.00   4.00   4.00  10.00      2      1
710  21    7 -20.90 -25.55  -5.95  33.52 101.93 230.72   2.00   2.00   4.00   4.00  10.00      2      1
711  21    7 -16.53 -28.57  -5.95  33.52 101.93 239.95   2.00   2.00   4.00   4.00  10.00      2      1
712  21    7 -11.73 -30.85  -5.95  33.52 101.93 249.18   2.00   2.00   4.00   4.00  10.00      2      1
713  21    7  -6.63 -32.33  -5.95  33.52 101.93 258.41   2.00   2.00   4.00   4.00  10.00      2      1
714  21    7  -1.36 -32.98  -5.95  33.52 101.93 267.64   2.00   2.00   4.00   4.00  10.00      2      1
715  21    7   3.95 -32.77  -5.95  33.52 101.93 276.87   2.00   2.00   4.00   4.00  10.00      2      1
716  21    7   9.15 -31.71  -5.95  33.52 101.93 286.09   2.00   2.00   4.00   4.00  10.00      2      1
717  21    7  14.12 -29.84  -5.95  33.52 101.93 295.32   2.00   2.00   4.00   4.00  10.00      2      1
718  21    7  18.72 -27.18  -5.95  33.52 101.93 304.55   2.00   2.00   4.00   4.00  10.00      2      1
719  21    7  22.84 -23.83  -5.95  33.52 101.93 313.78   2.00   2.00   4.00   4.00  10.00      2      1
720  21    7  26.36 -19.86  -5.95  33.52 101.93 323.01   2.00   2.00   4.00   4.00  10.00      2      1
721  21    7  29.21 -15.37  -5.95  33.52 101.93 332.24   2.00   2.00   4.00   4.00  10.00      2      1
722  21    7  31.30 -10.49  -5.95  33.52 101.93 341.47   2.00   2.00   4.00   4.00  10.00      2      1
723  21    7  32.57  -5.34  -5.95  33.52 101.93 350.70   2.00   2.00   4.00   4.00  10.00      2      1
724  22    7  32.59   0.00  -7.91  33.52 101.93   0.00   2.00   2.00   4.00   4.00  10.00      2      2
725  22    7  32.17   5.23  -7.91  33.52 101.93   9.23   2.00   2.00   4.00   4.00  10.00      2      2
726  22    7  30.92  10.32  -7.91  33.52 101.93  18.46   2.00   2.00   4.00   4.00  10.00      2      2
727  22    7  28.86  15.14  -7.91  33.52 101.93  27.69   2.00   2.00   4.00   4.00  10.00      2      2
728  22    7  26.06  19.58  -7.91  33.52 101.93  36.92   2.00   2.00   4.00   4.00  10.00      2      2
729  22    7  22.58  23.50  -7.91  33.52 101.93  46.14   2.00   2.00   4.00   4.00  10.00      2      2
730  22    7  18.52  26.82  -7.91  33.52 101.93  55.37   2.00   2.00   4.00   4.00  10.00      2      2
731  22    7  13.98  29.44  -7.91  33.52 101.93  64.60   2.00   2.00   4.00   4.00  10.00      2      2
732  22    7   9.08  31.30  -7.91  33.52 101.93  73.83   2.00   2.00   4.00   4.00  10.00      2      2
733  22    7   3.94  32.35  -7.91  33.52 101.93  83.06   2.00   2.00   4.00   4.00  10.00      2      2
734  22    7  -1.30  32.57  -7.91  33.52 101.93  92.29   2.00   2.00   4.00   4.00  10.00      2      2
735  22    7  -6.51  31.94  -7.91  33.52 101.93 101.52   2.00   2.00   4.00   4.00  10.00      2      2
736  22    7 -11.55  30.48  -7.91  33.52 101.93 110.75   2.00   2.00   4.00   4.00  10.00      2      2
737  22    7 -16.28  28.23  -7.91  33.52 101.93 119.98   2.00   2.00   4.00   4.00  10.00      2      2
738  22    7 -20.60  25.26  -7.91  33.52 101.93 129.20   2.00   2.00   4.00   4.00  10.00      2      2
739  22    7 -24.39  21.63  -7.91  33.52 101.93 138.43   2.00   2.00   4.00   4.00  10.00      2      2
740  22    7 -27.54  17.43  -7.91  33.52 101.93 147.66   2.00   2.00   4.00   4.00  10.00      2      2
741  22    7 -29.98  12.79  -7.91  33.52 101.93 156.89   2.00   2.00   4.00   4.00  10.00      2      2
742  22    7 -31.64   7.82  -7.91  33.52 101.93 166.12   2.00   2.00   4.00   4.00  10.00      2      2
743  22    7 -32.49   2.64  -7.91  33.52 101.93 175.35   2.00   2.00   4.00   4.00  10.00      2      2
744  22    7 -32.49  -2.60  -7.91  33.52 101.93 184.58   2.00   2.00   4.00   4.00  10.00      2      2
745  22    7 -31.65  -7.78  -7.91  33.52 101.93 193.81   2.00   2.00   4.00   4.00  10.00      2      2
746  22    7 -29.99 -12.75  -7.91  33.52 101.93 203.03   2.00   2.00   4.00   4.00  10.00      2      2
747  22    7 -27.56 -17.40  -7.91  33.52 101.93 212.26   2.00   2.00   4.00   4.00  10.00      2      2
748  22    7 -24.41 -21.59  -7.91  33.52 101.93 221.49   2.00   2.00   4.00   4.00  10.00      2      2
749  22    7 -20.63 -25.23  -7.91  33.52 101.93 230.72   2.00   2.00   4.00   4.00  10.00      2      2
750  22    7 -16.32 -28.21  -7.91  33.52 101.93 239.95   2.00   2.00   4.00   4.00  10.00      2      2
751  22    7 -11.59 -30.46  -7.91  33.52 101.93 249.18   2.00   2.00   4.00   4.00  10.00      2      2
752  22    7  -6.55 -31.93  -7.91  33.52 101.93 258.41   2.00   2.00   4.00   4.00  10.00      2      2
753  22    7  -1.34 -32.57  -7.91  33.52 101.93 267.64   2.00   2.00   4.00   4.00  10.00      2      2
754  22    7   3.90 -32.36  -7.91  33.52 101.93 276.87   2.00   2.00   4.00   4.00  10.00      2      2
755  22    7   9.04 -31.32  -7.91  33.52 101.93 286.09   2.00   2.00   4.00   4.00  10.00      2      2
756  22    7  13.94 -29.46  -7.91  33.52 101.93 295.32   2.00   2.00   4.00   4.00  10.00      2      2
757  22    7  18.49 -26.84  -7.91  33.52 101.93 304.55   2.00   2.00   4.00   4.00  10.00      2      2
758  22    7  22.55 -23.53  -7.91  33.52 101.93 313.78   2.00   2.00   4.00   4.00  10.00      2      2
759  22    7  26.03 -19.61  -7.91  33.52 101.93 323.01   2.00   2.00   4.00   4.00  10.00      2      2
760  22    7  28.84 -15.18  -7.91  33.52 101.93 332.24   2.00   2.00   4.00   4.00  10.00      2      2
761  22    7  30.90 -10.36  -7.91  33.52 101.93 341.47   2.00   2.00   4.00   4.00  10.00      2      2
762  22    7  32.16  -5.27  -7.91  33.52 101.93 350.70   2.00   2.00   4.00   4.00  10.00      2      2
763  23    7  29.05   0.00 -10.29  30.80 111.36   0.00   2.00   2.00   4.00   4.00  10.00      2      1
764  23    7  28.52   5.50 -10.29  30.80 111.36  10.91   2.00   2.00   4.00   4.00  10.00      2      1
765  23    7  26.97  10.80 -10.29  30.80 111.36  21.82   2.00   2.00   4.00   4.00  10.00      2      1
766  23    7  24.44  15.70 -10.29  30.80 111.36  32.73   2.00   2.00   4.00   4.00  10.00      2      1
767  23    7  21.02  20.05 -10.29  30.80 111.36  43.63   2.00   2.00   4.00   4.00  10.00      2      1
768  23    7  16.85  23.66 -10.29  30.80 111.36  54.54   2.00   2.00   4.00   4.00  10.00      2      1
769  23    7  12.07  26.42 -10.29  30.80 111.36  65.45   2.00   2.00   4.00   4.00  10.00      2      1
770  23    7   6.85  28.23 -10.29  30.80 111.36  76.36   2.00   2.00   4.00   4.00  10.00      2      1
771  23    7   1.38  29.02 -10.29  30.80 111.36  87.27   2.00   2.00   4.00   4.00  10.00      2      1
772  23    7  -4.13  28.75 -10.29  30.80 111.36  98.18   2.00   2.00   4.00   4.00  10.00      2      1
773  23    7  -9.50  27.45 -10.29  30.80 111.36 109.09   2.00   2.00   4.00   4.00  10.00      2      1
774  23    7 -14.52  25.16 -10.29  30.80 111.36 120.00   2.00   2.00   4.00   4.00  10.00      2      1
775  23    7 -19.02  21.96 -10.29  30.80 111.36 130.90   2.00   2.00   4.00   4.00  10.00      2      1
776  23    7 -22.83  17.96 -10.29  30.80 111.36 141.81   2.00   2.00   4.00   4.00  10.00      2      1
777  23    7 -25.82  13.31 -10.29  30.80 111.36 152.72   2.00   2.00   4.00   4.00  10.00      2      1
778  23    7 -27.87   8.19 -10.29  30.80 111.36 163.63   2.00   2.00   4.00   4.00  10.00      2      1
779  23    7 -28.92   2.76 -10.29  30.80 111.36 174.54   2.00   2.00   4.00   4.00  10.00      2      1
780  23    7 -28.92  -2.76 -10.29  30.80 111.36 185.45   2.00   2.00   4.00   4.00  10.00      2      1
781  23    7 -27.87  -8.18 -10.29  30.80 111.36 196.36   2.00   2.00   4.00   4.00  10.00      2      1
782  23    7 -25.82 -13.31 -10.29  30.80 111.36 207.26   2.00   2.00   4.00   4.00  10.00      2      1
783  23    7 -22.84 -17.95 -10.29  30.80 111.36 218.17   2.00   2.00   4.00   4.00  10.00      2      1
784  23    7 -19.03 -21.95 -10.29  30.80 111.36 229.08   2.00   2.00   4.00   4.00  10.00      2      1
785  23    7 -14.53 -25.15 -10.29  30.80 111.36 239.99   2.00   2.00   4.00   4.00  10.00      2      1
786  23    7  -9.51 -27.45 -10.29  30.80 111.36 250.90   2.00   2.00   4.00   4.00  10.00      2      1
787  23    7  -4.14 -28.75 -10.29  30.80 111.36 261.81   2.00   2.00   4.00   4.00  10.00      2      1
788  23    7   1.38 -29.02 -10.29  30.80 111.36 272.72   2.00   2.00   4.00   4.00  10.00      2      1
789  23    7   6.84 -28.23 -10.29  30.80 111.36 283.63   2.00   2.00   4.00   4.00  10.00      2      1
790  23    7  12.06 -26.43 -10.29  30.80 111.36 294.53   2.00   2.00   4.00   4.00  10.00      2      1
791  23    7  16.85 -23.67 -10.29  30.80 111.36 305.44   2.00   2.00   4.00   4.00  10.00      2      1
792  23    7  21.02 -20.05 -10.29  30.80 111.36 316.35   2.00   2.00   4.00   4.00  10.00      2      1
793  23    7  24.43 -15.71 -10.29  30.80 111.36 327.26   2.00   2.00   4.00   4.00  10.00      2      1
794  23    7  26.97 -10.80 -10.29  30.80 111.36 338.17   2.00   2.00   4.00   4.00  10.00      2      1
795  23    7  28.52  -5.50 -10.29  30.80 111.36 349.08   2.00   2.00   4.00   4.00  10.00      2      1
796  24    7  28.32   0.00 -12.15  30.80 111.36   0.00   2.00   2.00   4.00   4.00  10.00      2      2
797  24    7  27.81   5.36 -12.15  30.80 111.36  10.91   2.00   2.00   4.00   4.00  10.00      2      2
798  24    7  26.29  10.53 -12.15  30.80 111.36  21.82   2.00   2.00   4.00   4.00  10.00      2      2
799  24    7  23.82  15.31 -12.15  30.80 111.36  32.73   2.00   2.00   4.00   4.00  10.00      2      2
800  24    7  20.50  19.54 -12.15  30.80 111.36  43.63   2.00   2.00   4.00   4.00  10.00      2      2
801  24    7  16.43  23.07 -12.15  30.80 111.36  54.54   2.00   2.00   4.00   4.00  10.00      2      2
802  24    7  11.77  25.76 -12.15  30.80 111.36  65.45   2.00   2.00   4.00   4.00  10.00      2      2
803  24    7   6.68  27.52 -12.15  30.80 111.36  76.36   2.00   2.00   4.00   4.00  10.00      2      2
804  24    7   1.35  28.29 -12.15  30.80 111.36  87.27   2.00   2.00   4.00   4.00  10.00      2      2
805  24    7  -4.03  28.03 -12.15  30.80 111.36  98.18   2.00   2.00   4.00   4.00  10.00      2      2
806  24    7  -9.26  26.76 -12.15  30.80 111.36 109.09   2.00   2.00   4.00   4.00  10.00      2      2
807  24    7 -14.16  24.53 -12.15  30.80 111.36 120.00   2.00   2.00   4.00   4.00  10.00      2      2
808  24    7 -18.54  21.40 -12.15  30.80 111.36 130.90   2.00   2.00   4.00   4.00  10.00      2      2
809  24    7 -22.26  17.51 -12.15  30.80 111.36 141.81   2.00   2.00   4.00   4.00  10.00      2      2
810  24    7 -25.17  12.98 -12.15  30.80 111.36 152.72   2.00   2.00   4.00   4.00  10.00      2      2
811  24    7 -27.17   7.98 -12.15  30.80 111.36 163.63   2.00   2.00   4.00   4.00  10.00      2      2
812  24    7 -28.19   2.70 -12.15  30.80 111.36 174.54   2.00   2.00   4.00   4.00  10.00      2      2
813  24    7 -28.19  -2.69 -12.15  30.80 111.36 185.45   2.00   2.00   4.00   4.00  10.00      2      2
814  24    7 -27.17  -7.98 -12.15  30.80 111.36 196.36   2.00   2.00   4.00   4.00  10.00      2      2
815  24    7 -25.17 -12.97 -12.15  30.80 111.36 207.26   2.00   2.00   4.00   4.00  10.00      2      2
816  24    7 -22.26 -17.50 -12.15  30.80 111.36 218.17   2.00   2.00   4.00   4.00  10.00      2      2
817  24    7 -18.55 -21.40 -12.15  30.80 111.36 229.08   2.00   2.00   4.00   4.00  10.00      2      2
818  24    7 -14.16 -24.52 -12.15  30.80 111.36 239.99   2.00   2.00   4.00   4.00  10.00      2      2
819  24    7  -9.27 -26.76 -12.15  30.80 111.36 250.90   2.00   2.00   4.00   4.00  10.00      2      2
820  24    7  -4.04 -28.03 -12.15  30.80 111.36 261.81   2.00   2.00   4.00   4.00  10.00      2      2
821  24    7   1.34 -28.29 -12.15  30.80 111.36 272.72   2.00   2.00   4.00   4.00  10.00      2      2
822  24    7   6.67 -27.52 -12.15  30.80 111.36 283.63   2.00   2.00   4.00   4.00  10.00      2      2
823  24    7  11.76 -25.76 -12.15  30.80 111.36 294.53   2.00   2.00   4.00   4.00  10.00      2      2
824  24    7  16.42 -23.07 -12.15  30.80 111.36 305.44   2.00   2.00   4.00   4.00  10.00      2      2
825  24    7  20.49 -19.55 -12.15  30.80 111.36 316.35   2.00   2.00   4.00   4.00  10.00      2      2
826  24    7  23.82 -15.32 -12.15  30.80 111.36 327.26   2.00   2.00   4.00   4.00  10.00      2      2
827  24    7  26.29 -10.53 -12.15  30.80 111.36 338.17   2.00   2.00   4.00   4.00  10.00      2      2
828  24    7  27.81  -5.37 -12.15  30.80 111.36 349.08   2.00   2.00   4.00   4.00  10.00      2      2
829  25    7  23.52   0.00 -13.60  27.15 122.15   0.00   2.00   2.00   4.00   4.00  10.00      2      1
830  25    7  22.78   5.85 -13.60  27.15 122.15  14.40   2.00   2.00   4.00   4.00  10.00      2      1
831  25    7  20.61  11.33 -13.60  27.15 122.15  28.80   2.00   2.00   4.00   4.00  10.00      2      1
832  25    7  17.15  16.10 -13.60  27.15 122.15  43.20   2.00   2.00   4.00   4.00  10.00      2      1
833  25    7  12.60  19.86 -13.60  27.15 122.15  57.60   2.00   2.00   4.00   4.00  10.00      2      1
834  25    7   7.27  22.37 -13.60  27.15 122.15  72.00   2.00   2.00   4.00   4.00  10.00      2      1
835  25    7   1.48  23.47 -13.60  27.15 122.15  86.40   2.00   2.00   4.00   4.00  10.00      2      1
836  25    7  -4.41  23.10 -13.60  27.15 122.15 100.80   2.00   2.00   4.00   4.00  10.00      2      1
837  25    7 -10.01  21.28 -13.60  27.15 122.15 115.20   2.00   2.00   4.00   4.00  10.00      2      1
838  25    7 -14.99  18.12 -13.60  27.15 122.15 129.60   2.00   2.00   4.00   4.00  10.00      2      1
839  25    7 -19.03  13.83 -13.60  27.15 122.15 144.00   2.00   2.00   4.00   4.00  10.00      2      1
840  25    7 -21.87   8.66 -13.60  27.15 122.15 158.40   2.00   2.00   4.00   4.00  10.00      2      1
841  25    7 -23.33   2.95 -13.60  27.15 122.15 172.80   2.00   2.00   4.00   4.00  10.00      2      1
842  25    7 -23.34  -2.95 -13.60  27.15 122.15 187.20   2.00   2.00   4.00   4.00  10.00      2      1
843  25    7 -21.87  -8.66 -13.60  27.15 122.15 201.60   2.00   2.00   4.00   4.00  10.00      2      1
844  25    7 -19.03 -13.82 -13.60  27.15 122.15 216.00   2.00   2.00   4.00   4.00  10.00      2      1
845  25    7 -14.99 -18.12 -13.60  27.15 122.15 230.39   2.00   2.00   4.00   4.00  10.00      2      1
846  25    7 -10.02 -21.28 -13.60  27.15 122.15 244.79   2.00   2.00   4.00   4.00  10.00      2      1
847  25    7  -4.41 -23.10 -13.60  27.15 122.15 259.19   2.00   2.00   4.00   4.00  10.00      2      1
848  25    7   1.47 -23.47 -13.60  27.15 122.15 273.59   2.00   2.00   4.00   4.00  10.00      2      1
849  25    7   7.27 -22.37 -13.60  27.15 122.15 287.99   2.00   2.00   4.00   4.00  10.00      2      1
850  25    7  12.60 -19.86 -13.60  27.15 122.15 302.39   2.00   2.00   4.00   4.00  10.00      2      1
851  25    7  17.14 -16.10 -13.60  27.15 122.15 316.79   2.00   2.00   4.00   4.00  10.00      2      1
852  25    7  20.61 -11.33 -13.60  27.15 122.15 331.19   2.00   2.00   4.00   4.00  10.00      2      1
853  25    7  22.78  -5.85 -13.60  27.15 122.15 345.59   2.00   2.00   4.00   4.00  10.00      2      1
854  26    7  22.46   0.00 -15.30  27.15 122.15   0.00   2.00   2.00   4.00   4.00  10.00      2      2
855  26    7  21.75   5.58 -15.30  27.15 122.15  14.40   2.00   2.00   4.00   4.00  10.00      2      2
856  26    7  19.68  10.82 -15.30  27.15 122.15  28.80   2.00   2.00   4.00   4.00  10.00      2      2
857  26    7  16.37  15.37 -15.30  27.15 122.15  43.20   2.00   2.00   4.00   4.00  10.00      2      2
858  26    7  12.03  18.96 -15.30  27.15 122.15  57.60   2.00   2.00   4.00   4.00  10.00      2      2
859  26    7   6.94  21.36 -15.30  27.15 122.15  72.00   2.00   2.00   4.00   4.00  10.00      2      2
860  26    7   1.41  22.41 -15.30  27.15 122.15  86.40   2.00   2.00   4.00   4.00  10.00      2      2
861  26    7  -4.21  22.06 -15.30  27.15 122.15 100.80   2.00   2.00   4.00   4.00  10.00      2      2
862  26    7  -9.56  20.32 -15.30  27.15 122.15 115.20   2.00   2.00   4.00   4.00  10.00      2      2
863  26    7 -14.31  17.30 -15.30  27.15 122.15 129.60   2.00   2.00   4.00   4.00  10.00      2      2
864  26    7 -18.17  13.20 -15.30  27.15 122.15 144.00   2.00   2.00   4.00   4.00  10.00      2      2
865  26    7 -20.88   8.27 -15.30  27.15 122.15 158.40   2.00   2.00   4.00   4.00  10.00      2      2
866  26    7 -22.28   2.82 -15.30  27.15 122.15 172.80   2.00   2.00   4.00   4.00  10.00      2      2
867  26    7 -22.28  -2.81 -15.30  27.15 122.15 187.20   2.00   2.00   4.00   4.00  10.00      2      2
868  26    7 -20.88  -8.27 -15.30  27.15 122.15 201.60   2.00   2.00   4.00   4.00  10.00      2      2
869  26    7 -18.17 -13.20 -15.30  27.15 122.15 216.00   2.00   2.00   4.00   4.00  10.00      2      2
870  26    7 -14.32 -17.30 -15.30  27.15 122.15 230.39   2.00   2.00   4.00   4.00  10.00      2      2
871  26    7  -9.56 -20.32 -15.30  27.15 122.15 244.79   2.00   2.00   4.00   4.00  10.00      2      2
872  26    7  -4.21 -22.06 -15.30  27.15 122.15 259.19   2.00   2.00   4.00   4.00  10.00      2      2
873  26    7   1.41 -22.41 -15.30  27.15 122.15 273.59   2.00   2.00   4.00   4.00  10.00      2      2
874  26    7   6.94 -21.36 -15.30  27.15 122.15 287.99   2.00   2.00   4.00   4.00  10.00      2      2
875  26    7  12.03 -18.96 -15.30  27.15 122.15 302.39   2.00   2.00   4.00   4.00  10.00      2      2
876  26    7  16.37 -15.37 -15.30  27.15 122.15 316.79   2.00   2.00   4.00   4.00  10.00      2      2
877  26    7  19.68 -10.82 -15.30  27.15 122.15 331.19   2.00   2.00   4.00   4.00  10.00      2      2
878  26    7  21.75  -5.59 -15.30  27.15 122.15 345.59   2.00   2.00   4.00   4.00  10.00      2      2
879  27    7  20.00   0.00 -17.59  26.63 131.33   0.00   2.00   2.00   4.00   4.00  10.00      1      1
880  27    7  19.19   5.63 -17.59  26.63 131.33  16.36   2.00   2.00   4.00   4.00  10.00      1      1
881  27    7  16.82  10.81 -17.59  26.63 131.33  32.73   2.00   2.00   4.00   4.00  10.00      1      1
882  27    7  13.10  15.11 -17.59  26.63 131.33  49.09   2.00   2.00   4.00   4.00  10.00      1      1
883  27    7   8.31  18.19 -17.59  26.63 131.33  65.45   2.00   2.00   4.00   4.00  10.00      1      1
884  27    7   2.85  19.80 -17.59  26.63 131.33  81.81   2.00   2.00   4.00   4.00  10.00      1      1
885  27    7  -2.84  19.80 -17.59  26.63 131.33  98.18   2.00   2.00   4.00   4.00  10.00      1      1
886  27    7  -8.31  18.19 -17.59  26.63 131.33 114.54   2.00   2.00   4.00   4.00  10.00      1      1
887  27    7 -13.10  15.12 -17.59  26.63 131.33 130.90   2.00   2.00   4.00   4.00  10.00      1      1
888  27    7 -16.82  10.81 -17.59  26.63 131.33 147.27   2.00   2.00   4.00   4.00  10.00      1      1
889  27    7 -19.19   5.64 -17.59  26.63 131.33 163.63   2.00   2.00   4.00   4.00  10.00      1      1
890  27    7 -20.00   0.00 -17.59  26.63 131.33 179.99   2.00   2.00   4.00   4.00  10.00      1      1
891  27    7 -19.19  -5.63 -17.59  26.63 131.33 196.35   2.00   2.00   4.00   4.00  10.00      1      1
892  27    7 -16.83 -10.81 -17.59  26.63 131.33 212.72   2.00   2.00   4.00   4.00  10.00      1      1
893  27    7 -13.10 -15.11 -17.59  26.63 131.33 229.08   2.00   2.00   4.00   4.00  10.00      1      1
894  27    7  -8.31 -18.19 -17.59  26.63 131.33 245.44   2.00   2.00   4.00   4.00  10.00      1      1
895  27    7  -2.85 -19.80 -17.59  26.63 131.33 261.81   2.00   2.00   4.00   4.00  10.00      1      1
896  27    7   2.84 -19.80 -17.59  26.63 131.33 278.17   2.00   2.00   4.00   4.00  10.00      1      1
897  27    7   8.30 -18.19 -17.59  26.63 131.33 294.53   2.00   2.00   4.00   4.00  10.00      1      1
898  27    7  13.09 -15.12 -17.59  26.63 131.33 310.90   2.00   2.00   4.00   4.00  10.00      1      1
899  27    7  16.82 -10.82 -17.59  26.63 131.33 327.26   2.00   2.00   4.00   4.00  10.00      1      1
900  27    7  19.19  -5.64 -17.59  26.63 131.33 343.62   2.00   2.00   4.00   4.00  10.00      1      1
901  28    7  15.39   0.00 -17.54  23.34 138.74   0.00   2.00   2.00   4.00   4.00  10.00      1      1
902  28    7  14.22   5.89 -17.54  23.34 138.74  22.50   2.00   2.00   4.00   4.00  10.00      1      1
903  28    7  10.88  10.88 -17.54  23.34 138.74  45.00   2.00   2.00   4.00   4.00  10.00      1      1
904  28    7   5.89  14.22 -17.54  23.34 138.74  67.50   2.00   2.00   4.00   4.00  10.00      1      1
905  28    7   0.00  15.39 -17.54  23.34 138.74  90.00   2.00   2.00   4.00   4.00  10.00      1      1
906  28    7  -5.89  14.22 -17.54  23.34 138.74 112.50   2.00   2.00   4.00   4.00  10.00      1      1
907  28    7 -10.88  10.88 -17.54  23.34 138.74 135.00   2.00   2.00   4.00   4.00  10.00      1      1
908  28    7 -14.22   5.89 -17.54  23.34 138.74 157.50   2.00   2.00   4.00   4.00  10.00      1      1
909  28    7 -15.39   0.00 -17.54  23.34 138.74 180.00   2.00   2.00   4.00   4.00  10.00      1      1
910  28    7 -14.22  -5.89 -17.54  23.34 138.74 202.49   2.00   2.00   4.00   4.00  10.00      1      1
911  28    7 -10.88 -10.88 -17.54  23.34 138.74 224.99   2.00   2.00   4.00   4.00  10.00      1      1
912  28    7  -5.89 -14.22 -17.54  23.34 138.74 247.49   2.00   2.00   4.00   4.00  10.00      1      1
913  28    7  -0.00 -15.39 -17.54  23.34 138.74 269.99   2.00   2.00   4.00   4.00  10.00      1      1
914  28    7   5.89 -14.22 -17.54  23.34 138.74 292.49   2.00   2.00   4.00   4.00  10.00      1      1
915  28    7  10.88 -10.89 -17.54  23.34 138.74 314.99   2.00   2.00   4.00   4.00  10.00      1      1
916  28    7  14.22  -5.89 -17.54  23.34 138.74 337.49   2.00   2.00   4.00   4.00  10.00      1      1
917  29    7  10.54   0.00 -16.90  19.91 148.04   0.00   2.00   2.00   4.00   4.00  10.00      1      1
918  29    7   8.53   6.20 -16.90  19.91 148.04  36.00   2.00   2.00   4.00   4.00  10.00      1      1
919  29    7   3.26  10.03 -16.90  19.91 148.04  72.00   2.00   2.00   4.00   4.00  10.00      1      1
920  29    7  -3.26  10.03 -16.90  19.91 148.04 108.00   2.00   2.00   4.00   4.00  10.00      1      1
921  29    7  -8.53   6.20 -16.90  19.91 148.04 143.99   2.00   2.00   4.00   4.00  10.00      1      1
922  29    7 -10.54   0.00 -16.90  19.91 148.04 179.99   2.00   2.00   4.00   4.00  10.00      1      1
923  29    7  -8.53  -6.19 -16.90  19.91 148.04 215.99   2.00   2.00   4.00   4.00  10.00      1      1
924  29    7  -3.26 -10.03 -16.90  19.91 148.04 251.99   2.00   2.00   4.00   4.00  10.00      1      1
925  29    7   3.26 -10.03 -16.90  19.91 148.04 287.99   2.00   2.00   4.00   4.00  10.00      1      1
926  29    7   8.53  -6.20 -16.90  19.91 148.04 323.99   2.00   2.00   4.00   4.00  10.00      1      1
927  30    7   4.98   0.00 -15.01  15.81 161.66   0.00   2.00   2.00   4.00   4.00  10.00      1      1
928  30    7   0.00   4.98 -15.01  15.81 161.66  90.00   2.00   2.00   4.00   4.00  10.00      1      1
929  30    7  -4.98   0.00 -15.01  15.81 161.66 180.00   2.00   2.00   4.00   4.00  10.00      1      1
930  30    7  -0.00  -4.98 -15.01  15.81 161.66 270.00   2.00   2.00   4.00   4.00  10.00      1      1
-1
