  1  1 5   5.04   0.00  23.37  23.91  12.17   0.00   1.50  1.50  4.00  4.00   8.00 
  2  1 5   2.52   4.37  23.37  23.91  12.17  60.00   1.50  1.50  4.00  4.00   8.00 
  3  1 5  -2.52   4.37  23.37  23.91  12.17 120.00   1.50  1.50  4.00  4.00   8.00 
  4  1 5  -5.04   0.00  23.37  23.91  12.17 180.00   1.50  1.50  4.00  4.00   8.00 
  5  1 5  -2.52  -4.37  23.37  23.91  12.17 240.00   1.50  1.50  4.00  4.00   8.00 
  6  1 5   2.52  -4.37  23.37  23.91  12.17 299.99   1.50  1.50  4.00  4.00   8.00 
  7  2 5   7.41   0.00  23.51  24.66  17.50   0.00   1.50  1.50  4.00  4.00   8.00 
  8  2 5   5.68   4.76  23.51  24.66  17.50  40.00   1.50  1.50  4.00  4.00   8.00 
  9  2 5   1.29   7.30  23.51  24.66  17.50  80.00   1.50  1.50  4.00  4.00   8.00 
 10  2 5  -3.71   6.42  23.51  24.66  17.50 120.00   1.50  1.50  4.00  4.00   8.00 
 11  2 5  -6.97   2.54  23.51  24.66  17.50 159.99   1.50  1.50  4.00  4.00   8.00 
 12  2 5  -6.97  -2.53  23.51  24.66  17.50 199.99   1.50  1.50  4.00  4.00   8.00 
 13  2 5  -3.71  -6.42  23.51  24.66  17.50 239.99   1.50  1.50  4.00  4.00   8.00 
 14  2 5   1.29  -7.30  23.51  24.66  17.50 279.99   1.50  1.50  4.00  4.00   8.00 
 15  2 5   5.68  -4.77  23.51  24.66  17.50 319.99   1.50  1.50  4.00  4.00   8.00 
 16  3 5  10.32   0.00  25.33  27.35  22.16   0.00   1.50  1.50  4.00  4.00   8.00 
 17  3 5   9.14   4.79  25.33  27.35  22.16  27.69   1.50  1.50  4.00  4.00   8.00 
 18  3 5   5.86   8.49  25.33  27.35  22.16  55.38   1.50  1.50  4.00  4.00   8.00 
 19  3 5   1.25  10.24  25.33  27.35  22.16  83.07   1.50  1.50  4.00  4.00   8.00 
 20  3 5  -3.66   9.65  25.33  27.35  22.16 110.76   1.50  1.50  4.00  4.00   8.00 
 21  3 5  -7.72   6.85  25.33  27.35  22.16 138.44   1.50  1.50  4.00  4.00   8.00 
 22  3 5 -10.02   2.47  25.33  27.35  22.16 166.13   1.50  1.50  4.00  4.00   8.00 
 23  3 5 -10.02  -2.47  25.33  27.35  22.16 193.82   1.50  1.50  4.00  4.00   8.00 
 24  3 5  -7.73  -6.84  25.33  27.35  22.16 221.51   1.50  1.50  4.00  4.00   8.00 
 25  3 5  -3.66  -9.65  25.33  27.35  22.16 249.20   1.50  1.50  4.00  4.00   8.00 
 26  3 5   1.24 -10.24  25.33  27.35  22.16 276.89   1.50  1.50  4.00  4.00   8.00 
 27  3 5   5.86  -8.50  25.33  27.35  22.16 304.58   1.50  1.50  4.00  4.00   8.00 
 28  3 5   9.13  -4.80  25.33  27.35  22.16 332.27   1.50  1.50  4.00  4.00   8.00 
 29  4 5  12.50   0.00  25.34  28.26  26.25   0.00   1.50  1.50  4.00  4.00   8.00 
 30  4 5  11.55   4.78  25.34  28.26  26.25  22.50   1.50  1.50  4.00  4.00   8.00 
 31  4 5   8.84   8.84  25.34  28.26  26.25  45.00   1.50  1.50  4.00  4.00   8.00 
 32  4 5   4.78  11.55  25.34  28.26  26.25  67.50   1.50  1.50  4.00  4.00   8.00 
 33  4 5   0.00  12.50  25.34  28.26  26.25  89.99   1.50  1.50  4.00  4.00   8.00 
 34  4 5  -4.78  11.55  25.34  28.26  26.25 112.49   1.50  1.50  4.00  4.00   8.00 
 35  4 5  -8.84   8.84  25.34  28.26  26.25 134.99   1.50  1.50  4.00  4.00   8.00 
 36  4 5 -11.54   4.78  25.34  28.26  26.25 157.49   1.50  1.50  4.00  4.00   8.00 
 37  4 5 -12.50   0.00  25.34  28.26  26.25 179.99   1.50  1.50  4.00  4.00   8.00 
 38  4 5 -11.55  -4.78  25.34  28.26  26.25 202.49   1.50  1.50  4.00  4.00   8.00 
 39  4 5  -8.84  -8.83  25.34  28.26  26.25 224.99   1.50  1.50  4.00  4.00   8.00 
 40  4 5  -4.79 -11.54  25.34  28.26  26.25 247.49   1.50  1.50  4.00  4.00   8.00 
 41  4 5  -0.00 -12.50  25.34  28.26  26.25 269.98   1.50  1.50  4.00  4.00   8.00 
 42  4 5   4.78 -11.55  25.34  28.26  26.25 292.48   1.50  1.50  4.00  4.00   8.00 
 43  4 5   8.83  -8.84  25.34  28.26  26.25 314.98   1.50  1.50  4.00  4.00   8.00 
 44  4 5  11.54  -4.79  25.34  28.26  26.25 337.48   1.50  1.50  4.00  4.00   8.00 
 45  5 5  15.28   0.00  26.46  30.55  30.00   0.00   1.50  1.50  4.00  4.00   8.00 
 46  5 5  14.53   4.72  26.46  30.55  30.00  18.00   1.50  1.50  4.00  4.00   8.00 
 47  5 5  12.36   8.98  26.46  30.55  30.00  36.00   1.50  1.50  4.00  4.00   8.00 
 48  5 5   8.98  12.36  26.46  30.55  30.00  54.00   1.50  1.50  4.00  4.00   8.00 
 49  5 5   4.72  14.53  26.46  30.55  30.00  72.00   1.50  1.50  4.00  4.00   8.00 
 50  5 5   0.00  15.28  26.46  30.55  30.00  89.99   1.50  1.50  4.00  4.00   8.00 
 51  5 5  -4.72  14.53  26.46  30.55  30.00 107.99   1.50  1.50  4.00  4.00   8.00 
 52  5 5  -8.98  12.36  26.46  30.55  30.00 125.99   1.50  1.50  4.00  4.00   8.00 
 53  5 5 -12.36   8.98  26.46  30.55  30.00 143.99   1.50  1.50  4.00  4.00   8.00 
 54  5 5 -14.53   4.72  26.46  30.55  30.00 161.99   1.50  1.50  4.00  4.00   8.00 
 55  5 5 -15.28   0.00  26.46  30.55  30.00 179.99   1.50  1.50  4.00  4.00   8.00 
 56  5 5 -14.53  -4.72  26.46  30.55  30.00 197.99   1.50  1.50  4.00  4.00   8.00 
 57  5 5 -12.36  -8.98  26.46  30.55  30.00 215.99   1.50  1.50  4.00  4.00   8.00 
 58  5 5  -8.98 -12.36  26.46  30.55  30.00 233.99   1.50  1.50  4.00  4.00   8.00 
 59  5 5  -4.72 -14.53  26.46  30.55  30.00 251.99   1.50  1.50  4.00  4.00   8.00 
 60  5 5  -0.00 -15.28  26.46  30.55  30.00 269.98   1.50  1.50  4.00  4.00   8.00 
 61  5 5   4.72 -14.53  26.46  30.55  30.00 287.98   1.50  1.50  4.00  4.00   8.00 
 62  5 5   8.98 -12.36  26.46  30.55  30.00 305.98   1.50  1.50  4.00  4.00   8.00 
 63  5 5  12.36  -8.98  26.46  30.55  30.00 323.98   1.50  1.50  4.00  4.00   8.00 
 64  5 5  14.53  -4.73  26.46  30.55  30.00 341.98   1.50  1.50  4.00  4.00   8.00 
 65  6 5  17.38   0.00  26.31  31.53  33.45   0.00   1.50  1.50  4.00  4.00   8.00 
 66  6 5  16.74   4.69  26.31  31.53  33.45  15.65   1.50  1.50  4.00  4.00   8.00 
 67  6 5  14.85   9.03  26.31  31.53  33.45  31.30   1.50  1.50  4.00  4.00   8.00 
 68  6 5  11.86  12.70  26.31  31.53  33.45  46.96   1.50  1.50  4.00  4.00   8.00 
 69  6 5   8.00  15.43  26.31  31.53  33.45  62.61   1.50  1.50  4.00  4.00   8.00 
 70  6 5   3.54  17.02  26.31  31.53  33.45  78.26   1.50  1.50  4.00  4.00   8.00 
 71  6 5  -1.19  17.34  26.31  31.53  33.45  93.91   1.50  1.50  4.00  4.00   8.00 
 72  6 5  -5.82  16.38  26.31  31.53  33.45 109.57   1.50  1.50  4.00  4.00   8.00 
 73  6 5 -10.02  14.20  26.31  31.53  33.45 125.22   1.50  1.50  4.00  4.00   8.00 
 74  6 5 -13.48  10.97  26.31  31.53  33.45 140.87   1.50  1.50  4.00  4.00   8.00 
 75  6 5 -15.94   6.92  26.31  31.53  33.45 156.52   1.50  1.50  4.00  4.00   8.00 
 76  6 5 -17.22   2.37  26.31  31.53  33.45 172.17   1.50  1.50  4.00  4.00   8.00 
 77  6 5 -17.22  -2.37  26.31  31.53  33.45 187.83   1.50  1.50  4.00  4.00   8.00 
 78  6 5 -15.94  -6.92  26.31  31.53  33.45 203.48   1.50  1.50  4.00  4.00   8.00 
 79  6 5 -13.48 -10.97  26.31  31.53  33.45 219.13   1.50  1.50  4.00  4.00   8.00 
 80  6 5 -10.02 -14.20  26.31  31.53  33.45 234.78   1.50  1.50  4.00  4.00   8.00 
 81  6 5  -5.82 -16.38  26.31  31.53  33.45 250.43   1.50  1.50  4.00  4.00   8.00 
 82  6 5  -1.19 -17.34  26.31  31.53  33.45 266.09   1.50  1.50  4.00  4.00   8.00 
 83  6 5   3.54 -17.02  26.31  31.53  33.45 281.74   1.50  1.50  4.00  4.00   8.00 
 84  6 5   8.00 -15.43  26.31  31.53  33.45 297.39   1.50  1.50  4.00  4.00   8.00 
 85  6 5  11.86 -12.70  26.31  31.53  33.45 313.04   1.50  1.50  4.00  4.00   8.00 
 86  6 5  14.85  -9.03  26.31  31.53  33.45 328.70   1.50  1.50  4.00  4.00   8.00 
 87  6 5  16.74  -4.69  26.31  31.53  33.45 344.35   1.50  1.50  4.00  4.00   8.00 
 88  7 5  19.47   0.00  26.08  32.55  36.74   0.00   1.50  1.50  4.00  4.00   8.00 
 89  7 5  18.90   4.66  26.08  32.55  36.74  13.84   1.50  1.50  4.00  4.00   8.00 
 90  7 5  17.24   9.05  26.08  32.55  36.74  27.69   1.50  1.50  4.00  4.00   8.00 
 91  7 5  14.57  12.91  26.08  32.55  36.74  41.53   1.50  1.50  4.00  4.00   8.00 
 92  7 5  11.06  16.02  26.08  32.55  36.74  55.38   1.50  1.50  4.00  4.00   8.00 
 93  7 5   6.91  18.20  26.08  32.55  36.74  69.22   1.50  1.50  4.00  4.00   8.00 
 94  7 5   2.35  19.33  26.08  32.55  36.74  83.06   1.50  1.50  4.00  4.00   8.00 
 95  7 5  -2.34  19.33  26.08  32.55  36.74  96.91   1.50  1.50  4.00  4.00   8.00 
 96  7 5  -6.90  18.20  26.08  32.55  36.74 110.75   1.50  1.50  4.00  4.00   8.00 
 97  7 5 -11.05  16.03  26.08  32.55  36.74 124.60   1.50  1.50  4.00  4.00   8.00 
 98  7 5 -14.57  12.92  26.08  32.55  36.74 138.44   1.50  1.50  4.00  4.00   8.00 
 99  7 5 -17.23   9.05  26.08  32.55  36.74 152.28   1.50  1.50  4.00  4.00   8.00 
100  7 5 -18.90   4.67  26.08  32.55  36.74 166.13   1.50  1.50  4.00  4.00   8.00 
101  7 5 -19.47   0.01  26.08  32.55  36.74 179.97   1.50  1.50  4.00  4.00   8.00 
102  7 5 -18.90  -4.65  26.08  32.55  36.74 193.81   1.50  1.50  4.00  4.00   8.00 
103  7 5 -17.24  -9.04  26.08  32.55  36.74 207.66   1.50  1.50  4.00  4.00   8.00 
104  7 5 -14.58 -12.90  26.08  32.55  36.74 221.50   1.50  1.50  4.00  4.00   8.00 
105  7 5 -11.07 -16.01  26.08  32.55  36.74 235.35   1.50  1.50  4.00  4.00   8.00 
106  7 5  -6.92 -18.20  26.08  32.55  36.74 249.19   1.50  1.50  4.00  4.00   8.00 
107  7 5  -2.36 -19.32  26.08  32.55  36.74 263.03   1.50  1.50  4.00  4.00   8.00 
108  7 5   2.33 -19.33  26.08  32.55  36.74 276.88   1.50  1.50  4.00  4.00   8.00 
109  7 5   6.89 -18.21  26.08  32.55  36.74 290.72   1.50  1.50  4.00  4.00   8.00 
110  7 5  11.05 -16.03  26.08  32.55  36.74 304.57   1.50  1.50  4.00  4.00   8.00 
111  7 5  14.56 -12.92  26.08  32.55  36.74 318.41   1.50  1.50  4.00  4.00   8.00 
112  7 5  17.23  -9.06  26.08  32.55  36.74 332.25   1.50  1.50  4.00  4.00   8.00 
113  7 5  18.90  -4.68  26.08  32.55  36.74 346.10   1.50  1.50  4.00  4.00   8.00 
114  8 5  20.89   0.00  24.96  32.55  39.93   0.00   1.50  1.50  4.00  4.00   8.00 
115  8 5  20.37   4.65  24.96  32.55  39.93  12.86   1.50  1.50  4.00  4.00   8.00 
116  8 5  18.82   9.07  24.96  32.55  39.93  25.71   1.50  1.50  4.00  4.00   8.00 
117  8 5  16.34  13.03  24.96  32.55  39.93  38.57   1.50  1.50  4.00  4.00   8.00 
118  8 5  13.03  16.34  24.96  32.55  39.93  51.43   1.50  1.50  4.00  4.00   8.00 
119  8 5   9.07  18.82  24.96  32.55  39.93  64.28   1.50  1.50  4.00  4.00   8.00 
120  8 5   4.65  20.37  24.96  32.55  39.93  77.14   1.50  1.50  4.00  4.00   8.00 
121  8 5   0.00  20.89  24.96  32.55  39.93  90.00   1.50  1.50  4.00  4.00   8.00 
122  8 5  -4.65  20.37  24.96  32.55  39.93 102.85   1.50  1.50  4.00  4.00   8.00 
123  8 5  -9.06  18.82  24.96  32.55  39.93 115.71   1.50  1.50  4.00  4.00   8.00 
124  8 5 -13.03  16.34  24.96  32.55  39.93 128.57   1.50  1.50  4.00  4.00   8.00 
125  8 5 -16.33  13.03  24.96  32.55  39.93 141.43   1.50  1.50  4.00  4.00   8.00 
126  8 5 -18.82   9.07  24.96  32.55  39.93 154.28   1.50  1.50  4.00  4.00   8.00 
127  8 5 -20.37   4.65  24.96  32.55  39.93 167.14   1.50  1.50  4.00  4.00   8.00 
128  8 5 -20.89   0.00  24.96  32.55  39.93 180.00   1.50  1.50  4.00  4.00   8.00 
129  8 5 -20.37  -4.65  24.96  32.55  39.93 192.85   1.50  1.50  4.00  4.00   8.00 
130  8 5 -18.83  -9.06  24.96  32.55  39.93 205.71   1.50  1.50  4.00  4.00   8.00 
131  8 5 -16.34 -13.03  24.96  32.55  39.93 218.57   1.50  1.50  4.00  4.00   8.00 
132  8 5 -13.03 -16.33  24.96  32.55  39.93 231.42   1.50  1.50  4.00  4.00   8.00 
133  8 5  -9.07 -18.82  24.96  32.55  39.93 244.28   1.50  1.50  4.00  4.00   8.00 
134  8 5  -4.65 -20.37  24.96  32.55  39.93 257.14   1.50  1.50  4.00  4.00   8.00 
135  8 5  -0.00 -20.89  24.96  32.55  39.93 269.99   1.50  1.50  4.00  4.00   8.00 
136  8 5   4.65 -20.37  24.96  32.55  39.93 282.85   1.50  1.50  4.00  4.00   8.00 
137  8 5   9.06 -18.83  24.96  32.55  39.93 295.71   1.50  1.50  4.00  4.00   8.00 
138  8 5  13.03 -16.34  24.96  32.55  39.93 308.56   1.50  1.50  4.00  4.00   8.00 
139  8 5  16.33 -13.03  24.96  32.55  39.93 321.42   1.50  1.50  4.00  4.00   8.00 
140  8 5  18.82  -9.07  24.96  32.55  39.93 334.28   1.50  1.50  4.00  4.00   8.00 
141  8 5  20.37  -4.65  24.96  32.55  39.93 347.14   1.50  1.50  4.00  4.00   8.00 
142  9 5  22.31   0.00  23.84  32.65  43.11   0.00   1.50  1.50  4.00  4.00   8.00 
143  9 5  21.82   4.64  23.84  32.65  43.11  12.00   1.50  1.50  4.00  4.00   8.00 
144  9 5  20.38   9.07  23.84  32.65  43.11  24.00   1.50  1.50  4.00  4.00   8.00 
145  9 5  18.05  13.11  23.84  32.65  43.11  36.00   1.50  1.50  4.00  4.00   8.00 
146  9 5  14.93  16.58  23.84  32.65  43.11  47.99   1.50  1.50  4.00  4.00   8.00 
147  9 5  11.16  19.32  23.84  32.65  43.11  59.99   1.50  1.50  4.00  4.00   8.00 
148  9 5   6.90  21.22  23.84  32.65  43.11  71.99   1.50  1.50  4.00  4.00   8.00 
149  9 5   2.34  22.19  23.84  32.65  43.11  83.99   1.50  1.50  4.00  4.00   8.00 
150  9 5  -2.33  22.19  23.84  32.65  43.11  95.99   1.50  1.50  4.00  4.00   8.00 
151  9 5  -6.89  21.22  23.84  32.65  43.11 107.99   1.50  1.50  4.00  4.00   8.00 
152  9 5 -11.15  19.32  23.84  32.65  43.11 119.99   1.50  1.50  4.00  4.00   8.00 
153  9 5 -14.93  16.58  23.84  32.65  43.11 131.99   1.50  1.50  4.00  4.00   8.00 
154  9 5 -18.05  13.12  23.84  32.65  43.11 143.98   1.50  1.50  4.00  4.00   8.00 
155  9 5 -20.38   9.08  23.84  32.65  43.11 155.98   1.50  1.50  4.00  4.00   8.00 
156  9 5 -21.82   4.65  23.84  32.65  43.11 167.98   1.50  1.50  4.00  4.00   8.00 
157  9 5 -22.31   0.01  23.84  32.65  43.11 179.98   1.50  1.50  4.00  4.00   8.00 
158  9 5 -21.83  -4.63  23.84  32.65  43.11 191.98   1.50  1.50  4.00  4.00   8.00 
159  9 5 -20.39  -9.07  23.84  32.65  43.11 203.98   1.50  1.50  4.00  4.00   8.00 
160  9 5 -18.06 -13.11  23.84  32.65  43.11 215.98   1.50  1.50  4.00  4.00   8.00 
161  9 5 -14.94 -16.57  23.84  32.65  43.11 227.98   1.50  1.50  4.00  4.00   8.00 
162  9 5 -11.16 -19.32  23.84  32.65  43.11 239.97   1.50  1.50  4.00  4.00   8.00 
163  9 5  -6.90 -21.22  23.84  32.65  43.11 251.97   1.50  1.50  4.00  4.00   8.00 
164  9 5  -2.34 -22.19  23.84  32.65  43.11 263.97   1.50  1.50  4.00  4.00   8.00 
165  9 5   2.32 -22.19  23.84  32.65  43.11 275.97   1.50  1.50  4.00  4.00   8.00 
166  9 5   6.88 -21.22  23.84  32.65  43.11 287.97   1.50  1.50  4.00  4.00   8.00 
167  9 5  11.15 -19.33  23.84  32.65  43.11 299.97   1.50  1.50  4.00  4.00   8.00 
168  9 5  14.92 -16.59  23.84  32.65  43.11 311.97   1.50  1.50  4.00  4.00   8.00 
169  9 5  18.04 -13.13  23.84  32.65  43.11 323.97   1.50  1.50  4.00  4.00   8.00 
170  9 5  20.38  -9.09  23.84  32.65  43.11 335.96   1.50  1.50  4.00  4.00   8.00 
171  9 5  21.82  -4.65  23.84  32.65  43.11 347.96   1.50  1.50  4.00  4.00   8.00 
172 10 5  24.35   0.00  23.36  33.74  46.19   0.00   1.50  1.50  4.00  4.00   8.00 
173 10 5  23.91   4.61  23.36  33.74  46.19  10.91   1.50  1.50  4.00  4.00   8.00 
174 10 5  22.61   9.05  23.36  33.74  46.19  21.82   1.50  1.50  4.00  4.00   8.00 
175 10 5  20.49  13.17  23.36  33.74  46.19  32.72   1.50  1.50  4.00  4.00   8.00 
176 10 5  17.63  16.80  23.36  33.74  46.19  43.63   1.50  1.50  4.00  4.00   8.00 
177 10 5  14.13  19.84  23.36  33.74  46.19  54.54   1.50  1.50  4.00  4.00   8.00 
178 10 5  10.12  22.15  23.36  33.74  46.19  65.45   1.50  1.50  4.00  4.00   8.00 
179 10 5   5.74  23.67  23.36  33.74  46.19  76.36   1.50  1.50  4.00  4.00   8.00 
180 10 5   1.16  24.32  23.36  33.74  46.19  87.27   1.50  1.50  4.00  4.00   8.00 
181 10 5  -3.46  24.10  23.36  33.74  46.19  98.17   1.50  1.50  4.00  4.00   8.00 
182 10 5  -7.96  23.01  23.36  33.74  46.19 109.08   1.50  1.50  4.00  4.00   8.00 
183 10 5 -12.17  21.09  23.36  33.74  46.19 119.99   1.50  1.50  4.00  4.00   8.00 
184 10 5 -15.94  18.41  23.36  33.74  46.19 130.90   1.50  1.50  4.00  4.00   8.00 
185 10 5 -19.14  15.06  23.36  33.74  46.19 141.81   1.50  1.50  4.00  4.00   8.00 
186 10 5 -21.64  11.16  23.36  33.74  46.19 152.72   1.50  1.50  4.00  4.00   8.00 
187 10 5 -23.36   6.87  23.36  33.74  46.19 163.62   1.50  1.50  4.00  4.00   8.00 
188 10 5 -24.24   2.32  23.36  33.74  46.19 174.53   1.50  1.50  4.00  4.00   8.00 
189 10 5 -24.24  -2.31  23.36  33.74  46.19 185.44   1.50  1.50  4.00  4.00   8.00 
190 10 5 -23.37  -6.86  23.36  33.74  46.19 196.35   1.50  1.50  4.00  4.00   8.00 
191 10 5 -21.65 -11.15  23.36  33.74  46.19 207.26   1.50  1.50  4.00  4.00   8.00 
192 10 5 -19.15 -15.05  23.36  33.74  46.19 218.17   1.50  1.50  4.00  4.00   8.00 
193 10 5 -15.95 -18.40  23.36  33.74  46.19 229.07   1.50  1.50  4.00  4.00   8.00 
194 10 5 -12.18 -21.09  23.36  33.74  46.19 239.98   1.50  1.50  4.00  4.00   8.00 
195 10 5  -7.97 -23.01  23.36  33.74  46.19 250.89   1.50  1.50  4.00  4.00   8.00 
196 10 5  -3.47 -24.10  23.36  33.74  46.19 261.80   1.50  1.50  4.00  4.00   8.00 
197 10 5   1.15 -24.33  23.36  33.74  46.19 272.71   1.50  1.50  4.00  4.00   8.00 
198 10 5   5.73 -23.67  23.36  33.74  46.19 283.62   1.50  1.50  4.00  4.00   8.00 
199 10 5  10.11 -22.16  23.36  33.74  46.19 294.52   1.50  1.50  4.00  4.00   8.00 
200 10 5  14.12 -19.84  23.36  33.74  46.19 305.43   1.50  1.50  4.00  4.00   8.00 
201 10 5  17.62 -16.81  23.36  33.74  46.19 316.34   1.50  1.50  4.00  4.00   8.00 
202 10 5  20.48 -13.17  23.36  33.74  46.19 327.25   1.50  1.50  4.00  4.00   8.00 
203 10 5  22.60  -9.06  23.36  33.74  46.19 338.16   1.50  1.50  4.00  4.00   8.00 
204 10 5  23.91  -4.62  23.36  33.74  46.19 349.07   1.50  1.50  4.00  4.00   8.00 
205 11 5  25.10   0.00  21.64  33.15  49.23   0.00   1.50  1.50  4.00  4.00   8.00 
206 11 5  24.68   4.61  21.64  33.15  49.23  10.59   1.50  1.50  4.00  4.00   8.00 
207 11 5  23.41   9.07  21.64  33.15  49.23  21.18   1.50  1.50  4.00  4.00   8.00 
208 11 5  21.34  13.21  21.64  33.15  49.23  31.76   1.50  1.50  4.00  4.00   8.00 
209 11 5  18.55  16.91  21.64  33.15  49.23  42.35   1.50  1.50  4.00  4.00   8.00 
210 11 5  15.13  20.03  21.64  33.15  49.23  52.94   1.50  1.50  4.00  4.00   8.00 
211 11 5  11.19  22.47  21.64  33.15  49.23  63.53   1.50  1.50  4.00  4.00   8.00 
212 11 5   6.87  24.14  21.64  33.15  49.23  74.11   1.50  1.50  4.00  4.00   8.00 
213 11 5   2.32  25.00  21.64  33.15  49.23  84.70   1.50  1.50  4.00  4.00   8.00 
214 11 5  -2.31  25.00  21.64  33.15  49.23  95.29   1.50  1.50  4.00  4.00   8.00 
215 11 5  -6.87  24.15  21.64  33.15  49.23 105.88   1.50  1.50  4.00  4.00   8.00 
216 11 5 -11.19  22.47  21.64  33.15  49.23 116.47   1.50  1.50  4.00  4.00   8.00 
217 11 5 -15.13  20.03  21.64  33.15  49.23 127.05   1.50  1.50  4.00  4.00   8.00 
218 11 5 -18.55  16.91  21.64  33.15  49.23 137.64   1.50  1.50  4.00  4.00   8.00 
219 11 5 -21.34  13.22  21.64  33.15  49.23 148.23   1.50  1.50  4.00  4.00   8.00 
220 11 5 -23.41   9.07  21.64  33.15  49.23 158.82   1.50  1.50  4.00  4.00   8.00 
221 11 5 -24.68   4.62  21.64  33.15  49.23 169.40   1.50  1.50  4.00  4.00   8.00 
222 11 5 -25.10   0.00  21.64  33.15  49.23 179.99   1.50  1.50  4.00  4.00   8.00 
223 11 5 -24.68  -4.61  21.64  33.15  49.23 190.58   1.50  1.50  4.00  4.00   8.00 
224 11 5 -23.41  -9.07  21.64  33.15  49.23 201.17   1.50  1.50  4.00  4.00   8.00 
225 11 5 -21.35 -13.21  21.64  33.15  49.23 211.76   1.50  1.50  4.00  4.00   8.00 
226 11 5 -18.55 -16.91  21.64  33.15  49.23 222.34   1.50  1.50  4.00  4.00   8.00 
227 11 5 -15.13 -20.03  21.64  33.15  49.23 232.93   1.50  1.50  4.00  4.00   8.00 
228 11 5 -11.19 -22.47  21.64  33.15  49.23 243.52   1.50  1.50  4.00  4.00   8.00 
229 11 5  -6.87 -24.14  21.64  33.15  49.23 254.11   1.50  1.50  4.00  4.00   8.00 
230 11 5  -2.32 -25.00  21.64  33.15  49.23 264.70   1.50  1.50  4.00  4.00   8.00 
231 11 5   2.31 -25.00  21.64  33.15  49.23 275.28   1.50  1.50  4.00  4.00   8.00 
232 11 5   6.87 -24.15  21.64  33.15  49.23 285.87   1.50  1.50  4.00  4.00   8.00 
233 11 5  11.18 -22.47  21.64  33.15  49.23 296.46   1.50  1.50  4.00  4.00   8.00 
234 11 5  15.12 -20.04  21.64  33.15  49.23 307.05   1.50  1.50  4.00  4.00   8.00 
235 11 5  18.55 -16.92  21.64  33.15  49.23 317.63   1.50  1.50  4.00  4.00   8.00 
236 11 5  21.34 -13.22  21.64  33.15  49.23 328.22   1.50  1.50  4.00  4.00   8.00 
237 11 5  23.41  -9.07  21.64  33.15  49.23 338.81   1.50  1.50  4.00  4.00   8.00 
238 11 5  24.67  -4.62  21.64  33.15  49.23 349.40   1.50  1.50  4.00  4.00   8.00 
239 12 5  26.49   0.00  20.49  33.48  52.28   0.00   1.50  1.50  4.00  4.00   8.00 
240 12 5  26.08   4.60  20.49  33.48  52.28  10.00   1.50  1.50  4.00  4.00   8.00 
241 12 5  24.89   9.06  20.49  33.48  52.28  20.00   1.50  1.50  4.00  4.00   8.00 
242 12 5  22.94  13.24  20.49  33.48  52.28  29.99   1.50  1.50  4.00  4.00   8.00 
243 12 5  20.29  17.02  20.49  33.48  52.28  39.99   1.50  1.50  4.00  4.00   8.00 
244 12 5  17.03  20.29  20.49  33.48  52.28  49.99   1.50  1.50  4.00  4.00   8.00 
245 12 5  13.25  22.94  20.49  33.48  52.28  59.99   1.50  1.50  4.00  4.00   8.00 
246 12 5   9.06  24.89  20.49  33.48  52.28  69.99   1.50  1.50  4.00  4.00   8.00 
247 12 5   4.61  26.08  20.49  33.48  52.28  79.99   1.50  1.50  4.00  4.00   8.00 
248 12 5   0.01  26.49  20.49  33.48  52.28  89.98   1.50  1.50  4.00  4.00   8.00 
249 12 5  -4.59  26.09  20.49  33.48  52.28  99.98   1.50  1.50  4.00  4.00   8.00 
250 12 5  -9.05  24.89  20.49  33.48  52.28 109.98   1.50  1.50  4.00  4.00   8.00 
251 12 5 -13.24  22.94  20.49  33.48  52.28 119.98   1.50  1.50  4.00  4.00   8.00 
252 12 5 -17.02  20.30  20.49  33.48  52.28 129.98   1.50  1.50  4.00  4.00   8.00 
253 12 5 -20.28  17.03  20.49  33.48  52.28 139.98   1.50  1.50  4.00  4.00   8.00 
254 12 5 -22.93  13.25  20.49  33.48  52.28 149.97   1.50  1.50  4.00  4.00   8.00 
255 12 5 -24.89   9.07  20.49  33.48  52.28 159.97   1.50  1.50  4.00  4.00   8.00 
256 12 5 -26.08   4.61  20.49  33.48  52.28 169.97   1.50  1.50  4.00  4.00   8.00 
257 12 5 -26.49   0.01  20.49  33.48  52.28 179.97   1.50  1.50  4.00  4.00   8.00 
258 12 5 -26.09  -4.58  20.49  33.48  52.28 189.97   1.50  1.50  4.00  4.00   8.00 
259 12 5 -24.89  -9.04  20.49  33.48  52.28 199.97   1.50  1.50  4.00  4.00   8.00 
260 12 5 -22.95 -13.23  20.49  33.48  52.28 209.96   1.50  1.50  4.00  4.00   8.00 
261 12 5 -20.30 -17.01  20.49  33.48  52.28 219.96   1.50  1.50  4.00  4.00   8.00 
262 12 5 -17.04 -20.28  20.49  33.48  52.28 229.96   1.50  1.50  4.00  4.00   8.00 
263 12 5 -13.26 -22.93  20.49  33.48  52.28 239.96   1.50  1.50  4.00  4.00   8.00 
264 12 5  -9.08 -24.88  20.49  33.48  52.28 249.96   1.50  1.50  4.00  4.00   8.00 
265 12 5  -4.62 -26.08  20.49  33.48  52.28 259.96   1.50  1.50  4.00  4.00   8.00 
266 12 5  -0.02 -26.49  20.49  33.48  52.28 269.95   1.50  1.50  4.00  4.00   8.00 
267 12 5   4.58 -26.09  20.49  33.48  52.28 279.95   1.50  1.50  4.00  4.00   8.00 
268 12 5   9.04 -24.90  20.49  33.48  52.28 289.95   1.50  1.50  4.00  4.00   8.00 
269 12 5  13.22 -22.95  20.49  33.48  52.28 299.95   1.50  1.50  4.00  4.00   8.00 
270 12 5  17.01 -20.31  20.49  33.48  52.28 309.95   1.50  1.50  4.00  4.00   8.00 
271 12 5  20.27 -17.04  20.49  33.48  52.28 319.95   1.50  1.50  4.00  4.00   8.00 
272 12 5  22.93 -13.27  20.49  33.48  52.28 329.94   1.50  1.50  4.00  4.00   8.00 
273 12 5  24.88  -9.08  20.49  33.48  52.28 339.94   1.50  1.50  4.00  4.00   8.00 
274 12 5  26.08  -4.63  20.49  33.48  52.28 349.94   1.50  1.50  4.00  4.00   8.00 
275 13 5  27.21   0.00  18.83  33.09  55.32   0.00   1.50  1.50  4.00  4.00   8.00 
276 13 5  26.82   4.60  18.83  33.09  55.32   9.73   1.50  1.50  4.00  4.00   8.00 
277 13 5  25.66   9.07  18.83  33.09  55.32  19.46   1.50  1.50  4.00  4.00   8.00 
278 13 5  23.76  13.27  18.83  33.09  55.32  29.19   1.50  1.50  4.00  4.00   8.00 
279 13 5  21.17  17.10  18.83  33.09  55.32  38.92   1.50  1.50  4.00  4.00   8.00 
280 13 5  17.98  20.43  18.83  33.09  55.32  48.65   1.50  1.50  4.00  4.00   8.00 
281 13 5  14.27  23.17  18.83  33.09  55.32  58.38   1.50  1.50  4.00  4.00   8.00 
282 13 5  10.15  25.25  18.83  33.09  55.32  68.11   1.50  1.50  4.00  4.00   8.00 
283 13 5   5.73  26.60  18.83  33.09  55.32  77.84   1.50  1.50  4.00  4.00   8.00 
284 13 5   1.16  27.19  18.83  33.09  55.32  87.57   1.50  1.50  4.00  4.00   8.00 
285 13 5  -3.46  26.99  18.83  33.09  55.32  97.30   1.50  1.50  4.00  4.00   8.00 
286 13 5  -7.97  26.02  18.83  33.09  55.32 107.03   1.50  1.50  4.00  4.00   8.00 
287 13 5 -12.25  24.30  18.83  33.09  55.32 116.76   1.50  1.50  4.00  4.00   8.00 
288 13 5 -16.18  21.88  18.83  33.09  55.32 126.49   1.50  1.50  4.00  4.00   8.00 
289 13 5 -19.65  18.83  18.83  33.09  55.32 136.22   1.50  1.50  4.00  4.00   8.00 
290 13 5 -22.55  15.24  18.83  33.09  55.32 145.95   1.50  1.50  4.00  4.00   8.00 
291 13 5 -24.80  11.21  18.83  33.09  55.32 155.68   1.50  1.50  4.00  4.00   8.00 
292 13 5 -26.34   6.86  18.83  33.09  55.32 165.41   1.50  1.50  4.00  4.00   8.00 
293 13 5 -27.12   2.31  18.83  33.09  55.32 175.14   1.50  1.50  4.00  4.00   8.00 
294 13 5 -27.12  -2.31  18.83  33.09  55.32 184.86   1.50  1.50  4.00  4.00   8.00 
295 13 5 -26.34  -6.86  18.83  33.09  55.32 194.59   1.50  1.50  4.00  4.00   8.00 
296 13 5 -24.80 -11.21  18.83  33.09  55.32 204.32   1.50  1.50  4.00  4.00   8.00 
297 13 5 -22.55 -15.24  18.83  33.09  55.32 214.05   1.50  1.50  4.00  4.00   8.00 
298 13 5 -19.65 -18.83  18.83  33.09  55.32 223.78   1.50  1.50  4.00  4.00   8.00 
299 13 5 -16.18 -21.88  18.83  33.09  55.32 233.51   1.50  1.50  4.00  4.00   8.00 
300 13 5 -12.25 -24.30  18.83  33.09  55.32 243.24   1.50  1.50  4.00  4.00   8.00 
301 13 5  -7.97 -26.02  18.83  33.09  55.32 252.97   1.50  1.50  4.00  4.00   8.00 
302 13 5  -3.46 -26.99  18.83  33.09  55.32 262.70   1.50  1.50  4.00  4.00   8.00 
303 13 5   1.15 -27.19  18.83  33.09  55.32 272.43   1.50  1.50  4.00  4.00   8.00 
304 13 5   5.73 -26.60  18.83  33.09  55.32 282.16   1.50  1.50  4.00  4.00   8.00 
305 13 5  10.15 -25.25  18.83  33.09  55.32 291.89   1.50  1.50  4.00  4.00   8.00 
306 13 5  14.27 -23.17  18.83  33.09  55.32 301.62   1.50  1.50  4.00  4.00   8.00 
307 13 5  17.98 -20.43  18.83  33.09  55.32 311.35   1.50  1.50  4.00  4.00   8.00 
308 13 5  21.17 -17.10  18.83  33.09  55.32 321.08   1.50  1.50  4.00  4.00   8.00 
309 13 5  23.76 -13.27  18.83  33.09  55.32 330.81   1.50  1.50  4.00  4.00   8.00 
310 13 5  25.66  -9.07  18.83  33.09  55.32 340.54   1.50  1.50  4.00  4.00   8.00 
311 13 5  26.82  -4.60  18.83  33.09  55.32 350.27   1.50  1.50  4.00  4.00   8.00 
312 14 5  27.94   0.00  17.20  32.81  58.38   0.00   1.50  1.50  4.00  4.00   8.00 
313 14 5  27.56   4.60  17.20  32.81  58.38   9.47   1.50  1.50  4.00  4.00   8.00 
314 14 5  26.42   9.07  17.20  32.81  58.38  18.95   1.50  1.50  4.00  4.00   8.00 
315 14 5  24.57  13.30  17.20  32.81  58.38  28.42   1.50  1.50  4.00  4.00   8.00 
316 14 5  22.05  17.16  17.20  32.81  58.38  37.89   1.50  1.50  4.00  4.00   8.00 
317 14 5  18.92  20.55  17.20  32.81  58.38  47.36   1.50  1.50  4.00  4.00   8.00 
318 14 5  15.28  23.39  17.20  32.81  58.38  56.84   1.50  1.50  4.00  4.00   8.00 
319 14 5  11.23  25.58  17.20  32.81  58.38  66.31   1.50  1.50  4.00  4.00   8.00 
320 14 5   6.86  27.08  17.20  32.81  58.38  75.78   1.50  1.50  4.00  4.00   8.00 
321 14 5   2.31  27.84  17.20  32.81  58.38  85.26   1.50  1.50  4.00  4.00   8.00 
322 14 5  -2.30  27.84  17.20  32.81  58.38  94.73   1.50  1.50  4.00  4.00   8.00 
323 14 5  -6.85  27.08  17.20  32.81  58.38 104.20   1.50  1.50  4.00  4.00   8.00 
324 14 5 -11.22  25.59  17.20  32.81  58.38 113.67   1.50  1.50  4.00  4.00   8.00 
325 14 5 -15.28  23.39  17.20  32.81  58.38 123.15   1.50  1.50  4.00  4.00   8.00 
326 14 5 -18.92  20.56  17.20  32.81  58.38 132.62   1.50  1.50  4.00  4.00   8.00 
327 14 5 -22.04  17.17  17.20  32.81  58.38 142.09   1.50  1.50  4.00  4.00   8.00 
328 14 5 -24.57  13.30  17.20  32.81  58.38 151.56   1.50  1.50  4.00  4.00   8.00 
329 14 5 -26.42   9.08  17.20  32.81  58.38 161.04   1.50  1.50  4.00  4.00   8.00 
330 14 5 -27.56   4.61  17.20  32.81  58.38 170.51   1.50  1.50  4.00  4.00   8.00 
331 14 5 -27.94   0.01  17.20  32.81  58.38 179.98   1.50  1.50  4.00  4.00   8.00 
332 14 5 -27.56  -4.59  17.20  32.81  58.38 189.46   1.50  1.50  4.00  4.00   8.00 
333 14 5 -26.43  -9.06  17.20  32.81  58.38 198.93   1.50  1.50  4.00  4.00   8.00 
334 14 5 -24.58 -13.29  17.20  32.81  58.38 208.40   1.50  1.50  4.00  4.00   8.00 
335 14 5 -22.05 -17.15  17.20  32.81  58.38 217.87   1.50  1.50  4.00  4.00   8.00 
336 14 5 -18.93 -20.55  17.20  32.81  58.38 227.35   1.50  1.50  4.00  4.00   8.00 
337 14 5 -15.29 -23.38  17.20  32.81  58.38 236.82   1.50  1.50  4.00  4.00   8.00 
338 14 5 -11.23 -25.58  17.20  32.81  58.38 246.29   1.50  1.50  4.00  4.00   8.00 
339 14 5  -6.87 -27.08  17.20  32.81  58.38 255.77   1.50  1.50  4.00  4.00   8.00 
340 14 5  -2.32 -27.84  17.20  32.81  58.38 265.24   1.50  1.50  4.00  4.00   8.00 
341 14 5   2.29 -27.84  17.20  32.81  58.38 274.71   1.50  1.50  4.00  4.00   8.00 
342 14 5   6.85 -27.09  17.20  32.81  58.38 284.18   1.50  1.50  4.00  4.00   8.00 
343 14 5  11.21 -25.59  17.20  32.81  58.38 293.66   1.50  1.50  4.00  4.00   8.00 
344 14 5  15.27 -23.40  17.20  32.81  58.38 303.13   1.50  1.50  4.00  4.00   8.00 
345 14 5  18.91 -20.56  17.20  32.81  58.38 312.60   1.50  1.50  4.00  4.00   8.00 
346 14 5  22.04 -17.17  17.20  32.81  58.38 322.08   1.50  1.50  4.00  4.00   8.00 
347 14 5  24.56 -13.31  17.20  32.81  58.38 331.55   1.50  1.50  4.00  4.00   8.00 
348 14 5  26.42  -9.09  17.20  32.81  58.38 341.02   1.50  1.50  4.00  4.00   8.00 
349 14 5  27.55  -4.61  17.20  32.81  58.38 350.49   1.50  1.50  4.00  4.00   8.00 
350 15 5  28.65   0.00  15.58  32.61  61.46   0.00   1.50  1.50  4.00  4.00   8.00 
351 15 5  28.28   4.60  15.58  32.61  61.46   9.23   1.50  1.50  4.00  4.00   8.00 
352 15 5  27.17   9.07  15.58  32.61  61.46  18.46   1.50  1.50  4.00  4.00   8.00 
353 15 5  25.37  13.31  15.58  32.61  61.46  27.69   1.50  1.50  4.00  4.00   8.00 
354 15 5  22.90  17.21  15.58  32.61  61.46  36.92   1.50  1.50  4.00  4.00   8.00 
355 15 5  19.85  20.66  15.58  32.61  61.46  46.15   1.50  1.50  4.00  4.00   8.00 
356 15 5  16.27  23.58  15.58  32.61  61.46  55.38   1.50  1.50  4.00  4.00   8.00 
357 15 5  12.28  25.88  15.58  32.61  61.46  64.61   1.50  1.50  4.00  4.00   8.00 
358 15 5   7.97  27.52  15.58  32.61  61.46  73.84   1.50  1.50  4.00  4.00   8.00 
359 15 5   3.45  28.44  15.58  32.61  61.46  83.07   1.50  1.50  4.00  4.00   8.00 
360 15 5  -1.15  28.62  15.58  32.61  61.46  92.31   1.50  1.50  4.00  4.00   8.00 
361 15 5  -5.73  28.07  15.58  32.61  61.46 101.54   1.50  1.50  4.00  4.00   8.00 
362 15 5 -10.16  26.79  15.58  32.61  61.46 110.77   1.50  1.50  4.00  4.00   8.00 
363 15 5 -14.32  24.81  15.58  32.61  61.46 120.00   1.50  1.50  4.00  4.00   8.00 
364 15 5 -18.12  22.19  15.58  32.61  61.46 129.23   1.50  1.50  4.00  4.00   8.00 
365 15 5 -21.44  19.00  15.58  32.61  61.46 138.46   1.50  1.50  4.00  4.00   8.00 
366 15 5 -24.21  15.31  15.58  32.61  61.46 147.69   1.50  1.50  4.00  4.00   8.00 
367 15 5 -26.35  11.23  15.58  32.61  61.46 156.92   1.50  1.50  4.00  4.00   8.00 
368 15 5 -27.81   6.86  15.58  32.61  61.46 166.15   1.50  1.50  4.00  4.00   8.00 
369 15 5 -28.55   2.31  15.58  32.61  61.46 175.38   1.50  1.50  4.00  4.00   8.00 
370 15 5 -28.55  -2.30  15.58  32.61  61.46 184.61   1.50  1.50  4.00  4.00   8.00 
371 15 5 -27.82  -6.85  15.58  32.61  61.46 193.84   1.50  1.50  4.00  4.00   8.00 
372 15 5 -26.36 -11.23  15.58  32.61  61.46 203.07   1.50  1.50  4.00  4.00   8.00 
373 15 5 -24.21 -15.31  15.58  32.61  61.46 212.30   1.50  1.50  4.00  4.00   8.00 
374 15 5 -21.44 -18.99  15.58  32.61  61.46 221.53   1.50  1.50  4.00  4.00   8.00 
375 15 5 -18.12 -22.19  15.58  32.61  61.46 230.76   1.50  1.50  4.00  4.00   8.00 
376 15 5 -14.33 -24.81  15.58  32.61  61.46 239.99   1.50  1.50  4.00  4.00   8.00 
377 15 5 -10.16 -26.78  15.58  32.61  61.46 249.22   1.50  1.50  4.00  4.00   8.00 
378 15 5  -5.73 -28.07  15.58  32.61  61.46 258.46   1.50  1.50  4.00  4.00   8.00 
379 15 5  -1.16 -28.62  15.58  32.61  61.46 267.69   1.50  1.50  4.00  4.00   8.00 
380 15 5   3.45 -28.44  15.58  32.61  61.46 276.92   1.50  1.50  4.00  4.00   8.00 
381 15 5   7.97 -27.52  15.58  32.61  61.46 286.15   1.50  1.50  4.00  4.00   8.00 
382 15 5  12.28 -25.88  15.58  32.61  61.46 295.38   1.50  1.50  4.00  4.00   8.00 
383 15 5  16.27 -23.58  15.58  32.61  61.46 304.61   1.50  1.50  4.00  4.00   8.00 
384 15 5  19.84 -20.66  15.58  32.61  61.46 313.84   1.50  1.50  4.00  4.00   8.00 
385 15 5  22.90 -17.21  15.58  32.61  61.46 323.07   1.50  1.50  4.00  4.00   8.00 
386 15 5  25.36 -13.32  15.58  32.61  61.46 332.30   1.50  1.50  4.00  4.00   8.00 
387 15 5  27.17  -9.08  15.58  32.61  61.46 341.53   1.50  1.50  4.00  4.00   8.00 
388 15 5  28.28  -4.60  15.58  32.61  61.46 350.76   1.50  1.50  4.00  4.00   8.00 
389 16 5  29.35   0.00  13.96  32.50  64.56   0.00   1.50  1.50  4.00  4.00   8.00 
390 16 5  28.99   4.59  13.96  32.50  64.56   9.00   1.50  1.50  4.00  4.00   8.00 
391 16 5  27.91   9.07  13.96  32.50  64.56  18.00   1.50  1.50  4.00  4.00   8.00 
392 16 5  26.15  13.32  13.96  32.50  64.56  27.00   1.50  1.50  4.00  4.00   8.00 
393 16 5  23.74  17.25  13.96  32.50  64.56  36.00   1.50  1.50  4.00  4.00   8.00 
394 16 5  20.75  20.75  13.96  32.50  64.56  45.00   1.50  1.50  4.00  4.00   8.00 
395 16 5  17.25  23.74  13.96  32.50  64.56  54.00   1.50  1.50  4.00  4.00   8.00 
396 16 5  13.33  26.15  13.96  32.50  64.56  62.99   1.50  1.50  4.00  4.00   8.00 
397 16 5   9.07  27.91  13.96  32.50  64.56  71.99   1.50  1.50  4.00  4.00   8.00 
398 16 5   4.59  28.99  13.96  32.50  64.56  80.99   1.50  1.50  4.00  4.00   8.00 
399 16 5   0.00  29.35  13.96  32.50  64.56  89.99   1.50  1.50  4.00  4.00   8.00 
400 16 5  -4.59  28.99  13.96  32.50  64.56  98.99   1.50  1.50  4.00  4.00   8.00 
401 16 5  -9.06  27.91  13.96  32.50  64.56 107.99   1.50  1.50  4.00  4.00   8.00 
402 16 5 -13.32  26.15  13.96  32.50  64.56 116.99   1.50  1.50  4.00  4.00   8.00 
403 16 5 -17.25  23.75  13.96  32.50  64.56 125.99   1.50  1.50  4.00  4.00   8.00 
404 16 5 -20.75  20.76  13.96  32.50  64.56 134.99   1.50  1.50  4.00  4.00   8.00 
405 16 5 -23.74  17.26  13.96  32.50  64.56 143.99   1.50  1.50  4.00  4.00   8.00 
406 16 5 -26.15  13.33  13.96  32.50  64.56 152.99   1.50  1.50  4.00  4.00   8.00 
407 16 5 -27.91   9.08  13.96  32.50  64.56 161.99   1.50  1.50  4.00  4.00   8.00 
408 16 5 -28.99   4.60  13.96  32.50  64.56 170.99   1.50  1.50  4.00  4.00   8.00 
409 16 5 -29.35   0.01  13.96  32.50  64.56 179.98   1.50  1.50  4.00  4.00   8.00 
410 16 5 -28.99  -4.58  13.96  32.50  64.56 188.98   1.50  1.50  4.00  4.00   8.00 
411 16 5 -27.92  -9.06  13.96  32.50  64.56 197.98   1.50  1.50  4.00  4.00   8.00 
412 16 5 -26.15 -13.32  13.96  32.50  64.56 206.98   1.50  1.50  4.00  4.00   8.00 
413 16 5 -23.75 -17.24  13.96  32.50  64.56 215.98   1.50  1.50  4.00  4.00   8.00 
414 16 5 -20.76 -20.75  13.96  32.50  64.56 224.98   1.50  1.50  4.00  4.00   8.00 
415 16 5 -17.26 -23.74  13.96  32.50  64.56 233.98   1.50  1.50  4.00  4.00   8.00 
416 16 5 -13.33 -26.15  13.96  32.50  64.56 242.98   1.50  1.50  4.00  4.00   8.00 
417 16 5  -9.08 -27.91  13.96  32.50  64.56 251.98   1.50  1.50  4.00  4.00   8.00 
418 16 5  -4.60 -28.99  13.96  32.50  64.56 260.98   1.50  1.50  4.00  4.00   8.00 
419 16 5  -0.01 -29.35  13.96  32.50  64.56 269.98   1.50  1.50  4.00  4.00   8.00 
420 16 5   4.58 -28.99  13.96  32.50  64.56 278.98   1.50  1.50  4.00  4.00   8.00 
421 16 5   9.06 -27.92  13.96  32.50  64.56 287.97   1.50  1.50  4.00  4.00   8.00 
422 16 5  13.31 -26.16  13.96  32.50  64.56 296.97   1.50  1.50  4.00  4.00   8.00 
423 16 5  17.24 -23.75  13.96  32.50  64.56 305.97   1.50  1.50  4.00  4.00   8.00 
424 16 5  20.74 -20.76  13.96  32.50  64.56 314.97   1.50  1.50  4.00  4.00   8.00 
425 16 5  23.74 -17.26  13.96  32.50  64.56 323.97   1.50  1.50  4.00  4.00   8.00 
426 16 5  26.14 -13.34  13.96  32.50  64.56 332.97   1.50  1.50  4.00  4.00   8.00 
427 16 5  27.91  -9.08  13.96  32.50  64.56 341.97   1.50  1.50  4.00  4.00   8.00 
428 16 5  28.99  -4.61  13.96  32.50  64.56 350.97   1.50  1.50  4.00  4.00   8.00 
429 17 5  29.40   0.00  12.07  31.78  67.69   0.00   1.50  1.50  4.00  4.00   8.00 
430 17 5  29.04   4.60  12.07  31.78  67.69   9.00   1.50  1.50  4.00  4.00   8.00 
431 17 5  27.96   9.08  12.07  31.78  67.69  18.00   1.50  1.50  4.00  4.00   8.00 
432 17 5  26.19  13.35  12.07  31.78  67.69  27.00   1.50  1.50  4.00  4.00   8.00 
433 17 5  23.78  17.28  12.07  31.78  67.69  36.00   1.50  1.50  4.00  4.00   8.00 
434 17 5  20.79  20.79  12.07  31.78  67.69  45.00   1.50  1.50  4.00  4.00   8.00 
435 17 5  17.28  23.78  12.07  31.78  67.69  54.00   1.50  1.50  4.00  4.00   8.00 
436 17 5  13.35  26.19  12.07  31.78  67.69  63.00   1.50  1.50  4.00  4.00   8.00 
437 17 5   9.09  27.96  12.07  31.78  67.69  72.00   1.50  1.50  4.00  4.00   8.00 
438 17 5   4.60  29.04  12.07  31.78  67.69  81.00   1.50  1.50  4.00  4.00   8.00 
439 17 5   0.00  29.40  12.07  31.78  67.69  90.00   1.50  1.50  4.00  4.00   8.00 
440 17 5  -4.60  29.04  12.07  31.78  67.69  99.00   1.50  1.50  4.00  4.00   8.00 
441 17 5  -9.08  27.96  12.07  31.78  67.69 108.00   1.50  1.50  4.00  4.00   8.00 
442 17 5 -13.35  26.19  12.07  31.78  67.69 117.00   1.50  1.50  4.00  4.00   8.00 
443 17 5 -17.28  23.78  12.07  31.78  67.69 126.00   1.50  1.50  4.00  4.00   8.00 
444 17 5 -20.79  20.79  12.07  31.78  67.69 135.00   1.50  1.50  4.00  4.00   8.00 
445 17 5 -23.78  17.28  12.07  31.78  67.69 144.00   1.50  1.50  4.00  4.00   8.00 
446 17 5 -26.19  13.35  12.07  31.78  67.69 153.00   1.50  1.50  4.00  4.00   8.00 
447 17 5 -27.96   9.09  12.07  31.78  67.69 162.00   1.50  1.50  4.00  4.00   8.00 
448 17 5 -29.04   4.60  12.07  31.78  67.69 171.00   1.50  1.50  4.00  4.00   8.00 
449 17 5 -29.40   0.00  12.07  31.78  67.69 180.00   1.50  1.50  4.00  4.00   8.00 
450 17 5 -29.04  -4.60  12.07  31.78  67.69 189.00   1.50  1.50  4.00  4.00   8.00 
451 17 5 -27.96  -9.08  12.07  31.78  67.69 198.00   1.50  1.50  4.00  4.00   8.00 
452 17 5 -26.19 -13.34  12.07  31.78  67.69 207.00   1.50  1.50  4.00  4.00   8.00 
453 17 5 -23.78 -17.28  12.07  31.78  67.69 216.00   1.50  1.50  4.00  4.00   8.00 
454 17 5 -20.79 -20.79  12.07  31.78  67.69 225.00   1.50  1.50  4.00  4.00   8.00 
455 17 5 -17.28 -23.78  12.07  31.78  67.69 234.00   1.50  1.50  4.00  4.00   8.00 
456 17 5 -13.35 -26.19  12.07  31.78  67.69 243.00   1.50  1.50  4.00  4.00   8.00 
457 17 5  -9.09 -27.96  12.07  31.78  67.69 252.00   1.50  1.50  4.00  4.00   8.00 
458 17 5  -4.60 -29.04  12.07  31.78  67.69 261.00   1.50  1.50  4.00  4.00   8.00 
459 17 5  -0.00 -29.40  12.07  31.78  67.69 269.99   1.50  1.50  4.00  4.00   8.00 
460 17 5   4.60 -29.04  12.07  31.78  67.69 278.99   1.50  1.50  4.00  4.00   8.00 
461 17 5   9.08 -27.96  12.07  31.78  67.69 287.99   1.50  1.50  4.00  4.00   8.00 
462 17 5  13.34 -26.20  12.07  31.78  67.69 296.99   1.50  1.50  4.00  4.00   8.00 
463 17 5  17.28 -23.79  12.07  31.78  67.69 305.99   1.50  1.50  4.00  4.00   8.00 
464 17 5  20.79 -20.79  12.07  31.78  67.69 314.99   1.50  1.50  4.00  4.00   8.00 
465 17 5  23.78 -17.28  12.07  31.78  67.69 323.99   1.50  1.50  4.00  4.00   8.00 
466 17 5  26.19 -13.35  12.07  31.78  67.69 332.99   1.50  1.50  4.00  4.00   8.00 
467 17 5  27.96  -9.09  12.07  31.78  67.69 341.99   1.50  1.50  4.00  4.00   8.00 
468 17 5  29.04  -4.60  12.07  31.78  67.69 350.99   1.50  1.50  4.00  4.00   8.00 
469 18 5  29.44   0.00  10.21  31.16  70.88   0.00   1.50  1.50  4.00  4.00   8.00 
470 18 5  29.08   4.60  10.21  31.16  70.88   9.00   1.50  1.50  4.00  4.00   8.00 
471 18 5  28.00   9.10  10.21  31.16  70.88  18.00   1.50  1.50  4.00  4.00   8.00 
472 18 5  26.23  13.36  10.21  31.16  70.88  27.00   1.50  1.50  4.00  4.00   8.00 
473 18 5  23.82  17.30  10.21  31.16  70.88  36.00   1.50  1.50  4.00  4.00   8.00 
474 18 5  20.82  20.82  10.21  31.16  70.88  45.00   1.50  1.50  4.00  4.00   8.00 
475 18 5  17.31  23.82  10.21  31.16  70.88  54.00   1.50  1.50  4.00  4.00   8.00 
476 18 5  13.37  26.23  10.21  31.16  70.88  63.00   1.50  1.50  4.00  4.00   8.00 
477 18 5   9.10  28.00  10.21  31.16  70.88  71.99   1.50  1.50  4.00  4.00   8.00 
478 18 5   4.61  29.08  10.21  31.16  70.88  80.99   1.50  1.50  4.00  4.00   8.00 
479 18 5   0.00  29.44  10.21  31.16  70.88  89.99   1.50  1.50  4.00  4.00   8.00 
480 18 5  -4.60  29.08  10.21  31.16  70.88  98.99   1.50  1.50  4.00  4.00   8.00 
481 18 5  -9.09  28.00  10.21  31.16  70.88 107.99   1.50  1.50  4.00  4.00   8.00 
482 18 5 -13.36  26.23  10.21  31.16  70.88 116.99   1.50  1.50  4.00  4.00   8.00 
483 18 5 -17.30  23.82  10.21  31.16  70.88 125.99   1.50  1.50  4.00  4.00   8.00 
484 18 5 -20.81  20.82  10.21  31.16  70.88 134.99   1.50  1.50  4.00  4.00   8.00 
485 18 5 -23.81  17.31  10.21  31.16  70.88 143.99   1.50  1.50  4.00  4.00   8.00 
486 18 5 -26.23  13.37  10.21  31.16  70.88 152.99   1.50  1.50  4.00  4.00   8.00 
487 18 5 -28.00   9.10  10.21  31.16  70.88 161.99   1.50  1.50  4.00  4.00   8.00 
488 18 5 -29.08   4.61  10.21  31.16  70.88 170.99   1.50  1.50  4.00  4.00   8.00 
489 18 5 -29.44   0.01  10.21  31.16  70.88 179.99   1.50  1.50  4.00  4.00   8.00 
490 18 5 -29.08  -4.60  10.21  31.16  70.88 188.99   1.50  1.50  4.00  4.00   8.00 
491 18 5 -28.00  -9.09  10.21  31.16  70.88 197.98   1.50  1.50  4.00  4.00   8.00 
492 18 5 -26.23 -13.36  10.21  31.16  70.88 206.98   1.50  1.50  4.00  4.00   8.00 
493 18 5 -23.82 -17.30  10.21  31.16  70.88 215.98   1.50  1.50  4.00  4.00   8.00 
494 18 5 -20.82 -20.81  10.21  31.16  70.88 224.98   1.50  1.50  4.00  4.00   8.00 
495 18 5 -17.31 -23.81  10.21  31.16  70.88 233.98   1.50  1.50  4.00  4.00   8.00 
496 18 5 -13.37 -26.23  10.21  31.16  70.88 242.98   1.50  1.50  4.00  4.00   8.00 
497 18 5  -9.11 -28.00  10.21  31.16  70.88 251.98   1.50  1.50  4.00  4.00   8.00 
498 18 5  -4.62 -29.08  10.21  31.16  70.88 260.98   1.50  1.50  4.00  4.00   8.00 
499 18 5  -0.01 -29.44  10.21  31.16  70.88 269.98   1.50  1.50  4.00  4.00   8.00 
500 18 5   4.59 -29.08  10.21  31.16  70.88 278.98   1.50  1.50  4.00  4.00   8.00 
501 18 5   9.09 -28.00  10.21  31.16  70.88 287.98   1.50  1.50  4.00  4.00   8.00 
502 18 5  13.35 -26.24  10.21  31.16  70.88 296.98   1.50  1.50  4.00  4.00   8.00 
503 18 5  17.29 -23.82  10.21  31.16  70.88 305.98   1.50  1.50  4.00  4.00   8.00 
504 18 5  20.81 -20.83  10.21  31.16  70.88 314.98   1.50  1.50  4.00  4.00   8.00 
505 18 5  23.81 -17.31  10.21  31.16  70.88 323.97   1.50  1.50  4.00  4.00   8.00 
506 18 5  26.22 -13.38  10.21  31.16  70.88 332.97   1.50  1.50  4.00  4.00   8.00 
507 18 5  27.99  -9.11  10.21  31.16  70.88 341.97   1.50  1.50  4.00  4.00   8.00 
508 18 5  29.07  -4.62  10.21  31.16  70.88 350.97   1.50  1.50  4.00  4.00   8.00 
509 19 5  29.47   0.00   8.37  30.63  74.14   0.00   1.50  1.50  4.00  4.00   8.00 
510 19 5  29.10   4.61   8.37  30.63  74.14   9.00   1.50  1.50  4.00  4.00   8.00 
511 19 5  28.02   9.11   8.37  30.63  74.14  18.00   1.50  1.50  4.00  4.00   8.00 
512 19 5  26.25  13.38   8.37  30.63  74.14  27.00   1.50  1.50  4.00  4.00   8.00 
513 19 5  23.84  17.32   8.37  30.63  74.14  36.00   1.50  1.50  4.00  4.00   8.00 
514 19 5  20.84  20.84   8.37  30.63  74.14  45.00   1.50  1.50  4.00  4.00   8.00 
515 19 5  17.32  23.84   8.37  30.63  74.14  54.00   1.50  1.50  4.00  4.00   8.00 
516 19 5  13.38  26.25   8.37  30.63  74.14  63.00   1.50  1.50  4.00  4.00   8.00 
517 19 5   9.11  28.02   8.37  30.63  74.14  72.00   1.50  1.50  4.00  4.00   8.00 
518 19 5   4.61  29.10   8.37  30.63  74.14  81.00   1.50  1.50  4.00  4.00   8.00 
519 19 5   0.00  29.47   8.37  30.63  74.14  90.00   1.50  1.50  4.00  4.00   8.00 
520 19 5  -4.61  29.10   8.37  30.63  74.14  99.00   1.50  1.50  4.00  4.00   8.00 
521 19 5  -9.10  28.02   8.37  30.63  74.14 108.00   1.50  1.50  4.00  4.00   8.00 
522 19 5 -13.38  26.26   8.37  30.63  74.14 117.00   1.50  1.50  4.00  4.00   8.00 
523 19 5 -17.32  23.84   8.37  30.63  74.14 126.00   1.50  1.50  4.00  4.00   8.00 
524 19 5 -20.83  20.84   8.37  30.63  74.14 134.99   1.50  1.50  4.00  4.00   8.00 
525 19 5 -23.84  17.32   8.37  30.63  74.14 143.99   1.50  1.50  4.00  4.00   8.00 
526 19 5 -26.25  13.38   8.37  30.63  74.14 152.99   1.50  1.50  4.00  4.00   8.00 
527 19 5 -28.02   9.11   8.37  30.63  74.14 161.99   1.50  1.50  4.00  4.00   8.00 
528 19 5 -29.10   4.61   8.37  30.63  74.14 170.99   1.50  1.50  4.00  4.00   8.00 
529 19 5 -29.47   0.00   8.37  30.63  74.14 179.99   1.50  1.50  4.00  4.00   8.00 
530 19 5 -29.10  -4.61   8.37  30.63  74.14 188.99   1.50  1.50  4.00  4.00   8.00 
531 19 5 -28.03  -9.10   8.37  30.63  74.14 197.99   1.50  1.50  4.00  4.00   8.00 
532 19 5 -26.26 -13.37   8.37  30.63  74.14 206.99   1.50  1.50  4.00  4.00   8.00 
533 19 5 -23.84 -17.32   8.37  30.63  74.14 215.99   1.50  1.50  4.00  4.00   8.00 
534 19 5 -20.84 -20.83   8.37  30.63  74.14 224.99   1.50  1.50  4.00  4.00   8.00 
535 19 5 -17.32 -23.84   8.37  30.63  74.14 233.99   1.50  1.50  4.00  4.00   8.00 
536 19 5 -13.38 -26.25   8.37  30.63  74.14 242.99   1.50  1.50  4.00  4.00   8.00 
537 19 5  -9.11 -28.02   8.37  30.63  74.14 251.99   1.50  1.50  4.00  4.00   8.00 
538 19 5  -4.61 -29.10   8.37  30.63  74.14 260.99   1.50  1.50  4.00  4.00   8.00 
539 19 5  -0.01 -29.47   8.37  30.63  74.14 269.99   1.50  1.50  4.00  4.00   8.00 
540 19 5   4.60 -29.10   8.37  30.63  74.14 278.99   1.50  1.50  4.00  4.00   8.00 
541 19 5   9.10 -28.03   8.37  30.63  74.14 287.99   1.50  1.50  4.00  4.00   8.00 
542 19 5  13.37 -26.26   8.37  30.63  74.14 296.99   1.50  1.50  4.00  4.00   8.00 
543 19 5  17.31 -23.84   8.37  30.63  74.14 305.99   1.50  1.50  4.00  4.00   8.00 
544 19 5  20.83 -20.84   8.37  30.63  74.14 314.99   1.50  1.50  4.00  4.00   8.00 
545 19 5  23.83 -17.32   8.37  30.63  74.14 323.99   1.50  1.50  4.00  4.00   8.00 
546 19 5  26.25 -13.38   8.37  30.63  74.14 332.99   1.50  1.50  4.00  4.00   8.00 
547 19 5  28.02  -9.11   8.37  30.63  74.14 341.99   1.50  1.50  4.00  4.00   8.00 
548 19 5  29.10  -4.62   8.37  30.63  74.14 350.99   1.50  1.50  4.00  4.00   8.00 
549 20 5  28.84   0.00   6.41  29.55  77.48   0.00   1.50  1.50  4.00  4.00   8.00 
550 20 5  28.47   4.63   6.41  29.55  77.48   9.23   1.50  1.50  4.00  4.00   8.00 
551 20 5  27.36   9.13   6.41  29.55  77.48  18.46   1.50  1.50  4.00  4.00   8.00 
552 20 5  25.54  13.40   6.41  29.55  77.48  27.69   1.50  1.50  4.00  4.00   8.00 
553 20 5  23.06  17.33   6.41  29.55  77.48  36.92   1.50  1.50  4.00  4.00   8.00 
554 20 5  19.98  20.80   6.41  29.55  77.48  46.15   1.50  1.50  4.00  4.00   8.00 
555 20 5  16.39  23.74   6.41  29.55  77.48  55.38   1.50  1.50  4.00  4.00   8.00 
556 20 5  12.37  26.06   6.41  29.55  77.48  64.61   1.50  1.50  4.00  4.00   8.00 
557 20 5   8.03  27.70   6.41  29.55  77.48  73.84   1.50  1.50  4.00  4.00   8.00 
558 20 5   3.48  28.63   6.41  29.55  77.48  83.07   1.50  1.50  4.00  4.00   8.00 
559 20 5  -1.16  28.82   6.41  29.55  77.48  92.30   1.50  1.50  4.00  4.00   8.00 
560 20 5  -5.76  28.26   6.41  29.55  77.48 101.53   1.50  1.50  4.00  4.00   8.00 
561 20 5 -10.22  26.97   6.41  29.55  77.48 110.76   1.50  1.50  4.00  4.00   8.00 
562 20 5 -14.42  24.98   6.41  29.55  77.48 119.99   1.50  1.50  4.00  4.00   8.00 
563 20 5 -18.24  22.35   6.41  29.55  77.48 129.22   1.50  1.50  4.00  4.00   8.00 
564 20 5 -21.59  19.13   6.41  29.55  77.48 138.45   1.50  1.50  4.00  4.00   8.00 
565 20 5 -24.38  15.42   6.41  29.55  77.48 147.68   1.50  1.50  4.00  4.00   8.00 
566 20 5 -26.53  11.31   6.41  29.55  77.48 156.91   1.50  1.50  4.00  4.00   8.00 
567 20 5 -28.00   6.91   6.41  29.55  77.48 166.14   1.50  1.50  4.00  4.00   8.00 
568 20 5 -28.75   2.33   6.41  29.55  77.48 175.37   1.50  1.50  4.00  4.00   8.00 
569 20 5 -28.75  -2.31   6.41  29.55  77.48 184.60   1.50  1.50  4.00  4.00   8.00 
570 20 5 -28.01  -6.89   6.41  29.55  77.48 193.83   1.50  1.50  4.00  4.00   8.00 
571 20 5 -26.54 -11.30   6.41  29.55  77.48 203.06   1.50  1.50  4.00  4.00   8.00 
572 20 5 -24.38 -15.41   6.41  29.55  77.48 212.29   1.50  1.50  4.00  4.00   8.00 
573 20 5 -21.60 -19.12   6.41  29.55  77.48 221.52   1.50  1.50  4.00  4.00   8.00 
574 20 5 -18.25 -22.34   6.41  29.55  77.48 230.75   1.50  1.50  4.00  4.00   8.00 
575 20 5 -14.43 -24.97   6.41  29.55  77.48 239.98   1.50  1.50  4.00  4.00   8.00 
576 20 5 -10.24 -26.97   6.41  29.55  77.48 249.21   1.50  1.50  4.00  4.00   8.00 
577 20 5  -5.78 -28.26   6.41  29.55  77.48 258.44   1.50  1.50  4.00  4.00   8.00 
578 20 5  -1.18 -28.82   6.41  29.55  77.48 267.67   1.50  1.50  4.00  4.00   8.00 
579 20 5   3.46 -28.64   6.41  29.55  77.48 276.90   1.50  1.50  4.00  4.00   8.00 
580 20 5   8.01 -27.71   6.41  29.55  77.48 286.13   1.50  1.50  4.00  4.00   8.00 
581 20 5  12.35 -26.07   6.41  29.55  77.48 295.35   1.50  1.50  4.00  4.00   8.00 
582 20 5  16.37 -23.75   6.41  29.55  77.48 304.58   1.50  1.50  4.00  4.00   8.00 
583 20 5  19.97 -20.81   6.41  29.55  77.48 313.81   1.50  1.50  4.00  4.00   8.00 
584 20 5  23.05 -17.34   6.41  29.55  77.48 323.04   1.50  1.50  4.00  4.00   8.00 
585 20 5  25.53 -13.42   6.41  29.55  77.48 332.27   1.50  1.50  4.00  4.00   8.00 
586 20 5  27.35  -9.15   6.41  29.55  77.48 341.50   1.50  1.50  4.00  4.00   8.00 
587 20 5  28.47  -4.64   6.41  29.55  77.48 350.73   1.50  1.50  4.00  4.00   8.00 
588 21 5  28.84   0.00   4.61  29.21  80.91   0.00   1.50  1.50  4.00  4.00   8.00 
589 21 5  28.47   4.63   4.61  29.21  80.91   9.23   1.50  1.50  4.00  4.00   8.00 
590 21 5  27.36   9.13   4.61  29.21  80.91  18.46   1.50  1.50  4.00  4.00   8.00 
591 21 5  25.54  13.40   4.61  29.21  80.91  27.69   1.50  1.50  4.00  4.00   8.00 
592 21 5  23.06  17.33   4.61  29.21  80.91  36.92   1.50  1.50  4.00  4.00   8.00 
593 21 5  19.98  20.80   4.61  29.21  80.91  46.15   1.50  1.50  4.00  4.00   8.00 
594 21 5  16.39  23.74   4.61  29.21  80.91  55.38   1.50  1.50  4.00  4.00   8.00 
595 21 5  12.37  26.06   4.61  29.21  80.91  64.61   1.50  1.50  4.00  4.00   8.00 
596 21 5   8.03  27.71   4.61  29.21  80.91  73.84   1.50  1.50  4.00  4.00   8.00 
597 21 5   3.48  28.63   4.61  29.21  80.91  83.07   1.50  1.50  4.00  4.00   8.00 
598 21 5  -1.16  28.82   4.61  29.21  80.91  92.30   1.50  1.50  4.00  4.00   8.00 
599 21 5  -5.77  28.26   4.61  29.21  80.91 101.53   1.50  1.50  4.00  4.00   8.00 
600 21 5 -10.22  26.97   4.61  29.21  80.91 110.76   1.50  1.50  4.00  4.00   8.00 
601 21 5 -14.42  24.98   4.61  29.21  80.91 119.99   1.50  1.50  4.00  4.00   8.00 
602 21 5 -18.24  22.35   4.61  29.21  80.91 129.22   1.50  1.50  4.00  4.00   8.00 
603 21 5 -21.59  19.13   4.61  29.21  80.91 138.45   1.50  1.50  4.00  4.00   8.00 
604 21 5 -24.38  15.42   4.61  29.21  80.91 147.68   1.50  1.50  4.00  4.00   8.00 
605 21 5 -26.53  11.31   4.61  29.21  80.91 156.91   1.50  1.50  4.00  4.00   8.00 
606 21 5 -28.00   6.91   4.61  29.21  80.91 166.14   1.50  1.50  4.00  4.00   8.00 
607 21 5 -28.75   2.33   4.61  29.21  80.91 175.37   1.50  1.50  4.00  4.00   8.00 
608 21 5 -28.75  -2.31   4.61  29.21  80.91 184.60   1.50  1.50  4.00  4.00   8.00 
609 21 5 -28.01  -6.90   4.61  29.21  80.91 193.83   1.50  1.50  4.00  4.00   8.00 
610 21 5 -26.54 -11.30   4.61  29.21  80.91 203.06   1.50  1.50  4.00  4.00   8.00 
611 21 5 -24.38 -15.41   4.61  29.21  80.91 212.29   1.50  1.50  4.00  4.00   8.00 
612 21 5 -21.60 -19.12   4.61  29.21  80.91 221.52   1.50  1.50  4.00  4.00   8.00 
613 21 5 -18.25 -22.34   4.61  29.21  80.91 230.75   1.50  1.50  4.00  4.00   8.00 
614 21 5 -14.43 -24.98   4.61  29.21  80.91 239.98   1.50  1.50  4.00  4.00   8.00 
615 21 5 -10.24 -26.97   4.61  29.21  80.91 249.21   1.50  1.50  4.00  4.00   8.00 
616 21 5  -5.78 -28.26   4.61  29.21  80.91 258.44   1.50  1.50  4.00  4.00   8.00 
617 21 5  -1.17 -28.82   4.61  29.21  80.91 267.67   1.50  1.50  4.00  4.00   8.00 
618 21 5   3.47 -28.64   4.61  29.21  80.91 276.90   1.50  1.50  4.00  4.00   8.00 
619 21 5   8.01 -27.71   4.61  29.21  80.91 286.13   1.50  1.50  4.00  4.00   8.00 
620 21 5  12.35 -26.07   4.61  29.21  80.91 295.36   1.50  1.50  4.00  4.00   8.00 
621 21 5  16.38 -23.75   4.61  29.21  80.91 304.59   1.50  1.50  4.00  4.00   8.00 
622 21 5  19.97 -20.81   4.61  29.21  80.91 313.82   1.50  1.50  4.00  4.00   8.00 
623 21 5  23.05 -17.34   4.61  29.21  80.91 323.05   1.50  1.50  4.00  4.00   8.00 
624 21 5  25.53 -13.42   4.61  29.21  80.91 332.28   1.50  1.50  4.00  4.00   8.00 
625 21 5  27.36  -9.15   4.61  29.21  80.91 341.51   1.50  1.50  4.00  4.00   8.00 
626 21 5  28.47  -4.64   4.61  29.21  80.91 350.74   1.50  1.50  4.00  4.00   8.00 
627 22 5  28.19   0.00   2.75  28.33  84.42   0.00   1.50  1.50  4.00  4.00   8.00 
628 22 5  27.81   4.64   2.75  28.33  84.42   9.47   1.50  1.50  4.00  4.00   8.00 
629 22 5  26.67   9.15   2.75  28.33  84.42  18.95   1.50  1.50  4.00  4.00   8.00 
630 22 5  24.80  13.42   2.75  28.33  84.42  28.42   1.50  1.50  4.00  4.00   8.00 
631 22 5  22.25  17.31   2.75  28.33  84.42  37.89   1.50  1.50  4.00  4.00   8.00 
632 22 5  19.10  20.74   2.75  28.33  84.42  47.36   1.50  1.50  4.00  4.00   8.00 
633 22 5  15.42  23.60   2.75  28.33  84.42  56.84   1.50  1.50  4.00  4.00   8.00 
634 22 5  11.33  25.82   2.75  28.33  84.42  66.31   1.50  1.50  4.00  4.00   8.00 
635 22 5   6.92  27.33   2.75  28.33  84.42  75.78   1.50  1.50  4.00  4.00   8.00 
636 22 5   2.33  28.10   2.75  28.33  84.42  85.25   1.50  1.50  4.00  4.00   8.00 
637 22 5  -2.32  28.10   2.75  28.33  84.42  94.73   1.50  1.50  4.00  4.00   8.00 
638 22 5  -6.92  27.33   2.75  28.33  84.42 104.20   1.50  1.50  4.00  4.00   8.00 
639 22 5 -11.32  25.82   2.75  28.33  84.42 113.67   1.50  1.50  4.00  4.00   8.00 
640 22 5 -15.41  23.61   2.75  28.33  84.42 123.14   1.50  1.50  4.00  4.00   8.00 
641 22 5 -19.09  20.75   2.75  28.33  84.42 132.62   1.50  1.50  4.00  4.00   8.00 
642 22 5 -22.24  17.32   2.75  28.33  84.42 142.09   1.50  1.50  4.00  4.00   8.00 
643 22 5 -24.79  13.43   2.75  28.33  84.42 151.56   1.50  1.50  4.00  4.00   8.00 
644 22 5 -26.66   9.16   2.75  28.33  84.42 161.04   1.50  1.50  4.00  4.00   8.00 
645 22 5 -27.81   4.65   2.75  28.33  84.42 170.51   1.50  1.50  4.00  4.00   8.00 
646 22 5 -28.19   0.01   2.75  28.33  84.42 179.98   1.50  1.50  4.00  4.00   8.00 
647 22 5 -27.81  -4.63   2.75  28.33  84.42 189.45   1.50  1.50  4.00  4.00   8.00 
648 22 5 -26.67  -9.14   2.75  28.33  84.42 198.93   1.50  1.50  4.00  4.00   8.00 
649 22 5 -24.80 -13.41   2.75  28.33  84.42 208.40   1.50  1.50  4.00  4.00   8.00 
650 22 5 -22.26 -17.31   2.75  28.33  84.42 217.87   1.50  1.50  4.00  4.00   8.00 
651 22 5 -19.10 -20.73   2.75  28.33  84.42 227.34   1.50  1.50  4.00  4.00   8.00 
652 22 5 -15.43 -23.60   2.75  28.33  84.42 236.82   1.50  1.50  4.00  4.00   8.00 
653 22 5 -11.34 -25.81   2.75  28.33  84.42 246.29   1.50  1.50  4.00  4.00   8.00 
654 22 5  -6.93 -27.33   2.75  28.33  84.42 255.76   1.50  1.50  4.00  4.00   8.00 
655 22 5  -2.34 -28.10   2.75  28.33  84.42 265.23   1.50  1.50  4.00  4.00   8.00 
656 22 5   2.31 -28.10   2.75  28.33  84.42 274.71   1.50  1.50  4.00  4.00   8.00 
657 22 5   6.91 -27.33   2.75  28.33  84.42 284.18   1.50  1.50  4.00  4.00   8.00 
658 22 5  11.31 -25.82   2.75  28.33  84.42 293.65   1.50  1.50  4.00  4.00   8.00 
659 22 5  15.41 -23.61   2.75  28.33  84.42 303.13   1.50  1.50  4.00  4.00   8.00 
660 22 5  19.08 -20.75   2.75  28.33  84.42 312.60   1.50  1.50  4.00  4.00   8.00 
661 22 5  22.24 -17.33   2.75  28.33  84.42 322.07   1.50  1.50  4.00  4.00   8.00 
662 22 5  24.79 -13.43   2.75  28.33  84.42 331.54   1.50  1.50  4.00  4.00   8.00 
663 22 5  26.66  -9.17   2.75  28.33  84.42 341.02   1.50  1.50  4.00  4.00   8.00 
664 22 5  27.81  -4.66   2.75  28.33  84.42 350.49   1.50  1.50  4.00  4.00   8.00 
665 23 5  26.93   0.00   0.91  26.94  88.07   0.00   1.50  1.50  4.00  4.00   8.00 
666 23 5  26.52   4.67   0.91  26.94  88.07   9.98   1.50  1.50  4.00  4.00   8.00 
667 23 5  25.31   9.19   0.91  26.94  88.07  19.96   1.50  1.50  4.00  4.00   8.00 
668 23 5  23.34  13.44   0.91  26.94  88.07  29.94   1.50  1.50  4.00  4.00   8.00 
669 23 5  20.65  17.28   0.91  26.94  88.07  39.92   1.50  1.50  4.00  4.00   8.00 
670 23 5  17.35  20.60   0.91  26.94  88.07  49.90   1.50  1.50  4.00  4.00   8.00 
671 23 5  13.51  23.29   0.91  26.94  88.07  59.88   1.50  1.50  4.00  4.00   8.00 
672 23 5   9.27  25.28   0.91  26.94  88.07  69.86   1.50  1.50  4.00  4.00   8.00 
673 23 5   4.75  26.51   0.91  26.94  88.07  79.84   1.50  1.50  4.00  4.00   8.00 
674 23 5   0.09  26.93   0.91  26.94  88.07  89.82   1.50  1.50  4.00  4.00   8.00 
675 23 5  -4.58  26.54   0.91  26.94  88.07  99.80   1.50  1.50  4.00  4.00   8.00 
676 23 5  -9.11  25.34   0.91  26.94  88.07 109.78   1.50  1.50  4.00  4.00   8.00 
677 23 5 -13.37  23.38   0.91  26.94  88.07 119.76   1.50  1.50  4.00  4.00   8.00 
678 23 5 -17.22  20.71   0.91  26.94  88.07 129.74   1.50  1.50  4.00  4.00   8.00 
679 23 5 -20.54  17.41   0.91  26.94  88.07 139.72   1.50  1.50  4.00  4.00   8.00 
680 23 5 -23.25  13.59   0.91  26.94  88.07 149.70   1.50  1.50  4.00  4.00   8.00 
681 23 5 -25.25   9.35   0.91  26.94  88.07 159.68   1.50  1.50  4.00  4.00   8.00 
682 23 5 -26.49   4.83   0.91  26.94  88.07 169.66   1.50  1.50  4.00  4.00   8.00 
683 23 5 -26.93   0.17   0.91  26.94  88.07 179.64   1.50  1.50  4.00  4.00   8.00 
684 23 5 -26.55  -4.50   0.91  26.94  88.07 189.62   1.50  1.50  4.00  4.00   8.00 
685 23 5 -25.37  -9.03   0.91  26.94  88.07 199.60   1.50  1.50  4.00  4.00   8.00 
686 23 5 -23.42 -13.29   0.91  26.94  88.07 209.58   1.50  1.50  4.00  4.00   8.00 
687 23 5 -20.76 -17.15   0.91  26.94  88.07 219.56   1.50  1.50  4.00  4.00   8.00 
688 23 5 -17.48 -20.49   0.91  26.94  88.07 229.54   1.50  1.50  4.00  4.00   8.00 
689 23 5 -13.66 -23.21   0.91  26.94  88.07 239.52   1.50  1.50  4.00  4.00   8.00 
690 23 5  -9.43 -25.22   0.91  26.94  88.07 249.50   1.50  1.50  4.00  4.00   8.00 
691 23 5  -4.92 -26.48   0.91  26.94  88.07 259.48   1.50  1.50  4.00  4.00   8.00 
692 23 5  -0.26 -26.93   0.91  26.94  88.07 269.46   1.50  1.50  4.00  4.00   8.00 
693 23 5   4.42 -26.56   0.91  26.94  88.07 279.44   1.50  1.50  4.00  4.00   8.00 
694 23 5   8.95 -25.40   0.91  26.94  88.07 289.42   1.50  1.50  4.00  4.00   8.00 
695 23 5  13.22 -23.46   0.91  26.94  88.07 299.40   1.50  1.50  4.00  4.00   8.00 
696 23 5  17.08 -20.82   0.91  26.94  88.07 309.38   1.50  1.50  4.00  4.00   8.00 
697 23 5  20.43 -17.54   0.91  26.94  88.07 319.36   1.50  1.50  4.00  4.00   8.00 
698 23 5  23.16 -13.73   0.91  26.94  88.07 329.34   1.50  1.50  4.00  4.00   8.00 
699 23 5  25.19  -9.51   0.91  26.94  88.07 339.32   1.50  1.50  4.00  4.00   8.00 
700 23 5  26.46  -5.00   0.91  26.94  88.07 349.30   1.50  1.50  4.00  4.00   8.00 
701 24 5  26.25   0.00  -0.86  26.26  91.88   0.00   1.50  1.50  4.00  4.00   8.00 
702 24 5  25.83   4.69  -0.86  26.26  91.88  10.28   1.50  1.50  4.00  4.00   8.00 
703 24 5  24.57   9.22  -0.86  26.26  91.88  20.57   1.50  1.50  4.00  4.00   8.00 
704 24 5  22.53  13.46  -0.86  26.26  91.88  30.85   1.50  1.50  4.00  4.00   8.00 
705 24 5  19.77  17.27  -0.86  26.26  91.88  41.14   1.50  1.50  4.00  4.00   8.00 
706 24 5  16.37  20.52  -0.86  26.26  91.88  51.42   1.50  1.50  4.00  4.00   8.00 
707 24 5  12.44  23.11  -0.86  26.26  91.88  61.71   1.50  1.50  4.00  4.00   8.00 
708 24 5   8.12  24.96  -0.86  26.26  91.88  71.99   1.50  1.50  4.00  4.00   8.00 
709 24 5   3.53  26.01  -0.86  26.26  91.88  82.27   1.50  1.50  4.00  4.00   8.00 
710 24 5  -1.17  26.22  -0.86  26.26  91.88  92.56   1.50  1.50  4.00  4.00   8.00 
711 24 5  -5.83  25.59  -0.86  26.26  91.88 102.84   1.50  1.50  4.00  4.00   8.00 
712 24 5 -10.31  24.14  -0.86  26.26  91.88 113.13   1.50  1.50  4.00  4.00   8.00 
713 24 5 -14.45  21.91  -0.86  26.26  91.88 123.41   1.50  1.50  4.00  4.00   8.00 
714 24 5 -18.13  18.98  -0.86  26.26  91.88 133.70   1.50  1.50  4.00  4.00   8.00 
715 24 5 -21.23  15.44  -0.86  26.26  91.88 143.98   1.50  1.50  4.00  4.00   8.00 
716 24 5 -23.64  11.40  -0.86  26.26  91.88 154.26   1.50  1.50  4.00  4.00   8.00 
717 24 5 -25.30   6.99  -0.86  26.26  91.88 164.55   1.50  1.50  4.00  4.00   8.00 
718 24 5 -26.14   2.36  -0.86  26.26  91.88 174.83   1.50  1.50  4.00  4.00   8.00 
719 24 5 -26.14  -2.34  -0.86  26.26  91.88 185.12   1.50  1.50  4.00  4.00   8.00 
720 24 5 -25.30  -6.97  -0.86  26.26  91.88 195.40   1.50  1.50  4.00  4.00   8.00 
721 24 5 -23.65 -11.38  -0.86  26.26  91.88 205.69   1.50  1.50  4.00  4.00   8.00 
722 24 5 -21.24 -15.42  -0.86  26.26  91.88 215.97   1.50  1.50  4.00  4.00   8.00 
723 24 5 -18.15 -18.96  -0.86  26.26  91.88 226.25   1.50  1.50  4.00  4.00   8.00 
724 24 5 -14.47 -21.90  -0.86  26.26  91.88 236.54   1.50  1.50  4.00  4.00   8.00 
725 24 5 -10.33 -24.13  -0.86  26.26  91.88 246.82   1.50  1.50  4.00  4.00   8.00 
726 24 5  -5.86 -25.59  -0.86  26.26  91.88 257.11   1.50  1.50  4.00  4.00   8.00 
727 24 5  -1.19 -26.22  -0.86  26.26  91.88 267.39   1.50  1.50  4.00  4.00   8.00 
728 24 5   3.51 -26.01  -0.86  26.26  91.88 277.67   1.50  1.50  4.00  4.00   8.00 
729 24 5   8.09 -24.97  -0.86  26.26  91.88 287.96   1.50  1.50  4.00  4.00   8.00 
730 24 5  12.42 -23.12  -0.86  26.26  91.88 298.24   1.50  1.50  4.00  4.00   8.00 
731 24 5  16.35 -20.53  -0.86  26.26  91.88 308.53   1.50  1.50  4.00  4.00   8.00 
732 24 5  19.75 -17.28  -0.86  26.26  91.88 318.81   1.50  1.50  4.00  4.00   8.00 
733 24 5  22.52 -13.48  -0.86  26.26  91.88 329.10   1.50  1.50  4.00  4.00   8.00 
734 24 5  24.57  -9.24  -0.86  26.26  91.88 339.38   1.50  1.50  4.00  4.00   8.00 
735 24 5  25.82  -4.71  -0.86  26.26  91.88 349.66   1.50  1.50  4.00  4.00   8.00 
736 25 5  25.04   0.00  -2.57  25.17  95.86   0.00   1.50  1.50  4.00  4.00   8.00 
737 25 5  24.59   4.73  -2.57  25.17  95.86  10.89   1.50  1.50  4.00  4.00   8.00 
738 25 5  23.26   9.29  -2.57  25.17  95.86  21.78   1.50  1.50  4.00  4.00   8.00 
739 25 5  21.08  13.52  -2.57  25.17  95.86  32.66   1.50  1.50  4.00  4.00   8.00 
740 25 5  18.15  17.25  -2.57  25.17  95.86  43.55   1.50  1.50  4.00  4.00   8.00 
741 25 5  14.56  20.37  -2.57  25.17  95.86  54.44   1.50  1.50  4.00  4.00   8.00 
742 25 5  10.45  22.76  -2.57  25.17  95.86  65.33   1.50  1.50  4.00  4.00   8.00 
743 25 5   5.97  24.32  -2.57  25.17  95.86  76.21   1.50  1.50  4.00  4.00   8.00 
744 25 5   1.27  25.01  -2.57  25.17  95.86  87.10   1.50  1.50  4.00  4.00   8.00 
745 25 5  -3.48  24.80  -2.57  25.17  95.86  97.99   1.50  1.50  4.00  4.00   8.00 
746 25 5  -8.10  23.70  -2.57  25.17  95.86 108.88   1.50  1.50  4.00  4.00   8.00 
747 25 5 -12.43  21.74  -2.57  25.17  95.86 119.76   1.50  1.50  4.00  4.00   8.00 
748 25 5 -16.31  19.00  -2.57  25.17  95.86 130.65   1.50  1.50  4.00  4.00   8.00 
749 25 5 -19.61  15.58  -2.57  25.17  95.86 141.54   1.50  1.50  4.00  4.00   8.00 
750 25 5 -22.20  11.59  -2.57  25.17  95.86 152.43   1.50  1.50  4.00  4.00   8.00 
751 25 5 -23.99   7.19  -2.57  25.17  95.86 163.32   1.50  1.50  4.00  4.00   8.00 
752 25 5 -24.91   2.53  -2.57  25.17  95.86 174.20   1.50  1.50  4.00  4.00   8.00 
753 25 5 -24.94  -2.22  -2.57  25.17  95.86 185.09   1.50  1.50  4.00  4.00   8.00 
754 25 5 -24.07  -6.89  -2.57  25.17  95.86 195.98   1.50  1.50  4.00  4.00   8.00 
755 25 5 -22.34 -11.32  -2.57  25.17  95.86 206.87   1.50  1.50  4.00  4.00   8.00 
756 25 5 -19.80 -15.33  -2.57  25.17  95.86 217.75   1.50  1.50  4.00  4.00   8.00 
757 25 5 -16.55 -18.80  -2.57  25.17  95.86 228.64   1.50  1.50  4.00  4.00   8.00 
758 25 5 -12.70 -21.58  -2.57  25.17  95.86 239.53   1.50  1.50  4.00  4.00   8.00 
759 25 5  -8.39 -23.59  -2.57  25.17  95.86 250.42   1.50  1.50  4.00  4.00   8.00 
760 25 5  -3.79 -24.75  -2.57  25.17  95.86 261.30   1.50  1.50  4.00  4.00   8.00 
761 25 5   0.96 -25.02  -2.57  25.17  95.86 272.19   1.50  1.50  4.00  4.00   8.00 
762 25 5   5.67 -24.39  -2.57  25.17  95.86 283.08   1.50  1.50  4.00  4.00   8.00 
763 25 5  10.17 -22.88  -2.57  25.17  95.86 293.97   1.50  1.50  4.00  4.00   8.00 
764 25 5  14.31 -20.55  -2.57  25.17  95.86 304.86   1.50  1.50  4.00  4.00   8.00 
765 25 5  17.94 -17.48  -2.57  25.17  95.86 315.74   1.50  1.50  4.00  4.00   8.00 
766 25 5  20.91 -13.77  -2.57  25.17  95.86 326.63   1.50  1.50  4.00  4.00   8.00 
767 25 5  23.14  -9.58  -2.57  25.17  95.86 337.52   1.50  1.50  4.00  4.00   8.00 
768 25 5  24.53  -5.03  -2.57  25.17  95.86 348.41   1.50  1.50  4.00  4.00   8.00 
769 26 5  24.38   0.00  -4.31  24.76 100.03   0.00   1.50  1.50  4.00  4.00   8.00 
770 26 5  23.91   4.76  -4.31  24.76 100.03  11.25   1.50  1.50  4.00  4.00   8.00 
771 26 5  22.52   9.33  -4.31  24.76 100.03  22.50   1.50  1.50  4.00  4.00   8.00 
772 26 5  20.27  13.54  -4.31  24.76 100.03  33.75   1.50  1.50  4.00  4.00   8.00 
773 26 5  17.24  17.24  -4.31  24.76 100.03  45.00   1.50  1.50  4.00  4.00   8.00 
774 26 5  13.54  20.27  -4.31  24.76 100.03  56.25   1.50  1.50  4.00  4.00   8.00 
775 26 5   9.33  22.52  -4.31  24.76 100.03  67.50   1.50  1.50  4.00  4.00   8.00 
776 26 5   4.76  23.91  -4.31  24.76 100.03  78.74   1.50  1.50  4.00  4.00   8.00 
777 26 5   0.00  24.38  -4.31  24.76 100.03  89.99   1.50  1.50  4.00  4.00   8.00 
778 26 5  -4.75  23.91  -4.31  24.76 100.03 101.24   1.50  1.50  4.00  4.00   8.00 
779 26 5  -9.33  22.52  -4.31  24.76 100.03 112.49   1.50  1.50  4.00  4.00   8.00 
780 26 5 -13.54  20.27  -4.31  24.76 100.03 123.74   1.50  1.50  4.00  4.00   8.00 
781 26 5 -17.23  17.24  -4.31  24.76 100.03 134.99   1.50  1.50  4.00  4.00   8.00 
782 26 5 -20.27  13.55  -4.31  24.76 100.03 146.24   1.50  1.50  4.00  4.00   8.00 
783 26 5 -22.52   9.33  -4.31  24.76 100.03 157.49   1.50  1.50  4.00  4.00   8.00 
784 26 5 -23.91   4.76  -4.31  24.76 100.03 168.74   1.50  1.50  4.00  4.00   8.00 
785 26 5 -24.38   0.01  -4.31  24.76 100.03 179.99   1.50  1.50  4.00  4.00   8.00 
786 26 5 -23.91  -4.75  -4.31  24.76 100.03 191.24   1.50  1.50  4.00  4.00   8.00 
787 26 5 -22.52  -9.32  -4.31  24.76 100.03 202.49   1.50  1.50  4.00  4.00   8.00 
788 26 5 -20.27 -13.54  -4.31  24.76 100.03 213.73   1.50  1.50  4.00  4.00   8.00 
789 26 5 -17.24 -17.23  -4.31  24.76 100.03 224.98   1.50  1.50  4.00  4.00   8.00 
790 26 5 -13.55 -20.26  -4.31  24.76 100.03 236.23   1.50  1.50  4.00  4.00   8.00 
791 26 5  -9.34 -22.52  -4.31  24.76 100.03 247.48   1.50  1.50  4.00  4.00   8.00 
792 26 5  -4.76 -23.91  -4.31  24.76 100.03 258.73   1.50  1.50  4.00  4.00   8.00 
793 26 5  -0.01 -24.38  -4.31  24.76 100.03 269.98   1.50  1.50  4.00  4.00   8.00 
794 26 5   4.75 -23.91  -4.31  24.76 100.03 281.23   1.50  1.50  4.00  4.00   8.00 
795 26 5   9.32 -22.53  -4.31  24.76 100.03 292.48   1.50  1.50  4.00  4.00   8.00 
796 26 5  13.54 -20.27  -4.31  24.76 100.03 303.73   1.50  1.50  4.00  4.00   8.00 
797 26 5  17.23 -17.24  -4.31  24.76 100.03 314.98   1.50  1.50  4.00  4.00   8.00 
798 26 5  20.26 -13.55  -4.31  24.76 100.03 326.23   1.50  1.50  4.00  4.00   8.00 
799 26 5  22.52  -9.34  -4.31  24.76 100.03 337.48   1.50  1.50  4.00  4.00   8.00 
800 26 5  23.91  -4.77  -4.31  24.76 100.03 348.72   1.50  1.50  4.00  4.00   8.00 
801 27 5  23.09   0.00  -5.91  23.84 104.36   0.00   1.50  1.50  4.00  4.00   8.00 
802 27 5  22.59   4.80  -5.91  23.84 104.36  12.00   1.50  1.50  4.00  4.00   8.00 
803 27 5  21.09   9.39  -5.91  23.84 104.36  24.00   1.50  1.50  4.00  4.00   8.00 
804 27 5  18.68  13.57  -5.91  23.84 104.36  36.00   1.50  1.50  4.00  4.00   8.00 
805 27 5  15.45  17.16  -5.91  23.84 104.36  48.00   1.50  1.50  4.00  4.00   8.00 
806 27 5  11.55  20.00  -5.91  23.84 104.36  60.00   1.50  1.50  4.00  4.00   8.00 
807 27 5   7.14  21.96  -5.91  23.84 104.36  72.00   1.50  1.50  4.00  4.00   8.00 
808 27 5   2.41  22.96  -5.91  23.84 104.36  84.00   1.50  1.50  4.00  4.00   8.00 
809 27 5  -2.41  22.96  -5.91  23.84 104.36  96.00   1.50  1.50  4.00  4.00   8.00 
810 27 5  -7.13  21.96  -5.91  23.84 104.36 108.00   1.50  1.50  4.00  4.00   8.00 
811 27 5 -11.54  20.00  -5.91  23.84 104.36 120.00   1.50  1.50  4.00  4.00   8.00 
812 27 5 -15.45  17.16  -5.91  23.84 104.36 132.00   1.50  1.50  4.00  4.00   8.00 
813 27 5 -18.68  13.57  -5.91  23.84 104.36 144.00   1.50  1.50  4.00  4.00   8.00 
814 27 5 -21.09   9.39  -5.91  23.84 104.36 156.00   1.50  1.50  4.00  4.00   8.00 
815 27 5 -22.59   4.80  -5.91  23.84 104.36 168.00   1.50  1.50  4.00  4.00   8.00 
816 27 5 -23.09   0.00  -5.91  23.84 104.36 180.00   1.50  1.50  4.00  4.00   8.00 
817 27 5 -22.59  -4.80  -5.91  23.84 104.36 191.99   1.50  1.50  4.00  4.00   8.00 
818 27 5 -21.09  -9.39  -5.91  23.84 104.36 203.99   1.50  1.50  4.00  4.00   8.00 
819 27 5 -18.68 -13.57  -5.91  23.84 104.36 215.99   1.50  1.50  4.00  4.00   8.00 
820 27 5 -15.45 -17.16  -5.91  23.84 104.36 227.99   1.50  1.50  4.00  4.00   8.00 
821 27 5 -11.55 -20.00  -5.91  23.84 104.36 239.99   1.50  1.50  4.00  4.00   8.00 
822 27 5  -7.14 -21.96  -5.91  23.84 104.36 251.99   1.50  1.50  4.00  4.00   8.00 
823 27 5  -2.42 -22.96  -5.91  23.84 104.36 263.99   1.50  1.50  4.00  4.00   8.00 
824 27 5   2.41 -22.96  -5.91  23.84 104.36 275.99   1.50  1.50  4.00  4.00   8.00 
825 27 5   7.13 -21.96  -5.91  23.84 104.36 287.99   1.50  1.50  4.00  4.00   8.00 
826 27 5  11.54 -20.00  -5.91  23.84 104.36 299.99   1.50  1.50  4.00  4.00   8.00 
827 27 5  15.45 -17.16  -5.91  23.84 104.36 311.99   1.50  1.50  4.00  4.00   8.00 
828 27 5  18.68 -13.58  -5.91  23.84 104.36 323.99   1.50  1.50  4.00  4.00   8.00 
829 27 5  21.09  -9.40  -5.91  23.84 104.36 335.99   1.50  1.50  4.00  4.00   8.00 
830 27 5  22.58  -4.80  -5.91  23.84 104.36 347.99   1.50  1.50  4.00  4.00   8.00 
831 28 5  21.14   0.00  -7.27  22.35 108.98   0.00   1.50  1.50  4.00  4.00   8.00 
832 28 5  20.57   4.87  -7.27  22.35 108.98  13.33   1.50  1.50  4.00  4.00   8.00 
833 28 5  18.89   9.49  -7.27  22.35 108.98  26.67   1.50  1.50  4.00  4.00   8.00 
834 28 5  16.19  13.59  -7.27  22.35 108.98  40.00   1.50  1.50  4.00  4.00   8.00 
835 28 5  12.62  16.95  -7.27  22.35 108.98  53.33   1.50  1.50  4.00  4.00   8.00 
836 28 5   8.37  19.41  -7.27  22.35 108.98  66.66   1.50  1.50  4.00  4.00   8.00 
837 28 5   3.67  20.82  -7.27  22.35 108.98  80.00   1.50  1.50  4.00  4.00   8.00 
838 28 5  -1.23  21.10  -7.27  22.35 108.98  93.33   1.50  1.50  4.00  4.00   8.00 
839 28 5  -6.06  20.25  -7.27  22.35 108.98 106.66   1.50  1.50  4.00  4.00   8.00 
840 28 5 -10.57  18.31  -7.27  22.35 108.98 119.99   1.50  1.50  4.00  4.00   8.00 
841 28 5 -14.50  15.38  -7.27  22.35 108.98 133.33   1.50  1.50  4.00  4.00   8.00 
842 28 5 -17.66  11.62  -7.27  22.35 108.98 146.66   1.50  1.50  4.00  4.00   8.00 
843 28 5 -19.86   7.23  -7.27  22.35 108.98 159.99   1.50  1.50  4.00  4.00   8.00 
844 28 5 -21.00   2.46  -7.27  22.35 108.98 173.33   1.50  1.50  4.00  4.00   8.00 
845 28 5 -21.00  -2.45  -7.27  22.35 108.98 186.66   1.50  1.50  4.00  4.00   8.00 
846 28 5 -19.86  -7.23  -7.27  22.35 108.98 199.99   1.50  1.50  4.00  4.00   8.00 
847 28 5 -17.66 -11.61  -7.27  22.35 108.98 213.32   1.50  1.50  4.00  4.00   8.00 
848 28 5 -14.51 -15.37  -7.27  22.35 108.98 226.66   1.50  1.50  4.00  4.00   8.00 
849 28 5 -10.57 -18.30  -7.27  22.35 108.98 239.99   1.50  1.50  4.00  4.00   8.00 
850 28 5  -6.07 -20.25  -7.27  22.35 108.98 253.32   1.50  1.50  4.00  4.00   8.00 
851 28 5  -1.23 -21.10  -7.27  22.35 108.98 266.65   1.50  1.50  4.00  4.00   8.00 
852 28 5   3.67 -20.82  -7.27  22.35 108.98 279.99   1.50  1.50  4.00  4.00   8.00 
853 28 5   8.37 -19.41  -7.27  22.35 108.98 293.32   1.50  1.50  4.00  4.00   8.00 
854 28 5  12.62 -16.96  -7.27  22.35 108.98 306.65   1.50  1.50  4.00  4.00   8.00 
855 28 5  16.19 -13.59  -7.27  22.35 108.98 319.99   1.50  1.50  4.00  4.00   8.00 
856 28 5  18.89  -9.49  -7.27  22.35 108.98 333.32   1.50  1.50  4.00  4.00   8.00 
857 28 5  20.57  -4.88  -7.27  22.35 108.98 346.65   1.50  1.50  4.00  4.00   8.00 
858 29 5  19.79   0.00  -8.79  21.66 113.94   0.00   1.50  1.50  4.00  4.00   8.00 
859 29 5  19.17   4.92  -8.79  21.66 113.94  14.40   1.50  1.50  4.00  4.00   8.00 
860 29 5  17.34   9.53  -8.79  21.66 113.94  28.80   1.50  1.50  4.00  4.00   8.00 
861 29 5  14.43  13.55  -8.79  21.66 113.94  43.20   1.50  1.50  4.00  4.00   8.00 
862 29 5  10.61  16.71  -8.79  21.66 113.94  57.60   1.50  1.50  4.00  4.00   8.00 
863 29 5   6.12  18.82  -8.79  21.66 113.94  72.00   1.50  1.50  4.00  4.00   8.00 
864 29 5   1.24  19.75  -8.79  21.66 113.94  86.40   1.50  1.50  4.00  4.00   8.00 
865 29 5  -3.71  19.44  -8.79  21.66 113.94 100.80   1.50  1.50  4.00  4.00   8.00 
866 29 5  -8.43  17.91  -8.79  21.66 113.94 115.20   1.50  1.50  4.00  4.00   8.00 
867 29 5 -12.62  15.25  -8.79  21.66 113.94 129.60   1.50  1.50  4.00  4.00   8.00 
868 29 5 -16.01  11.63  -8.79  21.66 113.94 144.00   1.50  1.50  4.00  4.00   8.00 
869 29 5 -18.40   7.29  -8.79  21.66 113.94 158.40   1.50  1.50  4.00  4.00   8.00 
870 29 5 -19.64   2.48  -8.79  21.66 113.94 172.80   1.50  1.50  4.00  4.00   8.00 
871 29 5 -19.64  -2.48  -8.79  21.66 113.94 187.20   1.50  1.50  4.00  4.00   8.00 
872 29 5 -18.40  -7.28  -8.79  21.66 113.94 201.60   1.50  1.50  4.00  4.00   8.00 
873 29 5 -16.01 -11.63  -8.79  21.66 113.94 216.00   1.50  1.50  4.00  4.00   8.00 
874 29 5 -12.62 -15.25  -8.79  21.66 113.94 230.40   1.50  1.50  4.00  4.00   8.00 
875 29 5  -8.43 -17.91  -8.79  21.66 113.94 244.80   1.50  1.50  4.00  4.00   8.00 
876 29 5  -3.71 -19.44  -8.79  21.66 113.94 259.20   1.50  1.50  4.00  4.00   8.00 
877 29 5   1.24 -19.75  -8.79  21.66 113.94 273.59   1.50  1.50  4.00  4.00   8.00 
878 29 5   6.11 -18.82  -8.79  21.66 113.94 287.99   1.50  1.50  4.00  4.00   8.00 
879 29 5  10.60 -16.71  -8.79  21.66 113.94 302.39   1.50  1.50  4.00  4.00   8.00 
880 29 5  14.43 -13.55  -8.79  21.66 113.94 316.79   1.50  1.50  4.00  4.00   8.00 
881 29 5  17.34  -9.54  -8.79  21.66 113.94 331.19   1.50  1.50  4.00  4.00   8.00 
882 29 5  19.17  -4.92  -8.79  21.66 113.94 345.59   1.50  1.50  4.00  4.00   8.00 
883 30 5  17.77   0.00  -9.95  20.37 119.26   0.00   1.50  1.50  4.00  4.00   8.00 
884 30 5  17.05   5.01  -9.95  20.37 119.26  16.36   1.50  1.50  4.00  4.00   8.00 
885 30 5  14.95   9.61  -9.95  20.37 119.26  32.72   1.50  1.50  4.00  4.00   8.00 
886 30 5  11.64  13.43  -9.95  20.37 119.26  49.09   1.50  1.50  4.00  4.00   8.00 
887 30 5   7.38  16.16  -9.95  20.37 119.26  65.45   1.50  1.50  4.00  4.00   8.00 
888 30 5   2.53  17.59  -9.95  20.37 119.26  81.81   1.50  1.50  4.00  4.00   8.00 
889 30 5  -2.53  17.59  -9.95  20.37 119.26  98.17   1.50  1.50  4.00  4.00   8.00 
890 30 5  -7.38  16.16  -9.95  20.37 119.26 114.54   1.50  1.50  4.00  4.00   8.00 
891 30 5 -11.63  13.43  -9.95  20.37 119.26 130.90   1.50  1.50  4.00  4.00   8.00 
892 30 5 -14.95   9.61  -9.95  20.37 119.26 147.26   1.50  1.50  4.00  4.00   8.00 
893 30 5 -17.05   5.01  -9.95  20.37 119.26 163.62   1.50  1.50  4.00  4.00   8.00 
894 30 5 -17.77   0.00  -9.95  20.37 119.26 179.99   1.50  1.50  4.00  4.00   8.00 
895 30 5 -17.05  -5.00  -9.95  20.37 119.26 196.35   1.50  1.50  4.00  4.00   8.00 
896 30 5 -14.95  -9.60  -9.95  20.37 119.26 212.71   1.50  1.50  4.00  4.00   8.00 
897 30 5 -11.64 -13.42  -9.95  20.37 119.26 229.07   1.50  1.50  4.00  4.00   8.00 
898 30 5  -7.39 -16.16  -9.95  20.37 119.26 245.44   1.50  1.50  4.00  4.00   8.00 
899 30 5  -2.53 -17.59  -9.95  20.37 119.26 261.80   1.50  1.50  4.00  4.00   8.00 
900 30 5   2.52 -17.59  -9.95  20.37 119.26 278.16   1.50  1.50  4.00  4.00   8.00 
901 30 5   7.37 -16.16  -9.95  20.37 119.26 294.52   1.50  1.50  4.00  4.00   8.00 
902 30 5  11.63 -13.43  -9.95  20.37 119.26 310.89   1.50  1.50  4.00  4.00   8.00 
903 30 5  14.94  -9.61  -9.95  20.37 119.26 327.25   1.50  1.50  4.00  4.00   8.00 
904 30 5  17.05  -5.01  -9.95  20.37 119.26 343.61   1.50  1.50  4.00  4.00   8.00 
905 31 5  15.69   0.00 -11.02  19.17 125.09   0.00   1.50  1.50  4.00  4.00   8.00 
906 31 5  14.84   5.09 -11.02  19.17 125.09  18.95   1.50  1.50  4.00  4.00   8.00 
907 31 5  12.38   9.64 -11.02  19.17 125.09  37.89   1.50  1.50  4.00  4.00   8.00 
908 31 5   8.58  13.13 -11.02  19.17 125.09  56.84   1.50  1.50  4.00  4.00   8.00 
909 31 5   3.85  15.21 -11.02  19.17 125.09  75.79   1.50  1.50  4.00  4.00   8.00 
910 31 5  -1.29  15.64 -11.02  19.17 125.09  94.73   1.50  1.50  4.00  4.00   8.00 
911 31 5  -6.30  14.37 -11.02  19.17 125.09 113.68   1.50  1.50  4.00  4.00   8.00 
912 31 5 -10.63  11.54 -11.02  19.17 125.09 132.63   1.50  1.50  4.00  4.00   8.00 
913 31 5 -13.80   7.47 -11.02  19.17 125.09 151.58   1.50  1.50  4.00  4.00   8.00 
914 31 5 -15.48   2.58 -11.02  19.17 125.09 170.52   1.50  1.50  4.00  4.00   8.00 
915 31 5 -15.48  -2.58 -11.02  19.17 125.09 189.47   1.50  1.50  4.00  4.00   8.00 
916 31 5 -13.80  -7.47 -11.02  19.17 125.09 208.42   1.50  1.50  4.00  4.00   8.00 
917 31 5 -10.63 -11.54 -11.02  19.17 125.09 227.36   1.50  1.50  4.00  4.00   8.00 
918 31 5  -6.30 -14.37 -11.02  19.17 125.09 246.31   1.50  1.50  4.00  4.00   8.00 
919 31 5  -1.30 -15.64 -11.02  19.17 125.09 265.26   1.50  1.50  4.00  4.00   8.00 
920 31 5   3.85 -15.21 -11.02  19.17 125.09 284.20   1.50  1.50  4.00  4.00   8.00 
921 31 5   8.58 -13.14 -11.02  19.17 125.09 303.15   1.50  1.50  4.00  4.00   8.00 
922 31 5  12.38  -9.64 -11.02  19.17 125.09 322.10   1.50  1.50  4.00  4.00   8.00 
923 31 5  14.84  -5.10 -11.02  19.17 125.09 341.04   1.50  1.50  4.00  4.00   8.00 
924 32 5  12.90   0.00 -11.48  17.27 131.69   0.00   1.50  1.50  4.00  4.00   8.00 
925 32 5  11.78   5.24 -11.48  17.27 131.69  24.00   1.50  1.50  4.00  4.00   8.00 
926 32 5   8.63   9.58 -11.48  17.27 131.69  48.00   1.50  1.50  4.00  4.00   8.00 
927 32 5   3.99  12.26 -11.48  17.27 131.69  72.00   1.50  1.50  4.00  4.00   8.00 
928 32 5  -1.35  12.82 -11.48  17.27 131.69  96.00   1.50  1.50  4.00  4.00   8.00 
929 32 5  -6.45  11.17 -11.48  17.27 131.69 120.00   1.50  1.50  4.00  4.00   8.00 
930 32 5 -10.43   7.58 -11.48  17.27 131.69 143.99   1.50  1.50  4.00  4.00   8.00 
931 32 5 -12.61   2.68 -11.48  17.27 131.69 167.99   1.50  1.50  4.00  4.00   8.00 
932 32 5 -12.61  -2.68 -11.48  17.27 131.69 191.99   1.50  1.50  4.00  4.00   8.00 
933 32 5 -10.43  -7.58 -11.48  17.27 131.69 215.99   1.50  1.50  4.00  4.00   8.00 
934 32 5  -6.45 -11.17 -11.48  17.27 131.69 239.99   1.50  1.50  4.00  4.00   8.00 
935 32 5  -1.35 -12.82 -11.48  17.27 131.69 263.99   1.50  1.50  4.00  4.00   8.00 
936 32 5   3.98 -12.27 -11.48  17.27 131.69 287.99   1.50  1.50  4.00  4.00   8.00 
937 32 5   8.63  -9.59 -11.48  17.27 131.69 311.99   1.50  1.50  4.00  4.00   8.00 
938 32 5  11.78  -5.25 -11.48  17.27 131.69 335.99   1.50  1.50  4.00  4.00   8.00 
939 33 5   9.98   0.00 -11.72  15.39 139.60   0.00   1.50  1.50  4.00  4.00   8.00 
940 33 5   8.39   5.39 -11.72  15.39 139.60  32.73   1.50  1.50  4.00  4.00   8.00 
941 33 5   4.14   9.07 -11.72  15.39 139.60  65.45   1.50  1.50  4.00  4.00   8.00 
942 33 5  -1.42   9.87 -11.72  15.39 139.60  98.18   1.50  1.50  4.00  4.00   8.00 
943 33 5  -6.53   7.54 -11.72  15.39 139.60 130.91   1.50  1.50  4.00  4.00   8.00 
944 33 5  -9.57   2.81 -11.72  15.39 139.60 163.63   1.50  1.50  4.00  4.00   8.00 
945 33 5  -9.57  -2.81 -11.72  15.39 139.60 196.36   1.50  1.50  4.00  4.00   8.00 
946 33 5  -6.53  -7.54 -11.72  15.39 139.60 229.09   1.50  1.50  4.00  4.00   8.00 
947 33 5  -1.42  -9.87 -11.72  15.39 139.60 261.81   1.50  1.50  4.00  4.00   8.00 
948 33 5   4.14  -9.07 -11.72  15.39 139.60 294.54   1.50  1.50  4.00  4.00   8.00 
949 33 5   8.39  -5.39 -11.72  15.39 139.60 327.27   1.50  1.50  4.00  4.00   8.00 
950 34 5   6.82   0.00 -11.66  13.51 149.68   0.00   1.50  1.50  4.00  4.00   8.00 
951 34 5   4.25   5.33 -11.66  13.51 149.68  51.42   1.50  1.50  4.00  4.00   8.00 
952 34 5  -1.52   6.65 -11.66  13.51 149.68 102.85   1.50  1.50  4.00  4.00   8.00 
953 34 5  -6.14   2.96 -11.66  13.51 149.68 154.27   1.50  1.50  4.00  4.00   8.00 
954 34 5  -6.15  -2.96 -11.66  13.51 149.68 205.70   1.50  1.50  4.00  4.00   8.00 
955 34 5  -1.52  -6.65 -11.66  13.51 149.68 257.12   1.50  1.50  4.00  4.00   8.00 
956 34 5   4.25  -5.33 -11.66  13.51 149.68 308.54   1.50  1.50  4.00  4.00   8.00 
957 35 5   4.79   0.00 -13.62  14.43 160.63   0.00   1.50  1.50  4.00  4.00   8.00 
958 35 5   1.48   4.55 -13.62  14.43 160.63  72.00   1.50  1.50  4.00  4.00   8.00 
959 35 5  -3.87   2.81 -13.62  14.43 160.63 144.00   1.50  1.50  4.00  4.00   8.00 
960 35 5  -3.87  -2.81 -13.62  14.43 160.63 216.00   1.50  1.50  4.00  4.00   8.00 
961 35 5   1.48  -4.55 -13.62  14.43 160.63 288.00   1.50  1.50  4.00  4.00   8.00 
-1

