  1  1 5   5.04   0.00  23.37  23.91  12.17   0.00   1.50  1.50  4.00  4.00   8.00 
  2  1 5   2.52   4.37  23.37  23.91  12.17  60.00   1.50  1.50  4.00  4.00   8.00 
  3  1 5  -2.52   4.37  23.37  23.91  12.17 120.00   1.50  1.50  4.00  4.00   8.00 
  4  1 5  -5.04   0.00  23.37  23.91  12.17 180.00   1.50  1.50  4.00  4.00   8.00 
  5  1 5  -2.52  -4.37  23.37  23.91  12.17 240.00   1.50  1.50  4.00  4.00   8.00 
  6  1 5   2.52  -4.37  23.37  23.91  12.17 299.99   1.50  1.50  4.00  4.00   8.00 
  7  2 5   7.41   0.00  23.51  24.66  17.50   0.00   1.50  1.50  4.00  4.00   8.00 
  8  2 5   5.68   4.76  23.51  24.66  17.50  40.00   1.50  1.50  4.00  4.00   8.00 
  9  2 5   1.29   7.30  23.51  24.66  17.50  80.00   1.50  1.50  4.00  4.00   8.00 
 10  2 5  -3.71   6.42  23.51  24.66  17.50 120.00   1.50  1.50  4.00  4.00   8.00 
 11  2 5  -6.97   2.54  23.51  24.66  17.50 159.99   1.50  1.50  4.00  4.00   8.00 
 12  2 5  -6.97  -2.53  23.51  24.66  17.50 199.99   1.50  1.50  4.00  4.00   8.00 
 13  2 5  -3.71  -6.42  23.51  24.66  17.50 239.99   1.50  1.50  4.00  4.00   8.00 
 14  2 5   1.29  -7.30  23.51  24.66  17.50 279.99   1.50  1.50  4.00  4.00   8.00 
 15  2 5   5.68  -4.77  23.51  24.66  17.50 319.99   1.50  1.50  4.00  4.00   8.00 
 16  3 5  10.32   0.00  25.33  27.35  22.16   0.00   1.50  1.50  4.00  4.00   8.00 
 17  3 5   9.14   4.79  25.33  27.35  22.16  27.69   1.50  1.50  4.00  4.00   8.00 
 18  3 5   5.86   8.49  25.33  27.35  22.16  55.38   1.50  1.50  4.00  4.00   8.00 
 19  3 5   1.25  10.24  25.33  27.35  22.16  83.07   1.50  1.50  4.00  4.00   8.00 
 20  3 5  -3.66   9.65  25.33  27.35  22.16 110.76   1.50  1.50  4.00  4.00   8.00 
 21  3 5  -7.72   6.85  25.33  27.35  22.16 138.44   1.50  1.50  4.00  4.00   8.00 
 22  3 5 -10.02   2.47  25.33  27.35  22.16 166.13   1.50  1.50  4.00  4.00   8.00 
 23  3 5 -10.02  -2.47  25.33  27.35  22.16 193.82   1.50  1.50  4.00  4.00   8.00 
 24  3 5  -7.73  -6.84  25.33  27.35  22.16 221.51   1.50  1.50  4.00  4.00   8.00 
 25  3 5  -3.66  -9.65  25.33  27.35  22.16 249.20   1.50  1.50  4.00  4.00   8.00 
 26  3 5   1.24 -10.24  25.33  27.35  22.16 276.89   1.50  1.50  4.00  4.00   8.00 
 27  3 5   5.86  -8.50  25.33  27.35  22.16 304.58   1.50  1.50  4.00  4.00   8.00 
 28  3 5   9.13  -4.80  25.33  27.35  22.16 332.27   1.50  1.50  4.00  4.00   8.00 
 29  4 5  12.50   0.00  25.34  28.26  26.25   0.00   1.50  1.50  4.00  4.00   8.00 
 30  4 5  11.55   4.78  25.34  28.26  26.25  22.50   1.50  1.50  4.00  4.00   8.00 
 31  4 5   8.84   8.84  25.34  28.26  26.25  45.00   1.50  1.50  4.00  4.00   8.00 
 32  4 5   4.78  11.55  25.34  28.26  26.25  67.50   1.50  1.50  4.00  4.00   8.00 
 33  4 5   0.00  12.50  25.34  28.26  26.25  89.99   1.50  1.50  4.00  4.00   8.00 
 34  4 5  -4.78  11.55  25.34  28.26  26.25 112.49   1.50  1.50  4.00  4.00   8.00 
 35  4 5  -8.84   8.84  25.34  28.26  26.25 134.99   1.50  1.50  4.00  4.00   8.00 
 36  4 5 -11.54   4.78  25.34  28.26  26.25 157.49   1.50  1.50  4.00  4.00   8.00 
 37  4 5 -12.50   0.00  25.34  28.26  26.25 179.99   1.50  1.50  4.00  4.00   8.00 
 38  4 5 -11.55  -4.78  25.34  28.26  26.25 202.49   1.50  1.50  4.00  4.00   8.00 
 39  4 5  -8.84  -8.83  25.34  28.26  26.25 224.99   1.50  1.50  4.00  4.00   8.00 
 40  4 5  -4.79 -11.54  25.34  28.26  26.25 247.49   1.50  1.50  4.00  4.00   8.00 
 41  4 5  -0.00 -12.50  25.34  28.26  26.25 269.98   1.50  1.50  4.00  4.00   8.00 
 42  4 5   4.78 -11.55  25.34  28.26  26.25 292.48   1.50  1.50  4.00  4.00   8.00 
 43  4 5   8.83  -8.84  25.34  28.26  26.25 314.98   1.50  1.50  4.00  4.00   8.00 
 44  4 5  11.54  -4.79  25.34  28.26  26.25 337.48   1.50  1.50  4.00  4.00   8.00 
 45  5 5  15.28   0.00  26.46  30.55  30.00   0.00   1.50  1.50  4.00  4.00   8.00 
 46  5 5  14.53   4.72  26.46  30.55  30.00  18.00   1.50  1.50  4.00  4.00   8.00 
 47  5 5  12.36   8.98  26.46  30.55  30.00  36.00   1.50  1.50  4.00  4.00   8.00 
 48  5 5   8.98  12.36  26.46  30.55  30.00  54.00   1.50  1.50  4.00  4.00   8.00 
 49  5 5   4.72  14.53  26.46  30.55  30.00  72.00   1.50  1.50  4.00  4.00   8.00 
 50  5 5   0.00  15.28  26.46  30.55  30.00  89.99   1.50  1.50  4.00  4.00   8.00 
 51  5 5  -4.72  14.53  26.46  30.55  30.00 107.99   1.50  1.50  4.00  4.00   8.00 
 52  5 5  -8.98  12.36  26.46  30.55  30.00 125.99   1.50  1.50  4.00  4.00   8.00 
 53  5 5 -12.36   8.98  26.46  30.55  30.00 143.99   1.50  1.50  4.00  4.00   8.00 
 54  5 5 -14.53   4.72  26.46  30.55  30.00 161.99   1.50  1.50  4.00  4.00   8.00 
 55  5 5 -15.28   0.00  26.46  30.55  30.00 179.99   1.50  1.50  4.00  4.00   8.00 
 56  5 5 -14.53  -4.72  26.46  30.55  30.00 197.99   1.50  1.50  4.00  4.00   8.00 
 57  5 5 -12.36  -8.98  26.46  30.55  30.00 215.99   1.50  1.50  4.00  4.00   8.00 
 58  5 5  -8.98 -12.36  26.46  30.55  30.00 233.99   1.50  1.50  4.00  4.00   8.00 
 59  5 5  -4.72 -14.53  26.46  30.55  30.00 251.99   1.50  1.50  4.00  4.00   8.00 
 60  5 5  -0.00 -15.28  26.46  30.55  30.00 269.98   1.50  1.50  4.00  4.00   8.00 
 61  5 5   4.72 -14.53  26.46  30.55  30.00 287.98   1.50  1.50  4.00  4.00   8.00 
 62  5 5   8.98 -12.36  26.46  30.55  30.00 305.98   1.50  1.50  4.00  4.00   8.00 
 63  5 5  12.36  -8.98  26.46  30.55  30.00 323.98   1.50  1.50  4.00  4.00   8.00 
 64  5 5  14.53  -4.73  26.46  30.55  30.00 341.98   1.50  1.50  4.00  4.00   8.00 
 65  6 5  17.38   0.00  26.31  31.53  33.45   0.00   1.50  1.50  4.00  4.00   8.00 
 66  6 5  16.74   4.69  26.31  31.53  33.45  15.65   1.50  1.50  4.00  4.00   8.00 
 67  6 5  14.85   9.03  26.31  31.53  33.45  31.30   1.50  1.50  4.00  4.00   8.00 
 68  6 5  11.86  12.70  26.31  31.53  33.45  46.96   1.50  1.50  4.00  4.00   8.00 
 69  6 5   8.00  15.43  26.31  31.53  33.45  62.61   1.50  1.50  4.00  4.00   8.00 
 70  6 5   3.54  17.02  26.31  31.53  33.45  78.26   1.50  1.50  4.00  4.00   8.00 
 71  6 5  -1.19  17.34  26.31  31.53  33.45  93.91   1.50  1.50  4.00  4.00   8.00 
 72  6 5  -5.82  16.38  26.31  31.53  33.45 109.57   1.50  1.50  4.00  4.00   8.00 
 73  6 5 -10.02  14.20  26.31  31.53  33.45 125.22   1.50  1.50  4.00  4.00   8.00 
 74  6 5 -13.48  10.97  26.31  31.53  33.45 140.87   1.50  1.50  4.00  4.00   8.00 
 75  6 5 -15.94   6.92  26.31  31.53  33.45 156.52   1.50  1.50  4.00  4.00   8.00 
 76  6 5 -17.22   2.37  26.31  31.53  33.45 172.17   1.50  1.50  4.00  4.00   8.00 
 77  6 5 -17.22  -2.37  26.31  31.53  33.45 187.83   1.50  1.50  4.00  4.00   8.00 
 78  6 5 -15.94  -6.92  26.31  31.53  33.45 203.48   1.50  1.50  4.00  4.00   8.00 
 79  6 5 -13.48 -10.97  26.31  31.53  33.45 219.13   1.50  1.50  4.00  4.00   8.00 
 80  6 5 -10.02 -14.20  26.31  31.53  33.45 234.78   1.50  1.50  4.00  4.00   8.00 
 81  6 5  -5.82 -16.38  26.31  31.53  33.45 250.43   1.50  1.50  4.00  4.00   8.00 
 82  6 5  -1.19 -17.34  26.31  31.53  33.45 266.09   1.50  1.50  4.00  4.00   8.00 
 83  6 5   3.54 -17.02  26.31  31.53  33.45 281.74   1.50  1.50  4.00  4.00   8.00 
 84  6 5   8.00 -15.43  26.31  31.53  33.45 297.39   1.50  1.50  4.00  4.00   8.00 
 85  6 5  11.86 -12.70  26.31  31.53  33.45 313.04   1.50  1.50  4.00  4.00   8.00 
 86  6 5  14.85  -9.03  26.31  31.53  33.45 328.70   1.50  1.50  4.00  4.00   8.00 
 87  6 5  16.74  -4.69  26.31  31.53  33.45 344.35   1.50  1.50  4.00  4.00   8.00 
 88  7 5  19.47   0.00  26.08  32.55  36.74   0.00   1.50  1.50  4.00  4.00   8.00 
 89  7 5  18.90   4.66  26.08  32.55  36.74  13.84   1.50  1.50  4.00  4.00   8.00 
 90  7 5  17.24   9.05  26.08  32.55  36.74  27.69   1.50  1.50  4.00  4.00   8.00 
 91  7 5  14.57  12.91  26.08  32.55  36.74  41.53   1.50  1.50  4.00  4.00   8.00 
 92  7 5  11.06  16.02  26.08  32.55  36.74  55.38   1.50  1.50  4.00  4.00   8.00 
 93  7 5   6.91  18.20  26.08  32.55  36.74  69.22   1.50  1.50  4.00  4.00   8.00 
 94  7 5   2.35  19.33  26.08  32.55  36.74  83.06   1.50  1.50  4.00  4.00   8.00 
 95  7 5  -2.34  19.33  26.08  32.55  36.74  96.91   1.50  1.50  4.00  4.00   8.00 
 96  7 5  -6.90  18.20  26.08  32.55  36.74 110.75   1.50  1.50  4.00  4.00   8.00 
 97  7 5 -11.05  16.03  26.08  32.55  36.74 124.60   1.50  1.50  4.00  4.00   8.00 
 98  7 5 -14.57  12.92  26.08  32.55  36.74 138.44   1.50  1.50  4.00  4.00   8.00 
 99  7 5 -17.23   9.05  26.08  32.55  36.74 152.28   1.50  1.50  4.00  4.00   8.00 
100  7 5 -18.90   4.67  26.08  32.55  36.74 166.13   1.50  1.50  4.00  4.00   8.00 
101  7 5 -19.47   0.01  26.08  32.55  36.74 179.97   1.50  1.50  4.00  4.00   8.00 
102  7 5 -18.90  -4.65  26.08  32.55  36.74 193.81   1.50  1.50  4.00  4.00   8.00 
103  7 5 -17.24  -9.04  26.08  32.55  36.74 207.66   1.50  1.50  4.00  4.00   8.00 
104  7 5 -14.58 -12.90  26.08  32.55  36.74 221.50   1.50  1.50  4.00  4.00   8.00 
105  7 5 -11.07 -16.01  26.08  32.55  36.74 235.35   1.50  1.50  4.00  4.00   8.00 
106  7 5  -6.92 -18.20  26.08  32.55  36.74 249.19   1.50  1.50  4.00  4.00   8.00 
107  7 5  -2.36 -19.32  26.08  32.55  36.74 263.03   1.50  1.50  4.00  4.00   8.00 
108  7 5   2.33 -19.33  26.08  32.55  36.74 276.88   1.50  1.50  4.00  4.00   8.00 
109  7 5   6.89 -18.21  26.08  32.55  36.74 290.72   1.50  1.50  4.00  4.00   8.00 
110  7 5  11.05 -16.03  26.08  32.55  36.74 304.57   1.50  1.50  4.00  4.00   8.00 
111  7 5  14.56 -12.92  26.08  32.55  36.74 318.41   1.50  1.50  4.00  4.00   8.00 
112  7 5  17.23  -9.06  26.08  32.55  36.74 332.25   1.50  1.50  4.00  4.00   8.00 
113  7 5  18.90  -4.68  26.08  32.55  36.74 346.10   1.50  1.50  4.00  4.00   8.00  
-1

