  1   1 5 16.00  2.00 -21.75 27.08 0.00  0.00 8.00 8.00 4.00 4.00 1.50 1 1
  2   1 5 16.00  6.00 -21.75 27.66 0.00  0.00 8.00 8.00 4.00 4.00 1.50 1 1
  3   1 5 16.00 10.00 -21.75 28.79 0.00  0.00 8.00 8.00 4.00 4.00 1.50 1 1
  4   1 5 16.00 14.00 -21.75 30.41 0.00  0.00 8.00 8.00 4.00 4.00 1.50 1 1
  5   1 5 16.00 18.00 -21.75 32.45 0.00  0.00 8.00 8.00 4.00 4.00 1.50 1 1
  6   1 5 10.00 16.00 -21.75 28.79 0.00 90.00 8.00 8.00 4.00 4.00 1.50 1 1
  7   1 5  6.00 16.00 -21.75 27.66 0.00 90.00 8.00 8.00 4.00 4.00 1.50 1 1
  8   1 5  2.00 16.00 -21.75 27.08 0.00 90.00 8.00 8.00 4.00 4.00 1.50 1 1
  9   1 5 -2.00 16.00 -21.75 27.08 0.00 90.00 8.00 8.00 4.00 4.00 1.50 1 1
 10   1 5 -6.00 16.00 -21.75 27.66 0.00 90.00 8.00 8.00 4.00 4.00 1.50 1 1
 11   1 5 -10.00 16.00 -21.75 28.79 0.00 90.00 8.00 8.00 4.00 4.00 1.50 1 1
 12   1 5 -16.00 18.00 -21.75 32.45 0.00 180.00 8.00 8.00 4.00 4.00 1.50 1 1
 13   1 5 -16.00 14.00 -21.75 30.41 0.00 180.00 8.00 8.00 4.00 4.00 1.50 1 1
 14   1 5 -16.00 10.00 -21.75 28.79 0.00 180.00 8.00 8.00 4.00 4.00 1.50 1 1
 15   1 5 -16.00  6.00 -21.75 27.66 0.00 180.00 8.00 8.00 4.00 4.00 1.50 1 1
 16   1 5 -16.00  2.00 -21.75 27.08 0.00 180.00 8.00 8.00 4.00 4.00 1.50 1 1
 17   1 5 -16.00 -2.00 -21.75 27.08 0.00 180.00 8.00 8.00 4.00 4.00 1.50 1 1
 18   1 5 -16.00 -6.00 -21.75 27.66 0.00 180.00 8.00 8.00 4.00 4.00 1.50 1 1
 19   1 5 -16.00 -10.00 -21.75 28.79 0.00 180.00 8.00 8.00 4.00 4.00 1.50 1 1
 20   1 5 -16.00 -14.00 -21.75 30.41 0.00 180.00 8.00 8.00 4.00 4.00 1.50 1 1
 21   1 5 -16.00 -18.00 -21.75 32.45 0.00 180.00 8.00 8.00 4.00 4.00 1.50 1 1
 22   1 5 -10.00 -16.00 -21.75 28.79 0.00 270.00 8.00 8.00 4.00 4.00 1.50 1 1
 23   1 5 -6.00 -16.00 -21.75 27.66 0.00 270.00 8.00 8.00 4.00 4.00 1.50 1 1
 24   1 5 -2.00 -16.00 -21.75 27.08 0.00 270.00 8.00 8.00 4.00 4.00 1.50 1 1
 25   1 5  2.00 -16.00 -21.75 27.08 0.00 270.00 8.00 8.00 4.00 4.00 1.50 1 1
 26   1 5  6.00 -16.00 -21.75 27.66 0.00 270.00 8.00 8.00 4.00 4.00 1.50 1 1
 27   1 5 10.00 -16.00 -21.75 28.79 0.00 270.00 8.00 8.00 4.00 4.00 1.50 1 1
 28   1 5 16.00 -18.00 -21.75 32.45 0.00 -0.00 8.00 8.00 4.00 4.00 1.50 1 1
 29   1 5 16.00 -14.00 -21.75 30.41 0.00 -0.00 8.00 8.00 4.00 4.00 1.50 1 1
 30   1 5 16.00 -10.00 -21.75 28.79 0.00 -0.00 8.00 8.00 4.00 4.00 1.50 1 1
 31   1 5 16.00 -6.00 -21.75 27.66 0.00 -0.00 8.00 8.00 4.00 4.00 1.50 1 1
 32   1 5 16.00 -2.00 -21.75 27.08 0.00 -0.00 8.00 8.00 4.00 4.00 1.50 1 1
 33   2 5 16.00  2.00 -20.25 25.89 0.00  0.00 8.00 8.00 4.00 4.00 1.50 1 1
 34   2 5 16.00  6.00 -20.25 26.50 0.00  0.00 8.00 8.00 4.00 4.00 1.50 1 1
 35   2 5 16.00 10.00 -20.25 27.68 0.00  0.00 8.00 8.00 4.00 4.00 1.50 1 1
 36   2 5 16.00 14.00 -20.25 29.36 0.00  0.00 8.00 8.00 4.00 4.00 1.50 1 1
 37   2 5 16.00 18.00 -20.25 31.47 0.00  0.00 8.00 8.00 4.00 4.00 1.50 1 1
 38   2 5 10.00 16.00 -20.25 27.68 0.00 90.00 8.00 8.00 4.00 4.00 1.50 1 1
 39   2 5  6.00 16.00 -20.25 26.50 0.00 90.00 8.00 8.00 4.00 4.00 1.50 1 1
 40   2 5  2.00 16.00 -20.25 25.89 0.00 90.00 8.00 8.00 4.00 4.00 1.50 1 1
 41   2 5 -2.00 16.00 -20.25 25.89 0.00 90.00 8.00 8.00 4.00 4.00 1.50 1 1
 42   2 5 -6.00 16.00 -20.25 26.50 0.00 90.00 8.00 8.00 4.00 4.00 1.50 1 1
 43   2 5 -10.00 16.00 -20.25 27.68 0.00 90.00 8.00 8.00 4.00 4.00 1.50 1 1
 44   2 5 -16.00 18.00 -20.25 31.47 0.00 180.00 8.00 8.00 4.00 4.00 1.50 1 1
 45   2 5 -16.00 14.00 -20.25 29.36 0.00 180.00 8.00 8.00 4.00 4.00 1.50 1 1
 46   2 5 -16.00 10.00 -20.25 27.68 0.00 180.00 8.00 8.00 4.00 4.00 1.50 1 1
 47   2 5 -16.00  6.00 -20.25 26.50 0.00 180.00 8.00 8.00 4.00 4.00 1.50 1 1
 48   2 5 -16.00  2.00 -20.25 25.89 0.00 180.00 8.00 8.00 4.00 4.00 1.50 1 1
 49   2 5 -16.00 -2.00 -20.25 25.89 0.00 180.00 8.00 8.00 4.00 4.00 1.50 1 1
 50   2 5 -16.00 -6.00 -20.25 26.50 0.00 180.00 8.00 8.00 4.00 4.00 1.50 1 1
 51   2 5 -16.00 -10.00 -20.25 27.68 0.00 180.00 8.00 8.00 4.00 4.00 1.50 1 1
 52   2 5 -16.00 -14.00 -20.25 29.36 0.00 180.00 8.00 8.00 4.00 4.00 1.50 1 1
 53   2 5 -16.00 -18.00 -20.25 31.47 0.00 180.00 8.00 8.00 4.00 4.00 1.50 1 1
 54   2 5 -10.00 -16.00 -20.25 27.68 0.00 270.00 8.00 8.00 4.00 4.00 1.50 1 1
 55   2 5 -6.00 -16.00 -20.25 26.50 0.00 270.00 8.00 8.00 4.00 4.00 1.50 1 1
 56   2 5 -2.00 -16.00 -20.25 25.89 0.00 270.00 8.00 8.00 4.00 4.00 1.50 1 1
 57   2 5  2.00 -16.00 -20.25 25.89 0.00 270.00 8.00 8.00 4.00 4.00 1.50 1 1
 58   2 5  6.00 -16.00 -20.25 26.50 0.00 270.00 8.00 8.00 4.00 4.00 1.50 1 1
 59   2 5 10.00 -16.00 -20.25 27.68 0.00 270.00 8.00 8.00 4.00 4.00 1.50 1 1
 60   2 5 16.00 -18.00 -20.25 31.47 0.00 -0.00 8.00 8.00 4.00 4.00 1.50 1 1
 61   2 5 16.00 -14.00 -20.25 29.36 0.00 -0.00 8.00 8.00 4.00 4.00 1.50 1 1
 62   2 5 16.00 -10.00 -20.25 27.68 0.00 -0.00 8.00 8.00 4.00 4.00 1.50 1 1
 63   2 5 16.00 -6.00 -20.25 26.50 0.00 -0.00 8.00 8.00 4.00 4.00 1.50 1 1
 64   2 5 16.00 -2.00 -20.25 25.89 0.00 -0.00 8.00 8.00 4.00 4.00 1.50 1 1
 65   3 5 16.00  2.00 -18.75 24.73 0.00  0.00 8.00 8.00 4.00 4.00 1.50 1 1
 66   3 5 16.00  6.00 -18.75 25.37 0.00  0.00 8.00 8.00 4.00 4.00 1.50 1 1
 67   3 5 16.00 10.00 -18.75 26.60 0.00  0.00 8.00 8.00 4.00 4.00 1.50 1 1
 68   3 5 16.00 14.00 -18.75 28.35 0.00  0.00 8.00 8.00 4.00 4.00 1.50 1 1
 69   3 5 16.00 18.00 -18.75 30.52 0.00  0.00 8.00 8.00 4.00 4.00 1.50 1 1
 70   3 5 10.00 16.00 -18.75 26.60 0.00 90.00 8.00 8.00 4.00 4.00 1.50 1 1
 71   3 5  6.00 16.00 -18.75 25.37 0.00 90.00 8.00 8.00 4.00 4.00 1.50 1 1
 72   3 5  2.00 16.00 -18.75 24.73 0.00 90.00 8.00 8.00 4.00 4.00 1.50 1 1
 73   3 5 -2.00 16.00 -18.75 24.73 0.00 90.00 8.00 8.00 4.00 4.00 1.50 1 1
 74   3 5 -6.00 16.00 -18.75 25.37 0.00 90.00 8.00 8.00 4.00 4.00 1.50 1 1
 75   3 5 -10.00 16.00 -18.75 26.60 0.00 90.00 8.00 8.00 4.00 4.00 1.50 1 1
 76   3 5 -16.00 18.00 -18.75 30.52 0.00 180.00 8.00 8.00 4.00 4.00 1.50 1 1
 77   3 5 -16.00 14.00 -18.75 28.35 0.00 180.00 8.00 8.00 4.00 4.00 1.50 1 1
 78   3 5 -16.00 10.00 -18.75 26.60 0.00 180.00 8.00 8.00 4.00 4.00 1.50 1 1
 79   3 5 -16.00  6.00 -18.75 25.37 0.00 180.00 8.00 8.00 4.00 4.00 1.50 1 1
 80   3 5 -16.00  2.00 -18.75 24.73 0.00 180.00 8.00 8.00 4.00 4.00 1.50 1 1
 81   3 5 -16.00 -2.00 -18.75 24.73 0.00 180.00 8.00 8.00 4.00 4.00 1.50 1 1
 82   3 5 -16.00 -6.00 -18.75 25.37 0.00 180.00 8.00 8.00 4.00 4.00 1.50 1 1
 83   3 5 -16.00 -10.00 -18.75 26.60 0.00 180.00 8.00 8.00 4.00 4.00 1.50 1 1
 84   3 5 -16.00 -14.00 -18.75 28.35 0.00 180.00 8.00 8.00 4.00 4.00 1.50 1 1
 85   3 5 -16.00 -18.00 -18.75 30.52 0.00 180.00 8.00 8.00 4.00 4.00 1.50 1 1
 86   3 5 -10.00 -16.00 -18.75 26.60 0.00 270.00 8.00 8.00 4.00 4.00 1.50 1 1
 87   3 5 -6.00 -16.00 -18.75 25.37 0.00 270.00 8.00 8.00 4.00 4.00 1.50 1 1
 88   3 5 -2.00 -16.00 -18.75 24.73 0.00 270.00 8.00 8.00 4.00 4.00 1.50 1 1
 89   3 5  2.00 -16.00 -18.75 24.73 0.00 270.00 8.00 8.00 4.00 4.00 1.50 1 1
 90   3 5  6.00 -16.00 -18.75 25.37 0.00 270.00 8.00 8.00 4.00 4.00 1.50 1 1
 91   3 5 10.00 -16.00 -18.75 26.60 0.00 270.00 8.00 8.00 4.00 4.00 1.50 1 1
 92   3 5 16.00 -18.00 -18.75 30.52 0.00 -0.00 8.00 8.00 4.00 4.00 1.50 1 1
 93   3 5 16.00 -14.00 -18.75 28.35 0.00 -0.00 8.00 8.00 4.00 4.00 1.50 1 1
 94   3 5 16.00 -10.00 -18.75 26.60 0.00 -0.00 8.00 8.00 4.00 4.00 1.50 1 1
 95   3 5 16.00 -6.00 -18.75 25.37 0.00 -0.00 8.00 8.00 4.00 4.00 1.50 1 1
 96   3 5 16.00 -2.00 -18.75 24.73 0.00 -0.00 8.00 8.00 4.00 4.00 1.50 1 1
 97   4 5 16.00  2.00 -17.25 23.61 0.00  0.00 8.00 8.00 4.00 4.00 1.50 1 1
 98   4 5 16.00  6.00 -17.25 24.28 0.00  0.00 8.00 8.00 4.00 4.00 1.50 1 1
 99   4 5 16.00 10.00 -17.25 25.56 0.00  0.00 8.00 8.00 4.00 4.00 1.50 1 1
100   4 5 16.00 14.00 -17.25 27.38 0.00  0.00 8.00 8.00 4.00 4.00 1.50 1 1
101   4 5 16.00 18.00 -17.25 29.62 0.00  0.00 8.00 8.00 4.00 4.00 1.50 1 1
102   4 5 10.00 16.00 -17.25 25.56 0.00 90.00 8.00 8.00 4.00 4.00 1.50 1 1
103   4 5  6.00 16.00 -17.25 24.28 0.00 90.00 8.00 8.00 4.00 4.00 1.50 1 1
104   4 5  2.00 16.00 -17.25 23.61 0.00 90.00 8.00 8.00 4.00 4.00 1.50 1 1
105   4 5 -2.00 16.00 -17.25 23.61 0.00 90.00 8.00 8.00 4.00 4.00 1.50 1 1
106   4 5 -6.00 16.00 -17.25 24.28 0.00 90.00 8.00 8.00 4.00 4.00 1.50 1 1
107   4 5 -10.00 16.00 -17.25 25.56 0.00 90.00 8.00 8.00 4.00 4.00 1.50 1 1
108   4 5 -16.00 18.00 -17.25 29.62 0.00 180.00 8.00 8.00 4.00 4.00 1.50 1 1
109   4 5 -16.00 14.00 -17.25 27.38 0.00 180.00 8.00 8.00 4.00 4.00 1.50 1 1
110   4 5 -16.00 10.00 -17.25 25.56 0.00 180.00 8.00 8.00 4.00 4.00 1.50 1 1
111   4 5 -16.00  6.00 -17.25 24.28 0.00 180.00 8.00 8.00 4.00 4.00 1.50 1 1
112   4 5 -16.00  2.00 -17.25 23.61 0.00 180.00 8.00 8.00 4.00 4.00 1.50 1 1
113   4 5 -16.00 -2.00 -17.25 23.61 0.00 180.00 8.00 8.00 4.00 4.00 1.50 1 1
114   4 5 -16.00 -6.00 -17.25 24.28 0.00 180.00 8.00 8.00 4.00 4.00 1.50 1 1
115   4 5 -16.00 -10.00 -17.25 25.56 0.00 180.00 8.00 8.00 4.00 4.00 1.50 1 1
116   4 5 -16.00 -14.00 -17.25 27.38 0.00 180.00 8.00 8.00 4.00 4.00 1.50 1 1
117   4 5 -16.00 -18.00 -17.25 29.62 0.00 180.00 8.00 8.00 4.00 4.00 1.50 1 1
118   4 5 -10.00 -16.00 -17.25 25.56 0.00 270.00 8.00 8.00 4.00 4.00 1.50 1 1
119   4 5 -6.00 -16.00 -17.25 24.28 0.00 270.00 8.00 8.00 4.00 4.00 1.50 1 1
120   4 5 -2.00 -16.00 -17.25 23.61 0.00 270.00 8.00 8.00 4.00 4.00 1.50 1 1
121   4 5  2.00 -16.00 -17.25 23.61 0.00 270.00 8.00 8.00 4.00 4.00 1.50 1 1
122   4 5  6.00 -16.00 -17.25 24.28 0.00 270.00 8.00 8.00 4.00 4.00 1.50 1 1
123   4 5 10.00 -16.00 -17.25 25.56 0.00 270.00 8.00 8.00 4.00 4.00 1.50 1 1
124   4 5 16.00 -18.00 -17.25 29.62 0.00 -0.00 8.00 8.00 4.00 4.00 1.50 1 1
125   4 5 16.00 -14.00 -17.25 27.38 0.00 -0.00 8.00 8.00 4.00 4.00 1.50 1 1
126   4 5 16.00 -10.00 -17.25 25.56 0.00 -0.00 8.00 8.00 4.00 4.00 1.50 1 1
127   4 5 16.00 -6.00 -17.25 24.28 0.00 -0.00 8.00 8.00 4.00 4.00 1.50 1 1
128   4 5 16.00 -2.00 -17.25 23.61 0.00 -0.00 8.00 8.00 4.00 4.00 1.50 1 1
129   5 5 16.00  2.00 -15.75 22.54 0.00  0.00 8.00 8.00 4.00 4.00 1.50 1 1
130   5 5 16.00  6.00 -15.75 23.24 0.00  0.00 8.00 8.00 4.00 4.00 1.50 1 1
131   5 5 16.00 10.00 -15.75 24.58 0.00  0.00 8.00 8.00 4.00 4.00 1.50 1 1
132   5 5 16.00 14.00 -15.75 26.46 0.00  0.00 8.00 8.00 4.00 4.00 1.50 1 1
133   5 5 16.00 18.00 -15.75 28.78 0.00  0.00 8.00 8.00 4.00 4.00 1.50 1 1
134   5 5 10.00 16.00 -15.75 24.58 0.00 90.00 8.00 8.00 4.00 4.00 1.50 1 1
135   5 5  6.00 16.00 -15.75 23.24 0.00 90.00 8.00 8.00 4.00 4.00 1.50 1 1
136   5 5  2.00 16.00 -15.75 22.54 0.00 90.00 8.00 8.00 4.00 4.00 1.50 1 1
137   5 5 -2.00 16.00 -15.75 22.54 0.00 90.00 8.00 8.00 4.00 4.00 1.50 1 1
138   5 5 -6.00 16.00 -15.75 23.24 0.00 90.00 8.00 8.00 4.00 4.00 1.50 1 1
139   5 5 -10.00 16.00 -15.75 24.58 0.00 90.00 8.00 8.00 4.00 4.00 1.50 1 1
140   5 5 -16.00 18.00 -15.75 28.78 0.00 180.00 8.00 8.00 4.00 4.00 1.50 1 1
141   5 5 -16.00 14.00 -15.75 26.46 0.00 180.00 8.00 8.00 4.00 4.00 1.50 1 1
142   5 5 -16.00 10.00 -15.75 24.58 0.00 180.00 8.00 8.00 4.00 4.00 1.50 1 1
143   5 5 -16.00  6.00 -15.75 23.24 0.00 180.00 8.00 8.00 4.00 4.00 1.50 1 1
144   5 5 -16.00  2.00 -15.75 22.54 0.00 180.00 8.00 8.00 4.00 4.00 1.50 1 1
145   5 5 -16.00 -2.00 -15.75 22.54 0.00 180.00 8.00 8.00 4.00 4.00 1.50 1 1
146   5 5 -16.00 -6.00 -15.75 23.24 0.00 180.00 8.00 8.00 4.00 4.00 1.50 1 1
147   5 5 -16.00 -10.00 -15.75 24.58 0.00 180.00 8.00 8.00 4.00 4.00 1.50 1 1
148   5 5 -16.00 -14.00 -15.75 26.46 0.00 180.00 8.00 8.00 4.00 4.00 1.50 1 1
149   5 5 -16.00 -18.00 -15.75 28.78 0.00 180.00 8.00 8.00 4.00 4.00 1.50 1 1
150   5 5 -10.00 -16.00 -15.75 24.58 0.00 270.00 8.00 8.00 4.00 4.00 1.50 1 1
151   5 5 -6.00 -16.00 -15.75 23.24 0.00 270.00 8.00 8.00 4.00 4.00 1.50 1 1
152   5 5 -2.00 -16.00 -15.75 22.54 0.00 270.00 8.00 8.00 4.00 4.00 1.50 1 1
153   5 5  2.00 -16.00 -15.75 22.54 0.00 270.00 8.00 8.00 4.00 4.00 1.50 1 1
154   5 5  6.00 -16.00 -15.75 23.24 0.00 270.00 8.00 8.00 4.00 4.00 1.50 1 1
155   5 5 10.00 -16.00 -15.75 24.58 0.00 270.00 8.00 8.00 4.00 4.00 1.50 1 1
156   5 5 16.00 -18.00 -15.75 28.78 0.00 -0.00 8.00 8.00 4.00 4.00 1.50 1 1
157   5 5 16.00 -14.00 -15.75 26.46 0.00 -0.00 8.00 8.00 4.00 4.00 1.50 1 1
158   5 5 16.00 -10.00 -15.75 24.58 0.00 -0.00 8.00 8.00 4.00 4.00 1.50 1 1
159   5 5 16.00 -6.00 -15.75 23.24 0.00 -0.00 8.00 8.00 4.00 4.00 1.50 1 1
160   5 5 16.00 -2.00 -15.75 22.54 0.00 -0.00 8.00 8.00 4.00 4.00 1.50 1 1
161   6 5 16.00  2.00 -14.25 21.52 0.00  0.00 8.00 8.00 4.00 4.00 1.50 1 1
162   6 5 16.00  6.00 -14.25 22.25 0.00  0.00 8.00 8.00 4.00 4.00 1.50 1 1
163   6 5 16.00 10.00 -14.25 23.64 0.00  0.00 8.00 8.00 4.00 4.00 1.50 1 1
164   6 5 16.00 14.00 -14.25 25.59 0.00  0.00 8.00 8.00 4.00 4.00 1.50 1 1
165   6 5 16.00 18.00 -14.25 27.98 0.00  0.00 8.00 8.00 4.00 4.00 1.50 1 1
166   6 5 10.00 16.00 -14.25 23.64 0.00 90.00 8.00 8.00 4.00 4.00 1.50 1 1
167   6 5  6.00 16.00 -14.25 22.25 0.00 90.00 8.00 8.00 4.00 4.00 1.50 1 1
168   6 5  2.00 16.00 -14.25 21.52 0.00 90.00 8.00 8.00 4.00 4.00 1.50 1 1
169   6 5 -2.00 16.00 -14.25 21.52 0.00 90.00 8.00 8.00 4.00 4.00 1.50 1 1
170   6 5 -6.00 16.00 -14.25 22.25 0.00 90.00 8.00 8.00 4.00 4.00 1.50 1 1
171   6 5 -10.00 16.00 -14.25 23.64 0.00 90.00 8.00 8.00 4.00 4.00 1.50 1 1
172   6 5 -16.00 18.00 -14.25 27.98 0.00 180.00 8.00 8.00 4.00 4.00 1.50 1 1
173   6 5 -16.00 14.00 -14.25 25.59 0.00 180.00 8.00 8.00 4.00 4.00 1.50 1 1
174   6 5 -16.00 10.00 -14.25 23.64 0.00 180.00 8.00 8.00 4.00 4.00 1.50 1 1
175   6 5 -16.00  6.00 -14.25 22.25 0.00 180.00 8.00 8.00 4.00 4.00 1.50 1 1
176   6 5 -16.00  2.00 -14.25 21.52 0.00 180.00 8.00 8.00 4.00 4.00 1.50 1 1
177   6 5 -16.00 -2.00 -14.25 21.52 0.00 180.00 8.00 8.00 4.00 4.00 1.50 1 1
178   6 5 -16.00 -6.00 -14.25 22.25 0.00 180.00 8.00 8.00 4.00 4.00 1.50 1 1
179   6 5 -16.00 -10.00 -14.25 23.64 0.00 180.00 8.00 8.00 4.00 4.00 1.50 1 1
180   6 5 -16.00 -14.00 -14.25 25.59 0.00 180.00 8.00 8.00 4.00 4.00 1.50 1 1
181   6 5 -16.00 -18.00 -14.25 27.98 0.00 180.00 8.00 8.00 4.00 4.00 1.50 1 1
182   6 5 -10.00 -16.00 -14.25 23.64 0.00 270.00 8.00 8.00 4.00 4.00 1.50 1 1
183   6 5 -6.00 -16.00 -14.25 22.25 0.00 270.00 8.00 8.00 4.00 4.00 1.50 1 1
184   6 5 -2.00 -16.00 -14.25 21.52 0.00 270.00 8.00 8.00 4.00 4.00 1.50 1 1
185   6 5  2.00 -16.00 -14.25 21.52 0.00 270.00 8.00 8.00 4.00 4.00 1.50 1 1
186   6 5  6.00 -16.00 -14.25 22.25 0.00 270.00 8.00 8.00 4.00 4.00 1.50 1 1
187   6 5 10.00 -16.00 -14.25 23.64 0.00 270.00 8.00 8.00 4.00 4.00 1.50 1 1
188   6 5 16.00 -18.00 -14.25 27.98 0.00 -0.00 8.00 8.00 4.00 4.00 1.50 1 1
189   6 5 16.00 -14.00 -14.25 25.59 0.00 -0.00 8.00 8.00 4.00 4.00 1.50 1 1
190   6 5 16.00 -10.00 -14.25 23.64 0.00 -0.00 8.00 8.00 4.00 4.00 1.50 1 1
191   6 5 16.00 -6.00 -14.25 22.25 0.00 -0.00 8.00 8.00 4.00 4.00 1.50 1 1
192   6 5 16.00 -2.00 -14.25 21.52 0.00 -0.00 8.00 8.00 4.00 4.00 1.50 1 1
193   7 5 16.00  2.00 -12.75 20.56 0.00  0.00 8.00 8.00 4.00 4.00 1.50 1 1
194   7 5 16.00  6.00 -12.75 21.32 0.00  0.00 8.00 8.00 4.00 4.00 1.50 1 1
195   7 5 16.00 10.00 -12.75 22.77 0.00  0.00 8.00 8.00 4.00 4.00 1.50 1 1
196   7 5 16.00 14.00 -12.75 24.79 0.00  0.00 8.00 8.00 4.00 4.00 1.50 1 1
197   7 5 16.00 18.00 -12.75 27.25 0.00  0.00 8.00 8.00 4.00 4.00 1.50 1 1
198   7 5 10.00 16.00 -12.75 22.77 0.00 90.00 8.00 8.00 4.00 4.00 1.50 1 1
199   7 5  6.00 16.00 -12.75 21.32 0.00 90.00 8.00 8.00 4.00 4.00 1.50 1 1
200   7 5  2.00 16.00 -12.75 20.56 0.00 90.00 8.00 8.00 4.00 4.00 1.50 1 1
201   7 5 -2.00 16.00 -12.75 20.56 0.00 90.00 8.00 8.00 4.00 4.00 1.50 1 1
202   7 5 -6.00 16.00 -12.75 21.32 0.00 90.00 8.00 8.00 4.00 4.00 1.50 1 1
203   7 5 -10.00 16.00 -12.75 22.77 0.00 90.00 8.00 8.00 4.00 4.00 1.50 1 1
204   7 5 -16.00 18.00 -12.75 27.25 0.00 180.00 8.00 8.00 4.00 4.00 1.50 1 1
205   7 5 -16.00 14.00 -12.75 24.79 0.00 180.00 8.00 8.00 4.00 4.00 1.50 1 1
206   7 5 -16.00 10.00 -12.75 22.77 0.00 180.00 8.00 8.00 4.00 4.00 1.50 1 1
207   7 5 -16.00  6.00 -12.75 21.32 0.00 180.00 8.00 8.00 4.00 4.00 1.50 1 1
208   7 5 -16.00  2.00 -12.75 20.56 0.00 180.00 8.00 8.00 4.00 4.00 1.50 1 1
209   7 5 -16.00 -2.00 -12.75 20.56 0.00 180.00 8.00 8.00 4.00 4.00 1.50 1 1
210   7 5 -16.00 -6.00 -12.75 21.32 0.00 180.00 8.00 8.00 4.00 4.00 1.50 1 1
211   7 5 -16.00 -10.00 -12.75 22.77 0.00 180.00 8.00 8.00 4.00 4.00 1.50 1 1
212   7 5 -16.00 -14.00 -12.75 24.79 0.00 180.00 8.00 8.00 4.00 4.00 1.50 1 1
213   7 5 -16.00 -18.00 -12.75 27.25 0.00 180.00 8.00 8.00 4.00 4.00 1.50 1 1
214   7 5 -10.00 -16.00 -12.75 22.77 0.00 270.00 8.00 8.00 4.00 4.00 1.50 1 1
215   7 5 -6.00 -16.00 -12.75 21.32 0.00 270.00 8.00 8.00 4.00 4.00 1.50 1 1
216   7 5 -2.00 -16.00 -12.75 20.56 0.00 270.00 8.00 8.00 4.00 4.00 1.50 1 1
217   7 5  2.00 -16.00 -12.75 20.56 0.00 270.00 8.00 8.00 4.00 4.00 1.50 1 1
218   7 5  6.00 -16.00 -12.75 21.32 0.00 270.00 8.00 8.00 4.00 4.00 1.50 1 1
219   7 5 10.00 -16.00 -12.75 22.77 0.00 270.00 8.00 8.00 4.00 4.00 1.50 1 1
220   7 5 16.00 -18.00 -12.75 27.25 0.00 -0.00 8.00 8.00 4.00 4.00 1.50 1 1
221   7 5 16.00 -14.00 -12.75 24.79 0.00 -0.00 8.00 8.00 4.00 4.00 1.50 1 1
222   7 5 16.00 -10.00 -12.75 22.77 0.00 -0.00 8.00 8.00 4.00 4.00 1.50 1 1
223   7 5 16.00 -6.00 -12.75 21.32 0.00 -0.00 8.00 8.00 4.00 4.00 1.50 1 1
224   7 5 16.00 -2.00 -12.75 20.56 0.00 -0.00 8.00 8.00 4.00 4.00 1.50 1 1
225   8 5 16.00  2.00 -11.25 19.66 0.00  0.00 8.00 8.00 4.00 4.00 1.50 1 1
226   8 5 16.00  6.00 -11.25 20.46 0.00  0.00 8.00 8.00 4.00 4.00 1.50 1 1
227   8 5 16.00 10.00 -11.25 21.97 0.00  0.00 8.00 8.00 4.00 4.00 1.50 1 1
228   8 5 16.00 14.00 -11.25 24.05 0.00  0.00 8.00 8.00 4.00 4.00 1.50 1 1
229   8 5 16.00 18.00 -11.25 26.58 0.00  0.00 8.00 8.00 4.00 4.00 1.50 1 1
230   8 5 10.00 16.00 -11.25 21.97 0.00 90.00 8.00 8.00 4.00 4.00 1.50 1 1
231   8 5  6.00 16.00 -11.25 20.46 0.00 90.00 8.00 8.00 4.00 4.00 1.50 1 1
232   8 5  2.00 16.00 -11.25 19.66 0.00 90.00 8.00 8.00 4.00 4.00 1.50 1 1
233   8 5 -2.00 16.00 -11.25 19.66 0.00 90.00 8.00 8.00 4.00 4.00 1.50 1 1
234   8 5 -6.00 16.00 -11.25 20.46 0.00 90.00 8.00 8.00 4.00 4.00 1.50 1 1
235   8 5 -10.00 16.00 -11.25 21.97 0.00 90.00 8.00 8.00 4.00 4.00 1.50 1 1
236   8 5 -16.00 18.00 -11.25 26.58 0.00 180.00 8.00 8.00 4.00 4.00 1.50 1 1
237   8 5 -16.00 14.00 -11.25 24.05 0.00 180.00 8.00 8.00 4.00 4.00 1.50 1 1
238   8 5 -16.00 10.00 -11.25 21.97 0.00 180.00 8.00 8.00 4.00 4.00 1.50 1 1
239   8 5 -16.00  6.00 -11.25 20.46 0.00 180.00 8.00 8.00 4.00 4.00 1.50 1 1
240   8 5 -16.00  2.00 -11.25 19.66 0.00 180.00 8.00 8.00 4.00 4.00 1.50 1 1
241   8 5 -16.00 -2.00 -11.25 19.66 0.00 180.00 8.00 8.00 4.00 4.00 1.50 1 1
242   8 5 -16.00 -6.00 -11.25 20.46 0.00 180.00 8.00 8.00 4.00 4.00 1.50 1 1
243   8 5 -16.00 -10.00 -11.25 21.97 0.00 180.00 8.00 8.00 4.00 4.00 1.50 1 1
244   8 5 -16.00 -14.00 -11.25 24.05 0.00 180.00 8.00 8.00 4.00 4.00 1.50 1 1
245   8 5 -16.00 -18.00 -11.25 26.58 0.00 180.00 8.00 8.00 4.00 4.00 1.50 1 1
246   8 5 -10.00 -16.00 -11.25 21.97 0.00 270.00 8.00 8.00 4.00 4.00 1.50 1 1
247   8 5 -6.00 -16.00 -11.25 20.46 0.00 270.00 8.00 8.00 4.00 4.00 1.50 1 1
248   8 5 -2.00 -16.00 -11.25 19.66 0.00 270.00 8.00 8.00 4.00 4.00 1.50 1 1
249   8 5  2.00 -16.00 -11.25 19.66 0.00 270.00 8.00 8.00 4.00 4.00 1.50 1 1
250   8 5  6.00 -16.00 -11.25 20.46 0.00 270.00 8.00 8.00 4.00 4.00 1.50 1 1
251   8 5 10.00 -16.00 -11.25 21.97 0.00 270.00 8.00 8.00 4.00 4.00 1.50 1 1
252   8 5 16.00 -18.00 -11.25 26.58 0.00 -0.00 8.00 8.00 4.00 4.00 1.50 1 1
253   8 5 16.00 -14.00 -11.25 24.05 0.00 -0.00 8.00 8.00 4.00 4.00 1.50 1 1
254   8 5 16.00 -10.00 -11.25 21.97 0.00 -0.00 8.00 8.00 4.00 4.00 1.50 1 1
255   8 5 16.00 -6.00 -11.25 20.46 0.00 -0.00 8.00 8.00 4.00 4.00 1.50 1 1
256   8 5 16.00 -2.00 -11.25 19.66 0.00 -0.00 8.00 8.00 4.00 4.00 1.50 1 1
257   9 5 16.00  2.00  -9.75 18.84 0.00  0.00 8.00 8.00 4.00 4.00 1.50 1 1
258   9 5 16.00  6.00  -9.75 19.67 0.00  0.00 8.00 8.00 4.00 4.00 1.50 1 1
259   9 5 16.00 10.00  -9.75 21.24 0.00  0.00 8.00 8.00 4.00 4.00 1.50 1 1
260   9 5 16.00 14.00  -9.75 23.39 0.00  0.00 8.00 8.00 4.00 4.00 1.50 1 1
261   9 5 16.00 18.00  -9.75 25.98 0.00  0.00 8.00 8.00 4.00 4.00 1.50 1 1
262   9 5 10.00 16.00  -9.75 21.24 0.00 90.00 8.00 8.00 4.00 4.00 1.50 1 1
263   9 5  6.00 16.00  -9.75 19.67 0.00 90.00 8.00 8.00 4.00 4.00 1.50 1 1
264   9 5  2.00 16.00  -9.75 18.84 0.00 90.00 8.00 8.00 4.00 4.00 1.50 1 1
265   9 5 -2.00 16.00  -9.75 18.84 0.00 90.00 8.00 8.00 4.00 4.00 1.50 1 1
266   9 5 -6.00 16.00  -9.75 19.67 0.00 90.00 8.00 8.00 4.00 4.00 1.50 1 1
267   9 5 -10.00 16.00  -9.75 21.24 0.00 90.00 8.00 8.00 4.00 4.00 1.50 1 1
268   9 5 -16.00 18.00  -9.75 25.98 0.00 180.00 8.00 8.00 4.00 4.00 1.50 1 1
269   9 5 -16.00 14.00  -9.75 23.39 0.00 180.00 8.00 8.00 4.00 4.00 1.50 1 1
270   9 5 -16.00 10.00  -9.75 21.24 0.00 180.00 8.00 8.00 4.00 4.00 1.50 1 1
271   9 5 -16.00  6.00  -9.75 19.67 0.00 180.00 8.00 8.00 4.00 4.00 1.50 1 1
272   9 5 -16.00  2.00  -9.75 18.84 0.00 180.00 8.00 8.00 4.00 4.00 1.50 1 1
273   9 5 -16.00 -2.00  -9.75 18.84 0.00 180.00 8.00 8.00 4.00 4.00 1.50 1 1
274   9 5 -16.00 -6.00  -9.75 19.67 0.00 180.00 8.00 8.00 4.00 4.00 1.50 1 1
275   9 5 -16.00 -10.00  -9.75 21.24 0.00 180.00 8.00 8.00 4.00 4.00 1.50 1 1
276   9 5 -16.00 -14.00  -9.75 23.39 0.00 180.00 8.00 8.00 4.00 4.00 1.50 1 1
277   9 5 -16.00 -18.00  -9.75 25.98 0.00 180.00 8.00 8.00 4.00 4.00 1.50 1 1
278   9 5 -10.00 -16.00  -9.75 21.24 0.00 270.00 8.00 8.00 4.00 4.00 1.50 1 1
279   9 5 -6.00 -16.00  -9.75 19.67 0.00 270.00 8.00 8.00 4.00 4.00 1.50 1 1
280   9 5 -2.00 -16.00  -9.75 18.84 0.00 270.00 8.00 8.00 4.00 4.00 1.50 1 1
281   9 5  2.00 -16.00  -9.75 18.84 0.00 270.00 8.00 8.00 4.00 4.00 1.50 1 1
282   9 5  6.00 -16.00  -9.75 19.67 0.00 270.00 8.00 8.00 4.00 4.00 1.50 1 1
283   9 5 10.00 -16.00  -9.75 21.24 0.00 270.00 8.00 8.00 4.00 4.00 1.50 1 1
284   9 5 16.00 -18.00  -9.75 25.98 0.00 -0.00 8.00 8.00 4.00 4.00 1.50 1 1
285   9 5 16.00 -14.00  -9.75 23.39 0.00 -0.00 8.00 8.00 4.00 4.00 1.50 1 1
286   9 5 16.00 -10.00  -9.75 21.24 0.00 -0.00 8.00 8.00 4.00 4.00 1.50 1 1
287   9 5 16.00 -6.00  -9.75 19.67 0.00 -0.00 8.00 8.00 4.00 4.00 1.50 1 1
288   9 5 16.00 -2.00  -9.75 18.84 0.00 -0.00 8.00 8.00 4.00 4.00 1.50 1 1
289  10 5 16.00  2.00  -8.25 18.11 0.00  0.00 8.00 8.00 4.00 4.00 1.50 1 1
290  10 5 16.00  6.00  -8.25 18.98 0.00  0.00 8.00 8.00 4.00 4.00 1.50 1 1
291  10 5 16.00 10.00  -8.25 20.59 0.00  0.00 8.00 8.00 4.00 4.00 1.50 1 1
292  10 5 16.00 14.00  -8.25 22.80 0.00  0.00 8.00 8.00 4.00 4.00 1.50 1 1
293  10 5 16.00 18.00  -8.25 25.46 0.00  0.00 8.00 8.00 4.00 4.00 1.50 1 1
294  10 5 10.00 16.00  -8.25 20.59 0.00 90.00 8.00 8.00 4.00 4.00 1.50 1 1
295  10 5  6.00 16.00  -8.25 18.98 0.00 90.00 8.00 8.00 4.00 4.00 1.50 1 1
296  10 5  2.00 16.00  -8.25 18.11 0.00 90.00 8.00 8.00 4.00 4.00 1.50 1 1
297  10 5 -2.00 16.00  -8.25 18.11 0.00 90.00 8.00 8.00 4.00 4.00 1.50 1 1
298  10 5 -6.00 16.00  -8.25 18.98 0.00 90.00 8.00 8.00 4.00 4.00 1.50 1 1
299  10 5 -10.00 16.00  -8.25 20.59 0.00 90.00 8.00 8.00 4.00 4.00 1.50 1 1
300  10 5 -16.00 18.00  -8.25 25.46 0.00 180.00 8.00 8.00 4.00 4.00 1.50 1 1
301  10 5 -16.00 14.00  -8.25 22.80 0.00 180.00 8.00 8.00 4.00 4.00 1.50 1 1
302  10 5 -16.00 10.00  -8.25 20.59 0.00 180.00 8.00 8.00 4.00 4.00 1.50 1 1
303  10 5 -16.00  6.00  -8.25 18.98 0.00 180.00 8.00 8.00 4.00 4.00 1.50 1 1
304  10 5 -16.00  2.00  -8.25 18.11 0.00 180.00 8.00 8.00 4.00 4.00 1.50 1 1
305  10 5 -16.00 -2.00  -8.25 18.11 0.00 180.00 8.00 8.00 4.00 4.00 1.50 1 1
306  10 5 -16.00 -6.00  -8.25 18.98 0.00 180.00 8.00 8.00 4.00 4.00 1.50 1 1
307  10 5 -16.00 -10.00  -8.25 20.59 0.00 180.00 8.00 8.00 4.00 4.00 1.50 1 1
308  10 5 -16.00 -14.00  -8.25 22.80 0.00 180.00 8.00 8.00 4.00 4.00 1.50 1 1
309  10 5 -16.00 -18.00  -8.25 25.46 0.00 180.00 8.00 8.00 4.00 4.00 1.50 1 1
310  10 5 -10.00 -16.00  -8.25 20.59 0.00 270.00 8.00 8.00 4.00 4.00 1.50 1 1
311  10 5 -6.00 -16.00  -8.25 18.98 0.00 270.00 8.00 8.00 4.00 4.00 1.50 1 1
312  10 5 -2.00 -16.00  -8.25 18.11 0.00 270.00 8.00 8.00 4.00 4.00 1.50 1 1
313  10 5  2.00 -16.00  -8.25 18.11 0.00 270.00 8.00 8.00 4.00 4.00 1.50 1 1
314  10 5  6.00 -16.00  -8.25 18.98 0.00 270.00 8.00 8.00 4.00 4.00 1.50 1 1
315  10 5 10.00 -16.00  -8.25 20.59 0.00 270.00 8.00 8.00 4.00 4.00 1.50 1 1
316  10 5 16.00 -18.00  -8.25 25.46 0.00 -0.00 8.00 8.00 4.00 4.00 1.50 1 1
317  10 5 16.00 -14.00  -8.25 22.80 0.00 -0.00 8.00 8.00 4.00 4.00 1.50 1 1
318  10 5 16.00 -10.00  -8.25 20.59 0.00 -0.00 8.00 8.00 4.00 4.00 1.50 1 1
319  10 5 16.00 -6.00  -8.25 18.98 0.00 -0.00 8.00 8.00 4.00 4.00 1.50 1 1
320  10 5 16.00 -2.00  -8.25 18.11 0.00 -0.00 8.00 8.00 4.00 4.00 1.50 1 1
321  11 5 16.00  2.00  -6.75 17.48 0.00  0.00 8.00 8.00 4.00 4.00 1.50 1 1
322  11 5 16.00  6.00  -6.75 18.37 0.00  0.00 8.00 8.00 4.00 4.00 1.50 1 1
323  11 5 16.00 10.00  -6.75 20.04 0.00  0.00 8.00 8.00 4.00 4.00 1.50 1 1
324  11 5 16.00 14.00  -6.75 22.31 0.00  0.00 8.00 8.00 4.00 4.00 1.50 1 1
325  11 5 16.00 18.00  -6.75 25.01 0.00  0.00 8.00 8.00 4.00 4.00 1.50 1 1
326  11 5 10.00 16.00  -6.75 20.04 0.00 90.00 8.00 8.00 4.00 4.00 1.50 1 1
327  11 5  6.00 16.00  -6.75 18.37 0.00 90.00 8.00 8.00 4.00 4.00 1.50 1 1
328  11 5  2.00 16.00  -6.75 17.48 0.00 90.00 8.00 8.00 4.00 4.00 1.50 1 1
329  11 5 -2.00 16.00  -6.75 17.48 0.00 90.00 8.00 8.00 4.00 4.00 1.50 1 1
330  11 5 -6.00 16.00  -6.75 18.37 0.00 90.00 8.00 8.00 4.00 4.00 1.50 1 1
331  11 5 -10.00 16.00  -6.75 20.04 0.00 90.00 8.00 8.00 4.00 4.00 1.50 1 1
332  11 5 -16.00 18.00  -6.75 25.01 0.00 180.00 8.00 8.00 4.00 4.00 1.50 1 1
333  11 5 -16.00 14.00  -6.75 22.31 0.00 180.00 8.00 8.00 4.00 4.00 1.50 1 1
334  11 5 -16.00 10.00  -6.75 20.04 0.00 180.00 8.00 8.00 4.00 4.00 1.50 1 1
335  11 5 -16.00  6.00  -6.75 18.37 0.00 180.00 8.00 8.00 4.00 4.00 1.50 1 1
336  11 5 -16.00  2.00  -6.75 17.48 0.00 180.00 8.00 8.00 4.00 4.00 1.50 1 1
337  11 5 -16.00 -2.00  -6.75 17.48 0.00 180.00 8.00 8.00 4.00 4.00 1.50 1 1
338  11 5 -16.00 -6.00  -6.75 18.37 0.00 180.00 8.00 8.00 4.00 4.00 1.50 1 1
339  11 5 -16.00 -10.00  -6.75 20.04 0.00 180.00 8.00 8.00 4.00 4.00 1.50 1 1
340  11 5 -16.00 -14.00  -6.75 22.31 0.00 180.00 8.00 8.00 4.00 4.00 1.50 1 1
341  11 5 -16.00 -18.00  -6.75 25.01 0.00 180.00 8.00 8.00 4.00 4.00 1.50 1 1
342  11 5 -10.00 -16.00  -6.75 20.04 0.00 270.00 8.00 8.00 4.00 4.00 1.50 1 1
343  11 5 -6.00 -16.00  -6.75 18.37 0.00 270.00 8.00 8.00 4.00 4.00 1.50 1 1
344  11 5 -2.00 -16.00  -6.75 17.48 0.00 270.00 8.00 8.00 4.00 4.00 1.50 1 1
345  11 5  2.00 -16.00  -6.75 17.48 0.00 270.00 8.00 8.00 4.00 4.00 1.50 1 1
346  11 5  6.00 -16.00  -6.75 18.37 0.00 270.00 8.00 8.00 4.00 4.00 1.50 1 1
347  11 5 10.00 -16.00  -6.75 20.04 0.00 270.00 8.00 8.00 4.00 4.00 1.50 1 1
348  11 5 16.00 -18.00  -6.75 25.01 0.00 -0.00 8.00 8.00 4.00 4.00 1.50 1 1
349  11 5 16.00 -14.00  -6.75 22.31 0.00 -0.00 8.00 8.00 4.00 4.00 1.50 1 1
350  11 5 16.00 -10.00  -6.75 20.04 0.00 -0.00 8.00 8.00 4.00 4.00 1.50 1 1
351  11 5 16.00 -6.00  -6.75 18.37 0.00 -0.00 8.00 8.00 4.00 4.00 1.50 1 1
352  11 5 16.00 -2.00  -6.75 17.48 0.00 -0.00 8.00 8.00 4.00 4.00 1.50 1 1
353  12 5 16.00  2.00  -5.25 16.96 0.00  0.00 8.00 8.00 4.00 4.00 1.50 1 1
354  12 5 16.00  6.00  -5.25 17.88 0.00  0.00 8.00 8.00 4.00 4.00 1.50 1 1
355  12 5 16.00 10.00  -5.25 19.58 0.00  0.00 8.00 8.00 4.00 4.00 1.50 1 1
356  12 5 16.00 14.00  -5.25 21.90 0.00  0.00 8.00 8.00 4.00 4.00 1.50 1 1
357  12 5 16.00 18.00  -5.25 24.65 0.00  0.00 8.00 8.00 4.00 4.00 1.50 1 1
358  12 5 10.00 16.00  -5.25 19.58 0.00 90.00 8.00 8.00 4.00 4.00 1.50 1 1
359  12 5  6.00 16.00  -5.25 17.88 0.00 90.00 8.00 8.00 4.00 4.00 1.50 1 1
360  12 5  2.00 16.00  -5.25 16.96 0.00 90.00 8.00 8.00 4.00 4.00 1.50 1 1
361  12 5 -2.00 16.00  -5.25 16.96 0.00 90.00 8.00 8.00 4.00 4.00 1.50 1 1
362  12 5 -6.00 16.00  -5.25 17.88 0.00 90.00 8.00 8.00 4.00 4.00 1.50 1 1
363  12 5 -10.00 16.00  -5.25 19.58 0.00 90.00 8.00 8.00 4.00 4.00 1.50 1 1
364  12 5 -16.00 18.00  -5.25 24.65 0.00 180.00 8.00 8.00 4.00 4.00 1.50 1 1
365  12 5 -16.00 14.00  -5.25 21.90 0.00 180.00 8.00 8.00 4.00 4.00 1.50 1 1
366  12 5 -16.00 10.00  -5.25 19.58 0.00 180.00 8.00 8.00 4.00 4.00 1.50 1 1
367  12 5 -16.00  6.00  -5.25 17.88 0.00 180.00 8.00 8.00 4.00 4.00 1.50 1 1
368  12 5 -16.00  2.00  -5.25 16.96 0.00 180.00 8.00 8.00 4.00 4.00 1.50 1 1
369  12 5 -16.00 -2.00  -5.25 16.96 0.00 180.00 8.00 8.00 4.00 4.00 1.50 1 1
370  12 5 -16.00 -6.00  -5.25 17.88 0.00 180.00 8.00 8.00 4.00 4.00 1.50 1 1
371  12 5 -16.00 -10.00  -5.25 19.58 0.00 180.00 8.00 8.00 4.00 4.00 1.50 1 1
372  12 5 -16.00 -14.00  -5.25 21.90 0.00 180.00 8.00 8.00 4.00 4.00 1.50 1 1
373  12 5 -16.00 -18.00  -5.25 24.65 0.00 180.00 8.00 8.00 4.00 4.00 1.50 1 1
374  12 5 -10.00 -16.00  -5.25 19.58 0.00 270.00 8.00 8.00 4.00 4.00 1.50 1 1
375  12 5 -6.00 -16.00  -5.25 17.88 0.00 270.00 8.00 8.00 4.00 4.00 1.50 1 1
376  12 5 -2.00 -16.00  -5.25 16.96 0.00 270.00 8.00 8.00 4.00 4.00 1.50 1 1
377  12 5  2.00 -16.00  -5.25 16.96 0.00 270.00 8.00 8.00 4.00 4.00 1.50 1 1
378  12 5  6.00 -16.00  -5.25 17.88 0.00 270.00 8.00 8.00 4.00 4.00 1.50 1 1
379  12 5 10.00 -16.00  -5.25 19.58 0.00 270.00 8.00 8.00 4.00 4.00 1.50 1 1
380  12 5 16.00 -18.00  -5.25 24.65 0.00 -0.00 8.00 8.00 4.00 4.00 1.50 1 1
381  12 5 16.00 -14.00  -5.25 21.90 0.00 -0.00 8.00 8.00 4.00 4.00 1.50 1 1
382  12 5 16.00 -10.00  -5.25 19.58 0.00 -0.00 8.00 8.00 4.00 4.00 1.50 1 1
383  12 5 16.00 -6.00  -5.25 17.88 0.00 -0.00 8.00 8.00 4.00 4.00 1.50 1 1
384  12 5 16.00 -2.00  -5.25 16.96 0.00 -0.00 8.00 8.00 4.00 4.00 1.50 1 1
385  13 5 16.00  2.00  -3.75 16.55 0.00  0.00 8.00 8.00 4.00 4.00 1.50 1 1
386  13 5 16.00  6.00  -3.75 17.49 0.00  0.00 8.00 8.00 4.00 4.00 1.50 1 1
387  13 5 16.00 10.00  -3.75 19.24 0.00  0.00 8.00 8.00 4.00 4.00 1.50 1 1
388  13 5 16.00 14.00  -3.75 21.59 0.00  0.00 8.00 8.00 4.00 4.00 1.50 1 1
389  13 5 16.00 18.00  -3.75 24.37 0.00  0.00 8.00 8.00 4.00 4.00 1.50 1 1
390  13 5 10.00 16.00  -3.75 19.24 0.00 90.00 8.00 8.00 4.00 4.00 1.50 1 1
391  13 5  6.00 16.00  -3.75 17.49 0.00 90.00 8.00 8.00 4.00 4.00 1.50 1 1
392  13 5  2.00 16.00  -3.75 16.55 0.00 90.00 8.00 8.00 4.00 4.00 1.50 1 1
393  13 5 -2.00 16.00  -3.75 16.55 0.00 90.00 8.00 8.00 4.00 4.00 1.50 1 1
394  13 5 -6.00 16.00  -3.75 17.49 0.00 90.00 8.00 8.00 4.00 4.00 1.50 1 1
395  13 5 -10.00 16.00  -3.75 19.24 0.00 90.00 8.00 8.00 4.00 4.00 1.50 1 1
396  13 5 -16.00 18.00  -3.75 24.37 0.00 180.00 8.00 8.00 4.00 4.00 1.50 1 1
397  13 5 -16.00 14.00  -3.75 21.59 0.00 180.00 8.00 8.00 4.00 4.00 1.50 1 1
398  13 5 -16.00 10.00  -3.75 19.24 0.00 180.00 8.00 8.00 4.00 4.00 1.50 1 1
399  13 5 -16.00  6.00  -3.75 17.49 0.00 180.00 8.00 8.00 4.00 4.00 1.50 1 1
400  13 5 -16.00  2.00  -3.75 16.55 0.00 180.00 8.00 8.00 4.00 4.00 1.50 1 1
401  13 5 -16.00 -2.00  -3.75 16.55 0.00 180.00 8.00 8.00 4.00 4.00 1.50 1 1
402  13 5 -16.00 -6.00  -3.75 17.49 0.00 180.00 8.00 8.00 4.00 4.00 1.50 1 1
403  13 5 -16.00 -10.00  -3.75 19.24 0.00 180.00 8.00 8.00 4.00 4.00 1.50 1 1
404  13 5 -16.00 -14.00  -3.75 21.59 0.00 180.00 8.00 8.00 4.00 4.00 1.50 1 1
405  13 5 -16.00 -18.00  -3.75 24.37 0.00 180.00 8.00 8.00 4.00 4.00 1.50 1 1
406  13 5 -10.00 -16.00  -3.75 19.24 0.00 270.00 8.00 8.00 4.00 4.00 1.50 1 1
407  13 5 -6.00 -16.00  -3.75 17.49 0.00 270.00 8.00 8.00 4.00 4.00 1.50 1 1
408  13 5 -2.00 -16.00  -3.75 16.55 0.00 270.00 8.00 8.00 4.00 4.00 1.50 1 1
409  13 5  2.00 -16.00  -3.75 16.55 0.00 270.00 8.00 8.00 4.00 4.00 1.50 1 1
410  13 5  6.00 -16.00  -3.75 17.49 0.00 270.00 8.00 8.00 4.00 4.00 1.50 1 1
411  13 5 10.00 -16.00  -3.75 19.24 0.00 270.00 8.00 8.00 4.00 4.00 1.50 1 1
412  13 5 16.00 -18.00  -3.75 24.37 0.00 -0.00 8.00 8.00 4.00 4.00 1.50 1 1
413  13 5 16.00 -14.00  -3.75 21.59 0.00 -0.00 8.00 8.00 4.00 4.00 1.50 1 1
414  13 5 16.00 -10.00  -3.75 19.24 0.00 -0.00 8.00 8.00 4.00 4.00 1.50 1 1
415  13 5 16.00 -6.00  -3.75 17.49 0.00 -0.00 8.00 8.00 4.00 4.00 1.50 1 1
416  13 5 16.00 -2.00  -3.75 16.55 0.00 -0.00 8.00 8.00 4.00 4.00 1.50 1 1
417  14 5 16.00  2.00  -2.25 16.28 0.00  0.00 8.00 8.00 4.00 4.00 1.50 1 1
418  14 5 16.00  6.00  -2.25 17.24 0.00  0.00 8.00 8.00 4.00 4.00 1.50 1 1
419  14 5 16.00 10.00  -2.25 19.00 0.00  0.00 8.00 8.00 4.00 4.00 1.50 1 1
420  14 5 16.00 14.00  -2.25 21.38 0.00  0.00 8.00 8.00 4.00 4.00 1.50 1 1
421  14 5 16.00 18.00  -2.25 24.19 0.00  0.00 8.00 8.00 4.00 4.00 1.50 1 1
422  14 5 10.00 16.00  -2.25 19.00 0.00 90.00 8.00 8.00 4.00 4.00 1.50 1 1
423  14 5  6.00 16.00  -2.25 17.24 0.00 90.00 8.00 8.00 4.00 4.00 1.50 1 1
424  14 5  2.00 16.00  -2.25 16.28 0.00 90.00 8.00 8.00 4.00 4.00 1.50 1 1
425  14 5 -2.00 16.00  -2.25 16.28 0.00 90.00 8.00 8.00 4.00 4.00 1.50 1 1
426  14 5 -6.00 16.00  -2.25 17.24 0.00 90.00 8.00 8.00 4.00 4.00 1.50 1 1
427  14 5 -10.00 16.00  -2.25 19.00 0.00 90.00 8.00 8.00 4.00 4.00 1.50 1 1
428  14 5 -16.00 18.00  -2.25 24.19 0.00 180.00 8.00 8.00 4.00 4.00 1.50 1 1
429  14 5 -16.00 14.00  -2.25 21.38 0.00 180.00 8.00 8.00 4.00 4.00 1.50 1 1
430  14 5 -16.00 10.00  -2.25 19.00 0.00 180.00 8.00 8.00 4.00 4.00 1.50 1 1
431  14 5 -16.00  6.00  -2.25 17.24 0.00 180.00 8.00 8.00 4.00 4.00 1.50 1 1
432  14 5 -16.00  2.00  -2.25 16.28 0.00 180.00 8.00 8.00 4.00 4.00 1.50 1 1
433  14 5 -16.00 -2.00  -2.25 16.28 0.00 180.00 8.00 8.00 4.00 4.00 1.50 1 1
434  14 5 -16.00 -6.00  -2.25 17.24 0.00 180.00 8.00 8.00 4.00 4.00 1.50 1 1
435  14 5 -16.00 -10.00  -2.25 19.00 0.00 180.00 8.00 8.00 4.00 4.00 1.50 1 1
436  14 5 -16.00 -14.00  -2.25 21.38 0.00 180.00 8.00 8.00 4.00 4.00 1.50 1 1
437  14 5 -16.00 -18.00  -2.25 24.19 0.00 180.00 8.00 8.00 4.00 4.00 1.50 1 1
438  14 5 -10.00 -16.00  -2.25 19.00 0.00 270.00 8.00 8.00 4.00 4.00 1.50 1 1
439  14 5 -6.00 -16.00  -2.25 17.24 0.00 270.00 8.00 8.00 4.00 4.00 1.50 1 1
440  14 5 -2.00 -16.00  -2.25 16.28 0.00 270.00 8.00 8.00 4.00 4.00 1.50 1 1
441  14 5  2.00 -16.00  -2.25 16.28 0.00 270.00 8.00 8.00 4.00 4.00 1.50 1 1
442  14 5  6.00 -16.00  -2.25 17.24 0.00 270.00 8.00 8.00 4.00 4.00 1.50 1 1
443  14 5 10.00 -16.00  -2.25 19.00 0.00 270.00 8.00 8.00 4.00 4.00 1.50 1 1
444  14 5 16.00 -18.00  -2.25 24.19 0.00 -0.00 8.00 8.00 4.00 4.00 1.50 1 1
445  14 5 16.00 -14.00  -2.25 21.38 0.00 -0.00 8.00 8.00 4.00 4.00 1.50 1 1
446  14 5 16.00 -10.00  -2.25 19.00 0.00 -0.00 8.00 8.00 4.00 4.00 1.50 1 1
447  14 5 16.00 -6.00  -2.25 17.24 0.00 -0.00 8.00 8.00 4.00 4.00 1.50 1 1
448  14 5 16.00 -2.00  -2.25 16.28 0.00 -0.00 8.00 8.00 4.00 4.00 1.50 1 1
449  15 5 16.00  2.00  -0.75 16.14 0.00  0.00 8.00 8.00 4.00 4.00 1.50 1 1
450  15 5 16.00  6.00  -0.75 17.10 0.00  0.00 8.00 8.00 4.00 4.00 1.50 1 1
451  15 5 16.00 10.00  -0.75 18.88 0.00  0.00 8.00 8.00 4.00 4.00 1.50 1 1
452  15 5 16.00 14.00  -0.75 21.27 0.00  0.00 8.00 8.00 4.00 4.00 1.50 1 1
453  15 5 16.00 18.00  -0.75 24.09 0.00  0.00 8.00 8.00 4.00 4.00 1.50 1 1
454  15 5 10.00 16.00  -0.75 18.88 0.00 90.00 8.00 8.00 4.00 4.00 1.50 1 1
455  15 5  6.00 16.00  -0.75 17.10 0.00 90.00 8.00 8.00 4.00 4.00 1.50 1 1
456  15 5  2.00 16.00  -0.75 16.14 0.00 90.00 8.00 8.00 4.00 4.00 1.50 1 1
457  15 5 -2.00 16.00  -0.75 16.14 0.00 90.00 8.00 8.00 4.00 4.00 1.50 1 1
458  15 5 -6.00 16.00  -0.75 17.10 0.00 90.00 8.00 8.00 4.00 4.00 1.50 1 1
459  15 5 -10.00 16.00  -0.75 18.88 0.00 90.00 8.00 8.00 4.00 4.00 1.50 1 1
460  15 5 -16.00 18.00  -0.75 24.09 0.00 180.00 8.00 8.00 4.00 4.00 1.50 1 1
461  15 5 -16.00 14.00  -0.75 21.27 0.00 180.00 8.00 8.00 4.00 4.00 1.50 1 1
462  15 5 -16.00 10.00  -0.75 18.88 0.00 180.00 8.00 8.00 4.00 4.00 1.50 1 1
463  15 5 -16.00  6.00  -0.75 17.10 0.00 180.00 8.00 8.00 4.00 4.00 1.50 1 1
464  15 5 -16.00  2.00  -0.75 16.14 0.00 180.00 8.00 8.00 4.00 4.00 1.50 1 1
465  15 5 -16.00 -2.00  -0.75 16.14 0.00 180.00 8.00 8.00 4.00 4.00 1.50 1 1
466  15 5 -16.00 -6.00  -0.75 17.10 0.00 180.00 8.00 8.00 4.00 4.00 1.50 1 1
467  15 5 -16.00 -10.00  -0.75 18.88 0.00 180.00 8.00 8.00 4.00 4.00 1.50 1 1
468  15 5 -16.00 -14.00  -0.75 21.27 0.00 180.00 8.00 8.00 4.00 4.00 1.50 1 1
469  15 5 -16.00 -18.00  -0.75 24.09 0.00 180.00 8.00 8.00 4.00 4.00 1.50 1 1
470  15 5 -10.00 -16.00  -0.75 18.88 0.00 270.00 8.00 8.00 4.00 4.00 1.50 1 1
471  15 5 -6.00 -16.00  -0.75 17.10 0.00 270.00 8.00 8.00 4.00 4.00 1.50 1 1
472  15 5 -2.00 -16.00  -0.75 16.14 0.00 270.00 8.00 8.00 4.00 4.00 1.50 1 1
473  15 5  2.00 -16.00  -0.75 16.14 0.00 270.00 8.00 8.00 4.00 4.00 1.50 1 1
474  15 5  6.00 -16.00  -0.75 17.10 0.00 270.00 8.00 8.00 4.00 4.00 1.50 1 1
475  15 5 10.00 -16.00  -0.75 18.88 0.00 270.00 8.00 8.00 4.00 4.00 1.50 1 1
476  15 5 16.00 -18.00  -0.75 24.09 0.00 -0.00 8.00 8.00 4.00 4.00 1.50 1 1
477  15 5 16.00 -14.00  -0.75 21.27 0.00 -0.00 8.00 8.00 4.00 4.00 1.50 1 1
478  15 5 16.00 -10.00  -0.75 18.88 0.00 -0.00 8.00 8.00 4.00 4.00 1.50 1 1
479  15 5 16.00 -6.00  -0.75 17.10 0.00 -0.00 8.00 8.00 4.00 4.00 1.50 1 1
480  15 5 16.00 -2.00  -0.75 16.14 0.00 -0.00 8.00 8.00 4.00 4.00 1.50 1 1
481  16 5 16.00  2.00   0.75 16.14 0.00  0.00 8.00 8.00 4.00 4.00 1.50 1 1
482  16 5 16.00  6.00   0.75 17.10 0.00  0.00 8.00 8.00 4.00 4.00 1.50 1 1
483  16 5 16.00 10.00   0.75 18.88 0.00  0.00 8.00 8.00 4.00 4.00 1.50 1 1
484  16 5 16.00 14.00   0.75 21.27 0.00  0.00 8.00 8.00 4.00 4.00 1.50 1 1
485  16 5 16.00 18.00   0.75 24.09 0.00  0.00 8.00 8.00 4.00 4.00 1.50 1 1
486  16 5 10.00 16.00   0.75 18.88 0.00 90.00 8.00 8.00 4.00 4.00 1.50 1 1
487  16 5  6.00 16.00   0.75 17.10 0.00 90.00 8.00 8.00 4.00 4.00 1.50 1 1
488  16 5  2.00 16.00   0.75 16.14 0.00 90.00 8.00 8.00 4.00 4.00 1.50 1 1
489  16 5 -2.00 16.00   0.75 16.14 0.00 90.00 8.00 8.00 4.00 4.00 1.50 1 1
490  16 5 -6.00 16.00   0.75 17.10 0.00 90.00 8.00 8.00 4.00 4.00 1.50 1 1
491  16 5 -10.00 16.00   0.75 18.88 0.00 90.00 8.00 8.00 4.00 4.00 1.50 1 1
492  16 5 -16.00 18.00   0.75 24.09 0.00 180.00 8.00 8.00 4.00 4.00 1.50 1 1
493  16 5 -16.00 14.00   0.75 21.27 0.00 180.00 8.00 8.00 4.00 4.00 1.50 1 1
494  16 5 -16.00 10.00   0.75 18.88 0.00 180.00 8.00 8.00 4.00 4.00 1.50 1 1
495  16 5 -16.00  6.00   0.75 17.10 0.00 180.00 8.00 8.00 4.00 4.00 1.50 1 1
496  16 5 -16.00  2.00   0.75 16.14 0.00 180.00 8.00 8.00 4.00 4.00 1.50 1 1
497  16 5 -16.00 -2.00   0.75 16.14 0.00 180.00 8.00 8.00 4.00 4.00 1.50 1 1
498  16 5 -16.00 -6.00   0.75 17.10 0.00 180.00 8.00 8.00 4.00 4.00 1.50 1 1
499  16 5 -16.00 -10.00   0.75 18.88 0.00 180.00 8.00 8.00 4.00 4.00 1.50 1 1
500  16 5 -16.00 -14.00   0.75 21.27 0.00 180.00 8.00 8.00 4.00 4.00 1.50 1 1
501  16 5 -16.00 -18.00   0.75 24.09 0.00 180.00 8.00 8.00 4.00 4.00 1.50 1 1
502  16 5 -10.00 -16.00   0.75 18.88 0.00 270.00 8.00 8.00 4.00 4.00 1.50 1 1
503  16 5 -6.00 -16.00   0.75 17.10 0.00 270.00 8.00 8.00 4.00 4.00 1.50 1 1
504  16 5 -2.00 -16.00   0.75 16.14 0.00 270.00 8.00 8.00 4.00 4.00 1.50 1 1
505  16 5  2.00 -16.00   0.75 16.14 0.00 270.00 8.00 8.00 4.00 4.00 1.50 1 1
506  16 5  6.00 -16.00   0.75 17.10 0.00 270.00 8.00 8.00 4.00 4.00 1.50 1 1
507  16 5 10.00 -16.00   0.75 18.88 0.00 270.00 8.00 8.00 4.00 4.00 1.50 1 1
508  16 5 16.00 -18.00   0.75 24.09 0.00 -0.00 8.00 8.00 4.00 4.00 1.50 1 1
509  16 5 16.00 -14.00   0.75 21.27 0.00 -0.00 8.00 8.00 4.00 4.00 1.50 1 1
510  16 5 16.00 -10.00   0.75 18.88 0.00 -0.00 8.00 8.00 4.00 4.00 1.50 1 1
511  16 5 16.00 -6.00   0.75 17.10 0.00 -0.00 8.00 8.00 4.00 4.00 1.50 1 1
512  16 5 16.00 -2.00   0.75 16.14 0.00 -0.00 8.00 8.00 4.00 4.00 1.50 1 1
513  17 5 16.00  2.00   2.25 16.28 0.00  0.00 8.00 8.00 4.00 4.00 1.50 1 1
514  17 5 16.00  6.00   2.25 17.24 0.00  0.00 8.00 8.00 4.00 4.00 1.50 1 1
515  17 5 16.00 10.00   2.25 19.00 0.00  0.00 8.00 8.00 4.00 4.00 1.50 1 1
516  17 5 16.00 14.00   2.25 21.38 0.00  0.00 8.00 8.00 4.00 4.00 1.50 1 1
517  17 5 16.00 18.00   2.25 24.19 0.00  0.00 8.00 8.00 4.00 4.00 1.50 1 1
518  17 5 10.00 16.00   2.25 19.00 0.00 90.00 8.00 8.00 4.00 4.00 1.50 1 1
519  17 5  6.00 16.00   2.25 17.24 0.00 90.00 8.00 8.00 4.00 4.00 1.50 1 1
520  17 5  2.00 16.00   2.25 16.28 0.00 90.00 8.00 8.00 4.00 4.00 1.50 1 1
521  17 5 -2.00 16.00   2.25 16.28 0.00 90.00 8.00 8.00 4.00 4.00 1.50 1 1
522  17 5 -6.00 16.00   2.25 17.24 0.00 90.00 8.00 8.00 4.00 4.00 1.50 1 1
523  17 5 -10.00 16.00   2.25 19.00 0.00 90.00 8.00 8.00 4.00 4.00 1.50 1 1
524  17 5 -16.00 18.00   2.25 24.19 0.00 180.00 8.00 8.00 4.00 4.00 1.50 1 1
525  17 5 -16.00 14.00   2.25 21.38 0.00 180.00 8.00 8.00 4.00 4.00 1.50 1 1
526  17 5 -16.00 10.00   2.25 19.00 0.00 180.00 8.00 8.00 4.00 4.00 1.50 1 1
527  17 5 -16.00  6.00   2.25 17.24 0.00 180.00 8.00 8.00 4.00 4.00 1.50 1 1
528  17 5 -16.00  2.00   2.25 16.28 0.00 180.00 8.00 8.00 4.00 4.00 1.50 1 1
529  17 5 -16.00 -2.00   2.25 16.28 0.00 180.00 8.00 8.00 4.00 4.00 1.50 1 1
530  17 5 -16.00 -6.00   2.25 17.24 0.00 180.00 8.00 8.00 4.00 4.00 1.50 1 1
531  17 5 -16.00 -10.00   2.25 19.00 0.00 180.00 8.00 8.00 4.00 4.00 1.50 1 1
532  17 5 -16.00 -14.00   2.25 21.38 0.00 180.00 8.00 8.00 4.00 4.00 1.50 1 1
533  17 5 -16.00 -18.00   2.25 24.19 0.00 180.00 8.00 8.00 4.00 4.00 1.50 1 1
534  17 5 -10.00 -16.00   2.25 19.00 0.00 270.00 8.00 8.00 4.00 4.00 1.50 1 1
535  17 5 -6.00 -16.00   2.25 17.24 0.00 270.00 8.00 8.00 4.00 4.00 1.50 1 1
536  17 5 -2.00 -16.00   2.25 16.28 0.00 270.00 8.00 8.00 4.00 4.00 1.50 1 1
537  17 5  2.00 -16.00   2.25 16.28 0.00 270.00 8.00 8.00 4.00 4.00 1.50 1 1
538  17 5  6.00 -16.00   2.25 17.24 0.00 270.00 8.00 8.00 4.00 4.00 1.50 1 1
539  17 5 10.00 -16.00   2.25 19.00 0.00 270.00 8.00 8.00 4.00 4.00 1.50 1 1
540  17 5 16.00 -18.00   2.25 24.19 0.00 -0.00 8.00 8.00 4.00 4.00 1.50 1 1
541  17 5 16.00 -14.00   2.25 21.38 0.00 -0.00 8.00 8.00 4.00 4.00 1.50 1 1
542  17 5 16.00 -10.00   2.25 19.00 0.00 -0.00 8.00 8.00 4.00 4.00 1.50 1 1
543  17 5 16.00 -6.00   2.25 17.24 0.00 -0.00 8.00 8.00 4.00 4.00 1.50 1 1
544  17 5 16.00 -2.00   2.25 16.28 0.00 -0.00 8.00 8.00 4.00 4.00 1.50 1 1
545  18 5 16.00  2.00   3.75 16.55 0.00  0.00 8.00 8.00 4.00 4.00 1.50 1 1
546  18 5 16.00  6.00   3.75 17.49 0.00  0.00 8.00 8.00 4.00 4.00 1.50 1 1
547  18 5 16.00 10.00   3.75 19.24 0.00  0.00 8.00 8.00 4.00 4.00 1.50 1 1
548  18 5 16.00 14.00   3.75 21.59 0.00  0.00 8.00 8.00 4.00 4.00 1.50 1 1
549  18 5 16.00 18.00   3.75 24.37 0.00  0.00 8.00 8.00 4.00 4.00 1.50 1 1
550  18 5 10.00 16.00   3.75 19.24 0.00 90.00 8.00 8.00 4.00 4.00 1.50 1 1
551  18 5  6.00 16.00   3.75 17.49 0.00 90.00 8.00 8.00 4.00 4.00 1.50 1 1
552  18 5  2.00 16.00   3.75 16.55 0.00 90.00 8.00 8.00 4.00 4.00 1.50 1 1
553  18 5 -2.00 16.00   3.75 16.55 0.00 90.00 8.00 8.00 4.00 4.00 1.50 1 1
554  18 5 -6.00 16.00   3.75 17.49 0.00 90.00 8.00 8.00 4.00 4.00 1.50 1 1
555  18 5 -10.00 16.00   3.75 19.24 0.00 90.00 8.00 8.00 4.00 4.00 1.50 1 1
556  18 5 -16.00 18.00   3.75 24.37 0.00 180.00 8.00 8.00 4.00 4.00 1.50 1 1
557  18 5 -16.00 14.00   3.75 21.59 0.00 180.00 8.00 8.00 4.00 4.00 1.50 1 1
558  18 5 -16.00 10.00   3.75 19.24 0.00 180.00 8.00 8.00 4.00 4.00 1.50 1 1
559  18 5 -16.00  6.00   3.75 17.49 0.00 180.00 8.00 8.00 4.00 4.00 1.50 1 1
560  18 5 -16.00  2.00   3.75 16.55 0.00 180.00 8.00 8.00 4.00 4.00 1.50 1 1
561  18 5 -16.00 -2.00   3.75 16.55 0.00 180.00 8.00 8.00 4.00 4.00 1.50 1 1
562  18 5 -16.00 -6.00   3.75 17.49 0.00 180.00 8.00 8.00 4.00 4.00 1.50 1 1
563  18 5 -16.00 -10.00   3.75 19.24 0.00 180.00 8.00 8.00 4.00 4.00 1.50 1 1
564  18 5 -16.00 -14.00   3.75 21.59 0.00 180.00 8.00 8.00 4.00 4.00 1.50 1 1
565  18 5 -16.00 -18.00   3.75 24.37 0.00 180.00 8.00 8.00 4.00 4.00 1.50 1 1
566  18 5 -10.00 -16.00   3.75 19.24 0.00 270.00 8.00 8.00 4.00 4.00 1.50 1 1
567  18 5 -6.00 -16.00   3.75 17.49 0.00 270.00 8.00 8.00 4.00 4.00 1.50 1 1
568  18 5 -2.00 -16.00   3.75 16.55 0.00 270.00 8.00 8.00 4.00 4.00 1.50 1 1
569  18 5  2.00 -16.00   3.75 16.55 0.00 270.00 8.00 8.00 4.00 4.00 1.50 1 1
570  18 5  6.00 -16.00   3.75 17.49 0.00 270.00 8.00 8.00 4.00 4.00 1.50 1 1
571  18 5 10.00 -16.00   3.75 19.24 0.00 270.00 8.00 8.00 4.00 4.00 1.50 1 1
572  18 5 16.00 -18.00   3.75 24.37 0.00 -0.00 8.00 8.00 4.00 4.00 1.50 1 1
573  18 5 16.00 -14.00   3.75 21.59 0.00 -0.00 8.00 8.00 4.00 4.00 1.50 1 1
574  18 5 16.00 -10.00   3.75 19.24 0.00 -0.00 8.00 8.00 4.00 4.00 1.50 1 1
575  18 5 16.00 -6.00   3.75 17.49 0.00 -0.00 8.00 8.00 4.00 4.00 1.50 1 1
576  18 5 16.00 -2.00   3.75 16.55 0.00 -0.00 8.00 8.00 4.00 4.00 1.50 1 1
577  19 5 16.00  2.00   5.25 16.96 0.00  0.00 8.00 8.00 4.00 4.00 1.50 1 1
578  19 5 16.00  6.00   5.25 17.88 0.00  0.00 8.00 8.00 4.00 4.00 1.50 1 1
579  19 5 16.00 10.00   5.25 19.58 0.00  0.00 8.00 8.00 4.00 4.00 1.50 1 1
580  19 5 16.00 14.00   5.25 21.90 0.00  0.00 8.00 8.00 4.00 4.00 1.50 1 1
581  19 5 16.00 18.00   5.25 24.65 0.00  0.00 8.00 8.00 4.00 4.00 1.50 1 1
582  19 5 10.00 16.00   5.25 19.58 0.00 90.00 8.00 8.00 4.00 4.00 1.50 1 1
583  19 5  6.00 16.00   5.25 17.88 0.00 90.00 8.00 8.00 4.00 4.00 1.50 1 1
584  19 5  2.00 16.00   5.25 16.96 0.00 90.00 8.00 8.00 4.00 4.00 1.50 1 1
585  19 5 -2.00 16.00   5.25 16.96 0.00 90.00 8.00 8.00 4.00 4.00 1.50 1 1
586  19 5 -6.00 16.00   5.25 17.88 0.00 90.00 8.00 8.00 4.00 4.00 1.50 1 1
587  19 5 -10.00 16.00   5.25 19.58 0.00 90.00 8.00 8.00 4.00 4.00 1.50 1 1
588  19 5 -16.00 18.00   5.25 24.65 0.00 180.00 8.00 8.00 4.00 4.00 1.50 1 1
589  19 5 -16.00 14.00   5.25 21.90 0.00 180.00 8.00 8.00 4.00 4.00 1.50 1 1
590  19 5 -16.00 10.00   5.25 19.58 0.00 180.00 8.00 8.00 4.00 4.00 1.50 1 1
591  19 5 -16.00  6.00   5.25 17.88 0.00 180.00 8.00 8.00 4.00 4.00 1.50 1 1
592  19 5 -16.00  2.00   5.25 16.96 0.00 180.00 8.00 8.00 4.00 4.00 1.50 1 1
593  19 5 -16.00 -2.00   5.25 16.96 0.00 180.00 8.00 8.00 4.00 4.00 1.50 1 1
594  19 5 -16.00 -6.00   5.25 17.88 0.00 180.00 8.00 8.00 4.00 4.00 1.50 1 1
595  19 5 -16.00 -10.00   5.25 19.58 0.00 180.00 8.00 8.00 4.00 4.00 1.50 1 1
596  19 5 -16.00 -14.00   5.25 21.90 0.00 180.00 8.00 8.00 4.00 4.00 1.50 1 1
597  19 5 -16.00 -18.00   5.25 24.65 0.00 180.00 8.00 8.00 4.00 4.00 1.50 1 1
598  19 5 -10.00 -16.00   5.25 19.58 0.00 270.00 8.00 8.00 4.00 4.00 1.50 1 1
599  19 5 -6.00 -16.00   5.25 17.88 0.00 270.00 8.00 8.00 4.00 4.00 1.50 1 1
600  19 5 -2.00 -16.00   5.25 16.96 0.00 270.00 8.00 8.00 4.00 4.00 1.50 1 1
601  19 5  2.00 -16.00   5.25 16.96 0.00 270.00 8.00 8.00 4.00 4.00 1.50 1 1
602  19 5  6.00 -16.00   5.25 17.88 0.00 270.00 8.00 8.00 4.00 4.00 1.50 1 1
603  19 5 10.00 -16.00   5.25 19.58 0.00 270.00 8.00 8.00 4.00 4.00 1.50 1 1
604  19 5 16.00 -18.00   5.25 24.65 0.00 -0.00 8.00 8.00 4.00 4.00 1.50 1 1
605  19 5 16.00 -14.00   5.25 21.90 0.00 -0.00 8.00 8.00 4.00 4.00 1.50 1 1
606  19 5 16.00 -10.00   5.25 19.58 0.00 -0.00 8.00 8.00 4.00 4.00 1.50 1 1
607  19 5 16.00 -6.00   5.25 17.88 0.00 -0.00 8.00 8.00 4.00 4.00 1.50 1 1
608  19 5 16.00 -2.00   5.25 16.96 0.00 -0.00 8.00 8.00 4.00 4.00 1.50 1 1
609  20 5 16.00  2.00   6.75 17.48 0.00  0.00 8.00 8.00 4.00 4.00 1.50 1 1
610  20 5 16.00  6.00   6.75 18.37 0.00  0.00 8.00 8.00 4.00 4.00 1.50 1 1
611  20 5 16.00 10.00   6.75 20.04 0.00  0.00 8.00 8.00 4.00 4.00 1.50 1 1
612  20 5 16.00 14.00   6.75 22.31 0.00  0.00 8.00 8.00 4.00 4.00 1.50 1 1
613  20 5 16.00 18.00   6.75 25.01 0.00  0.00 8.00 8.00 4.00 4.00 1.50 1 1
614  20 5 10.00 16.00   6.75 20.04 0.00 90.00 8.00 8.00 4.00 4.00 1.50 1 1
615  20 5  6.00 16.00   6.75 18.37 0.00 90.00 8.00 8.00 4.00 4.00 1.50 1 1
616  20 5  2.00 16.00   6.75 17.48 0.00 90.00 8.00 8.00 4.00 4.00 1.50 1 1
617  20 5 -2.00 16.00   6.75 17.48 0.00 90.00 8.00 8.00 4.00 4.00 1.50 1 1
618  20 5 -6.00 16.00   6.75 18.37 0.00 90.00 8.00 8.00 4.00 4.00 1.50 1 1
619  20 5 -10.00 16.00   6.75 20.04 0.00 90.00 8.00 8.00 4.00 4.00 1.50 1 1
620  20 5 -16.00 18.00   6.75 25.01 0.00 180.00 8.00 8.00 4.00 4.00 1.50 1 1
621  20 5 -16.00 14.00   6.75 22.31 0.00 180.00 8.00 8.00 4.00 4.00 1.50 1 1
622  20 5 -16.00 10.00   6.75 20.04 0.00 180.00 8.00 8.00 4.00 4.00 1.50 1 1
623  20 5 -16.00  6.00   6.75 18.37 0.00 180.00 8.00 8.00 4.00 4.00 1.50 1 1
624  20 5 -16.00  2.00   6.75 17.48 0.00 180.00 8.00 8.00 4.00 4.00 1.50 1 1
625  20 5 -16.00 -2.00   6.75 17.48 0.00 180.00 8.00 8.00 4.00 4.00 1.50 1 1
626  20 5 -16.00 -6.00   6.75 18.37 0.00 180.00 8.00 8.00 4.00 4.00 1.50 1 1
627  20 5 -16.00 -10.00   6.75 20.04 0.00 180.00 8.00 8.00 4.00 4.00 1.50 1 1
628  20 5 -16.00 -14.00   6.75 22.31 0.00 180.00 8.00 8.00 4.00 4.00 1.50 1 1
629  20 5 -16.00 -18.00   6.75 25.01 0.00 180.00 8.00 8.00 4.00 4.00 1.50 1 1
630  20 5 -10.00 -16.00   6.75 20.04 0.00 270.00 8.00 8.00 4.00 4.00 1.50 1 1
631  20 5 -6.00 -16.00   6.75 18.37 0.00 270.00 8.00 8.00 4.00 4.00 1.50 1 1
632  20 5 -2.00 -16.00   6.75 17.48 0.00 270.00 8.00 8.00 4.00 4.00 1.50 1 1
633  20 5  2.00 -16.00   6.75 17.48 0.00 270.00 8.00 8.00 4.00 4.00 1.50 1 1
634  20 5  6.00 -16.00   6.75 18.37 0.00 270.00 8.00 8.00 4.00 4.00 1.50 1 1
635  20 5 10.00 -16.00   6.75 20.04 0.00 270.00 8.00 8.00 4.00 4.00 1.50 1 1
636  20 5 16.00 -18.00   6.75 25.01 0.00 -0.00 8.00 8.00 4.00 4.00 1.50 1 1
637  20 5 16.00 -14.00   6.75 22.31 0.00 -0.00 8.00 8.00 4.00 4.00 1.50 1 1
638  20 5 16.00 -10.00   6.75 20.04 0.00 -0.00 8.00 8.00 4.00 4.00 1.50 1 1
639  20 5 16.00 -6.00   6.75 18.37 0.00 -0.00 8.00 8.00 4.00 4.00 1.50 1 1
640  20 5 16.00 -2.00   6.75 17.48 0.00 -0.00 8.00 8.00 4.00 4.00 1.50 1 1
641  21 5 16.00  2.00   8.25 18.11 0.00  0.00 8.00 8.00 4.00 4.00 1.50 1 1
642  21 5 16.00  6.00   8.25 18.98 0.00  0.00 8.00 8.00 4.00 4.00 1.50 1 1
643  21 5 16.00 10.00   8.25 20.59 0.00  0.00 8.00 8.00 4.00 4.00 1.50 1 1
644  21 5 16.00 14.00   8.25 22.80 0.00  0.00 8.00 8.00 4.00 4.00 1.50 1 1
645  21 5 16.00 18.00   8.25 25.46 0.00  0.00 8.00 8.00 4.00 4.00 1.50 1 1
646  21 5 10.00 16.00   8.25 20.59 0.00 90.00 8.00 8.00 4.00 4.00 1.50 1 1
647  21 5  6.00 16.00   8.25 18.98 0.00 90.00 8.00 8.00 4.00 4.00 1.50 1 1
648  21 5  2.00 16.00   8.25 18.11 0.00 90.00 8.00 8.00 4.00 4.00 1.50 1 1
649  21 5 -2.00 16.00   8.25 18.11 0.00 90.00 8.00 8.00 4.00 4.00 1.50 1 1
650  21 5 -6.00 16.00   8.25 18.98 0.00 90.00 8.00 8.00 4.00 4.00 1.50 1 1
651  21 5 -10.00 16.00   8.25 20.59 0.00 90.00 8.00 8.00 4.00 4.00 1.50 1 1
652  21 5 -16.00 18.00   8.25 25.46 0.00 180.00 8.00 8.00 4.00 4.00 1.50 1 1
653  21 5 -16.00 14.00   8.25 22.80 0.00 180.00 8.00 8.00 4.00 4.00 1.50 1 1
654  21 5 -16.00 10.00   8.25 20.59 0.00 180.00 8.00 8.00 4.00 4.00 1.50 1 1
655  21 5 -16.00  6.00   8.25 18.98 0.00 180.00 8.00 8.00 4.00 4.00 1.50 1 1
656  21 5 -16.00  2.00   8.25 18.11 0.00 180.00 8.00 8.00 4.00 4.00 1.50 1 1
657  21 5 -16.00 -2.00   8.25 18.11 0.00 180.00 8.00 8.00 4.00 4.00 1.50 1 1
658  21 5 -16.00 -6.00   8.25 18.98 0.00 180.00 8.00 8.00 4.00 4.00 1.50 1 1
659  21 5 -16.00 -10.00   8.25 20.59 0.00 180.00 8.00 8.00 4.00 4.00 1.50 1 1
660  21 5 -16.00 -14.00   8.25 22.80 0.00 180.00 8.00 8.00 4.00 4.00 1.50 1 1
661  21 5 -16.00 -18.00   8.25 25.46 0.00 180.00 8.00 8.00 4.00 4.00 1.50 1 1
662  21 5 -10.00 -16.00   8.25 20.59 0.00 270.00 8.00 8.00 4.00 4.00 1.50 1 1
663  21 5 -6.00 -16.00   8.25 18.98 0.00 270.00 8.00 8.00 4.00 4.00 1.50 1 1
664  21 5 -2.00 -16.00   8.25 18.11 0.00 270.00 8.00 8.00 4.00 4.00 1.50 1 1
665  21 5  2.00 -16.00   8.25 18.11 0.00 270.00 8.00 8.00 4.00 4.00 1.50 1 1
666  21 5  6.00 -16.00   8.25 18.98 0.00 270.00 8.00 8.00 4.00 4.00 1.50 1 1
667  21 5 10.00 -16.00   8.25 20.59 0.00 270.00 8.00 8.00 4.00 4.00 1.50 1 1
668  21 5 16.00 -18.00   8.25 25.46 0.00 -0.00 8.00 8.00 4.00 4.00 1.50 1 1
669  21 5 16.00 -14.00   8.25 22.80 0.00 -0.00 8.00 8.00 4.00 4.00 1.50 1 1
670  21 5 16.00 -10.00   8.25 20.59 0.00 -0.00 8.00 8.00 4.00 4.00 1.50 1 1
671  21 5 16.00 -6.00   8.25 18.98 0.00 -0.00 8.00 8.00 4.00 4.00 1.50 1 1
672  21 5 16.00 -2.00   8.25 18.11 0.00 -0.00 8.00 8.00 4.00 4.00 1.50 1 1
673  22 5 16.00  2.00   9.75 18.84 0.00  0.00 8.00 8.00 4.00 4.00 1.50 1 1
674  22 5 16.00  6.00   9.75 19.67 0.00  0.00 8.00 8.00 4.00 4.00 1.50 1 1
675  22 5 16.00 10.00   9.75 21.24 0.00  0.00 8.00 8.00 4.00 4.00 1.50 1 1
676  22 5 16.00 14.00   9.75 23.39 0.00  0.00 8.00 8.00 4.00 4.00 1.50 1 1
677  22 5 16.00 18.00   9.75 25.98 0.00  0.00 8.00 8.00 4.00 4.00 1.50 1 1
678  22 5 10.00 16.00   9.75 21.24 0.00 90.00 8.00 8.00 4.00 4.00 1.50 1 1
679  22 5  6.00 16.00   9.75 19.67 0.00 90.00 8.00 8.00 4.00 4.00 1.50 1 1
680  22 5  2.00 16.00   9.75 18.84 0.00 90.00 8.00 8.00 4.00 4.00 1.50 1 1
681  22 5 -2.00 16.00   9.75 18.84 0.00 90.00 8.00 8.00 4.00 4.00 1.50 1 1
682  22 5 -6.00 16.00   9.75 19.67 0.00 90.00 8.00 8.00 4.00 4.00 1.50 1 1
683  22 5 -10.00 16.00   9.75 21.24 0.00 90.00 8.00 8.00 4.00 4.00 1.50 1 1
684  22 5 -16.00 18.00   9.75 25.98 0.00 180.00 8.00 8.00 4.00 4.00 1.50 1 1
685  22 5 -16.00 14.00   9.75 23.39 0.00 180.00 8.00 8.00 4.00 4.00 1.50 1 1
686  22 5 -16.00 10.00   9.75 21.24 0.00 180.00 8.00 8.00 4.00 4.00 1.50 1 1
687  22 5 -16.00  6.00   9.75 19.67 0.00 180.00 8.00 8.00 4.00 4.00 1.50 1 1
688  22 5 -16.00  2.00   9.75 18.84 0.00 180.00 8.00 8.00 4.00 4.00 1.50 1 1
689  22 5 -16.00 -2.00   9.75 18.84 0.00 180.00 8.00 8.00 4.00 4.00 1.50 1 1
690  22 5 -16.00 -6.00   9.75 19.67 0.00 180.00 8.00 8.00 4.00 4.00 1.50 1 1
691  22 5 -16.00 -10.00   9.75 21.24 0.00 180.00 8.00 8.00 4.00 4.00 1.50 1 1
692  22 5 -16.00 -14.00   9.75 23.39 0.00 180.00 8.00 8.00 4.00 4.00 1.50 1 1
693  22 5 -16.00 -18.00   9.75 25.98 0.00 180.00 8.00 8.00 4.00 4.00 1.50 1 1
694  22 5 -10.00 -16.00   9.75 21.24 0.00 270.00 8.00 8.00 4.00 4.00 1.50 1 1
695  22 5 -6.00 -16.00   9.75 19.67 0.00 270.00 8.00 8.00 4.00 4.00 1.50 1 1
696  22 5 -2.00 -16.00   9.75 18.84 0.00 270.00 8.00 8.00 4.00 4.00 1.50 1 1
697  22 5  2.00 -16.00   9.75 18.84 0.00 270.00 8.00 8.00 4.00 4.00 1.50 1 1
698  22 5  6.00 -16.00   9.75 19.67 0.00 270.00 8.00 8.00 4.00 4.00 1.50 1 1
699  22 5 10.00 -16.00   9.75 21.24 0.00 270.00 8.00 8.00 4.00 4.00 1.50 1 1
700  22 5 16.00 -18.00   9.75 25.98 0.00 -0.00 8.00 8.00 4.00 4.00 1.50 1 1
701  22 5 16.00 -14.00   9.75 23.39 0.00 -0.00 8.00 8.00 4.00 4.00 1.50 1 1
702  22 5 16.00 -10.00   9.75 21.24 0.00 -0.00 8.00 8.00 4.00 4.00 1.50 1 1
703  22 5 16.00 -6.00   9.75 19.67 0.00 -0.00 8.00 8.00 4.00 4.00 1.50 1 1
704  22 5 16.00 -2.00   9.75 18.84 0.00 -0.00 8.00 8.00 4.00 4.00 1.50 1 1
705  23 5 16.00  2.00  11.25 19.66 0.00  0.00 8.00 8.00 4.00 4.00 1.50 1 1
706  23 5 16.00  6.00  11.25 20.46 0.00  0.00 8.00 8.00 4.00 4.00 1.50 1 1
707  23 5 16.00 10.00  11.25 21.97 0.00  0.00 8.00 8.00 4.00 4.00 1.50 1 1
708  23 5 16.00 14.00  11.25 24.05 0.00  0.00 8.00 8.00 4.00 4.00 1.50 1 1
709  23 5 16.00 18.00  11.25 26.58 0.00  0.00 8.00 8.00 4.00 4.00 1.50 1 1
710  23 5 10.00 16.00  11.25 21.97 0.00 90.00 8.00 8.00 4.00 4.00 1.50 1 1
711  23 5  6.00 16.00  11.25 20.46 0.00 90.00 8.00 8.00 4.00 4.00 1.50 1 1
712  23 5  2.00 16.00  11.25 19.66 0.00 90.00 8.00 8.00 4.00 4.00 1.50 1 1
713  23 5 -2.00 16.00  11.25 19.66 0.00 90.00 8.00 8.00 4.00 4.00 1.50 1 1
714  23 5 -6.00 16.00  11.25 20.46 0.00 90.00 8.00 8.00 4.00 4.00 1.50 1 1
715  23 5 -10.00 16.00  11.25 21.97 0.00 90.00 8.00 8.00 4.00 4.00 1.50 1 1
716  23 5 -16.00 18.00  11.25 26.58 0.00 180.00 8.00 8.00 4.00 4.00 1.50 1 1
717  23 5 -16.00 14.00  11.25 24.05 0.00 180.00 8.00 8.00 4.00 4.00 1.50 1 1
718  23 5 -16.00 10.00  11.25 21.97 0.00 180.00 8.00 8.00 4.00 4.00 1.50 1 1
719  23 5 -16.00  6.00  11.25 20.46 0.00 180.00 8.00 8.00 4.00 4.00 1.50 1 1
720  23 5 -16.00  2.00  11.25 19.66 0.00 180.00 8.00 8.00 4.00 4.00 1.50 1 1
721  23 5 -16.00 -2.00  11.25 19.66 0.00 180.00 8.00 8.00 4.00 4.00 1.50 1 1
722  23 5 -16.00 -6.00  11.25 20.46 0.00 180.00 8.00 8.00 4.00 4.00 1.50 1 1
723  23 5 -16.00 -10.00  11.25 21.97 0.00 180.00 8.00 8.00 4.00 4.00 1.50 1 1
724  23 5 -16.00 -14.00  11.25 24.05 0.00 180.00 8.00 8.00 4.00 4.00 1.50 1 1
725  23 5 -16.00 -18.00  11.25 26.58 0.00 180.00 8.00 8.00 4.00 4.00 1.50 1 1
726  23 5 -10.00 -16.00  11.25 21.97 0.00 270.00 8.00 8.00 4.00 4.00 1.50 1 1
727  23 5 -6.00 -16.00  11.25 20.46 0.00 270.00 8.00 8.00 4.00 4.00 1.50 1 1
728  23 5 -2.00 -16.00  11.25 19.66 0.00 270.00 8.00 8.00 4.00 4.00 1.50 1 1
729  23 5  2.00 -16.00  11.25 19.66 0.00 270.00 8.00 8.00 4.00 4.00 1.50 1 1
730  23 5  6.00 -16.00  11.25 20.46 0.00 270.00 8.00 8.00 4.00 4.00 1.50 1 1
731  23 5 10.00 -16.00  11.25 21.97 0.00 270.00 8.00 8.00 4.00 4.00 1.50 1 1
732  23 5 16.00 -18.00  11.25 26.58 0.00 -0.00 8.00 8.00 4.00 4.00 1.50 1 1
733  23 5 16.00 -14.00  11.25 24.05 0.00 -0.00 8.00 8.00 4.00 4.00 1.50 1 1
734  23 5 16.00 -10.00  11.25 21.97 0.00 -0.00 8.00 8.00 4.00 4.00 1.50 1 1
735  23 5 16.00 -6.00  11.25 20.46 0.00 -0.00 8.00 8.00 4.00 4.00 1.50 1 1
736  23 5 16.00 -2.00  11.25 19.66 0.00 -0.00 8.00 8.00 4.00 4.00 1.50 1 1
737  24 5 16.00  2.00  12.75 20.56 0.00  0.00 8.00 8.00 4.00 4.00 1.50 1 1
738  24 5 16.00  6.00  12.75 21.32 0.00  0.00 8.00 8.00 4.00 4.00 1.50 1 1
739  24 5 16.00 10.00  12.75 22.77 0.00  0.00 8.00 8.00 4.00 4.00 1.50 1 1
740  24 5 16.00 14.00  12.75 24.79 0.00  0.00 8.00 8.00 4.00 4.00 1.50 1 1
741  24 5 16.00 18.00  12.75 27.25 0.00  0.00 8.00 8.00 4.00 4.00 1.50 1 1
742  24 5 10.00 16.00  12.75 22.77 0.00 90.00 8.00 8.00 4.00 4.00 1.50 1 1
743  24 5  6.00 16.00  12.75 21.32 0.00 90.00 8.00 8.00 4.00 4.00 1.50 1 1
744  24 5  2.00 16.00  12.75 20.56 0.00 90.00 8.00 8.00 4.00 4.00 1.50 1 1
745  24 5 -2.00 16.00  12.75 20.56 0.00 90.00 8.00 8.00 4.00 4.00 1.50 1 1
746  24 5 -6.00 16.00  12.75 21.32 0.00 90.00 8.00 8.00 4.00 4.00 1.50 1 1
747  24 5 -10.00 16.00  12.75 22.77 0.00 90.00 8.00 8.00 4.00 4.00 1.50 1 1
748  24 5 -16.00 18.00  12.75 27.25 0.00 180.00 8.00 8.00 4.00 4.00 1.50 1 1
749  24 5 -16.00 14.00  12.75 24.79 0.00 180.00 8.00 8.00 4.00 4.00 1.50 1 1
750  24 5 -16.00 10.00  12.75 22.77 0.00 180.00 8.00 8.00 4.00 4.00 1.50 1 1
751  24 5 -16.00  6.00  12.75 21.32 0.00 180.00 8.00 8.00 4.00 4.00 1.50 1 1
752  24 5 -16.00  2.00  12.75 20.56 0.00 180.00 8.00 8.00 4.00 4.00 1.50 1 1
753  24 5 -16.00 -2.00  12.75 20.56 0.00 180.00 8.00 8.00 4.00 4.00 1.50 1 1
754  24 5 -16.00 -6.00  12.75 21.32 0.00 180.00 8.00 8.00 4.00 4.00 1.50 1 1
755  24 5 -16.00 -10.00  12.75 22.77 0.00 180.00 8.00 8.00 4.00 4.00 1.50 1 1
756  24 5 -16.00 -14.00  12.75 24.79 0.00 180.00 8.00 8.00 4.00 4.00 1.50 1 1
757  24 5 -16.00 -18.00  12.75 27.25 0.00 180.00 8.00 8.00 4.00 4.00 1.50 1 1
758  24 5 -10.00 -16.00  12.75 22.77 0.00 270.00 8.00 8.00 4.00 4.00 1.50 1 1
759  24 5 -6.00 -16.00  12.75 21.32 0.00 270.00 8.00 8.00 4.00 4.00 1.50 1 1
760  24 5 -2.00 -16.00  12.75 20.56 0.00 270.00 8.00 8.00 4.00 4.00 1.50 1 1
761  24 5  2.00 -16.00  12.75 20.56 0.00 270.00 8.00 8.00 4.00 4.00 1.50 1 1
762  24 5  6.00 -16.00  12.75 21.32 0.00 270.00 8.00 8.00 4.00 4.00 1.50 1 1
763  24 5 10.00 -16.00  12.75 22.77 0.00 270.00 8.00 8.00 4.00 4.00 1.50 1 1
764  24 5 16.00 -18.00  12.75 27.25 0.00 -0.00 8.00 8.00 4.00 4.00 1.50 1 1
765  24 5 16.00 -14.00  12.75 24.79 0.00 -0.00 8.00 8.00 4.00 4.00 1.50 1 1
766  24 5 16.00 -10.00  12.75 22.77 0.00 -0.00 8.00 8.00 4.00 4.00 1.50 1 1
767  24 5 16.00 -6.00  12.75 21.32 0.00 -0.00 8.00 8.00 4.00 4.00 1.50 1 1
768  24 5 16.00 -2.00  12.75 20.56 0.00 -0.00 8.00 8.00 4.00 4.00 1.50 1 1
769  25 5 16.00  2.00  14.25 21.52 0.00  0.00 8.00 8.00 4.00 4.00 1.50 1 1
770  25 5 16.00  6.00  14.25 22.25 0.00  0.00 8.00 8.00 4.00 4.00 1.50 1 1
771  25 5 16.00 10.00  14.25 23.64 0.00  0.00 8.00 8.00 4.00 4.00 1.50 1 1
772  25 5 16.00 14.00  14.25 25.59 0.00  0.00 8.00 8.00 4.00 4.00 1.50 1 1
773  25 5 16.00 18.00  14.25 27.98 0.00  0.00 8.00 8.00 4.00 4.00 1.50 1 1
774  25 5 10.00 16.00  14.25 23.64 0.00 90.00 8.00 8.00 4.00 4.00 1.50 1 1
775  25 5  6.00 16.00  14.25 22.25 0.00 90.00 8.00 8.00 4.00 4.00 1.50 1 1
776  25 5  2.00 16.00  14.25 21.52 0.00 90.00 8.00 8.00 4.00 4.00 1.50 1 1
777  25 5 -2.00 16.00  14.25 21.52 0.00 90.00 8.00 8.00 4.00 4.00 1.50 1 1
778  25 5 -6.00 16.00  14.25 22.25 0.00 90.00 8.00 8.00 4.00 4.00 1.50 1 1
779  25 5 -10.00 16.00  14.25 23.64 0.00 90.00 8.00 8.00 4.00 4.00 1.50 1 1
780  25 5 -16.00 18.00  14.25 27.98 0.00 180.00 8.00 8.00 4.00 4.00 1.50 1 1
781  25 5 -16.00 14.00  14.25 25.59 0.00 180.00 8.00 8.00 4.00 4.00 1.50 1 1
782  25 5 -16.00 10.00  14.25 23.64 0.00 180.00 8.00 8.00 4.00 4.00 1.50 1 1
783  25 5 -16.00  6.00  14.25 22.25 0.00 180.00 8.00 8.00 4.00 4.00 1.50 1 1
784  25 5 -16.00  2.00  14.25 21.52 0.00 180.00 8.00 8.00 4.00 4.00 1.50 1 1
785  25 5 -16.00 -2.00  14.25 21.52 0.00 180.00 8.00 8.00 4.00 4.00 1.50 1 1
786  25 5 -16.00 -6.00  14.25 22.25 0.00 180.00 8.00 8.00 4.00 4.00 1.50 1 1
787  25 5 -16.00 -10.00  14.25 23.64 0.00 180.00 8.00 8.00 4.00 4.00 1.50 1 1
788  25 5 -16.00 -14.00  14.25 25.59 0.00 180.00 8.00 8.00 4.00 4.00 1.50 1 1
789  25 5 -16.00 -18.00  14.25 27.98 0.00 180.00 8.00 8.00 4.00 4.00 1.50 1 1
790  25 5 -10.00 -16.00  14.25 23.64 0.00 270.00 8.00 8.00 4.00 4.00 1.50 1 1
791  25 5 -6.00 -16.00  14.25 22.25 0.00 270.00 8.00 8.00 4.00 4.00 1.50 1 1
792  25 5 -2.00 -16.00  14.25 21.52 0.00 270.00 8.00 8.00 4.00 4.00 1.50 1 1
793  25 5  2.00 -16.00  14.25 21.52 0.00 270.00 8.00 8.00 4.00 4.00 1.50 1 1
794  25 5  6.00 -16.00  14.25 22.25 0.00 270.00 8.00 8.00 4.00 4.00 1.50 1 1
795  25 5 10.00 -16.00  14.25 23.64 0.00 270.00 8.00 8.00 4.00 4.00 1.50 1 1
796  25 5 16.00 -18.00  14.25 27.98 0.00 -0.00 8.00 8.00 4.00 4.00 1.50 1 1
797  25 5 16.00 -14.00  14.25 25.59 0.00 -0.00 8.00 8.00 4.00 4.00 1.50 1 1
798  25 5 16.00 -10.00  14.25 23.64 0.00 -0.00 8.00 8.00 4.00 4.00 1.50 1 1
799  25 5 16.00 -6.00  14.25 22.25 0.00 -0.00 8.00 8.00 4.00 4.00 1.50 1 1
800  25 5 16.00 -2.00  14.25 21.52 0.00 -0.00 8.00 8.00 4.00 4.00 1.50 1 1
801  26 5 16.00  2.00  15.75 22.54 0.00  0.00 8.00 8.00 4.00 4.00 1.50 1 1
802  26 5 16.00  6.00  15.75 23.24 0.00  0.00 8.00 8.00 4.00 4.00 1.50 1 1
803  26 5 16.00 10.00  15.75 24.58 0.00  0.00 8.00 8.00 4.00 4.00 1.50 1 1
804  26 5 16.00 14.00  15.75 26.46 0.00  0.00 8.00 8.00 4.00 4.00 1.50 1 1
805  26 5 16.00 18.00  15.75 28.78 0.00  0.00 8.00 8.00 4.00 4.00 1.50 1 1
806  26 5 10.00 16.00  15.75 24.58 0.00 90.00 8.00 8.00 4.00 4.00 1.50 1 1
807  26 5  6.00 16.00  15.75 23.24 0.00 90.00 8.00 8.00 4.00 4.00 1.50 1 1
808  26 5  2.00 16.00  15.75 22.54 0.00 90.00 8.00 8.00 4.00 4.00 1.50 1 1
809  26 5 -2.00 16.00  15.75 22.54 0.00 90.00 8.00 8.00 4.00 4.00 1.50 1 1
810  26 5 -6.00 16.00  15.75 23.24 0.00 90.00 8.00 8.00 4.00 4.00 1.50 1 1
811  26 5 -10.00 16.00  15.75 24.58 0.00 90.00 8.00 8.00 4.00 4.00 1.50 1 1
812  26 5 -16.00 18.00  15.75 28.78 0.00 180.00 8.00 8.00 4.00 4.00 1.50 1 1
813  26 5 -16.00 14.00  15.75 26.46 0.00 180.00 8.00 8.00 4.00 4.00 1.50 1 1
814  26 5 -16.00 10.00  15.75 24.58 0.00 180.00 8.00 8.00 4.00 4.00 1.50 1 1
815  26 5 -16.00  6.00  15.75 23.24 0.00 180.00 8.00 8.00 4.00 4.00 1.50 1 1
816  26 5 -16.00  2.00  15.75 22.54 0.00 180.00 8.00 8.00 4.00 4.00 1.50 1 1
817  26 5 -16.00 -2.00  15.75 22.54 0.00 180.00 8.00 8.00 4.00 4.00 1.50 1 1
818  26 5 -16.00 -6.00  15.75 23.24 0.00 180.00 8.00 8.00 4.00 4.00 1.50 1 1
819  26 5 -16.00 -10.00  15.75 24.58 0.00 180.00 8.00 8.00 4.00 4.00 1.50 1 1
820  26 5 -16.00 -14.00  15.75 26.46 0.00 180.00 8.00 8.00 4.00 4.00 1.50 1 1
821  26 5 -16.00 -18.00  15.75 28.78 0.00 180.00 8.00 8.00 4.00 4.00 1.50 1 1
822  26 5 -10.00 -16.00  15.75 24.58 0.00 270.00 8.00 8.00 4.00 4.00 1.50 1 1
823  26 5 -6.00 -16.00  15.75 23.24 0.00 270.00 8.00 8.00 4.00 4.00 1.50 1 1
824  26 5 -2.00 -16.00  15.75 22.54 0.00 270.00 8.00 8.00 4.00 4.00 1.50 1 1
825  26 5  2.00 -16.00  15.75 22.54 0.00 270.00 8.00 8.00 4.00 4.00 1.50 1 1
826  26 5  6.00 -16.00  15.75 23.24 0.00 270.00 8.00 8.00 4.00 4.00 1.50 1 1
827  26 5 10.00 -16.00  15.75 24.58 0.00 270.00 8.00 8.00 4.00 4.00 1.50 1 1
828  26 5 16.00 -18.00  15.75 28.78 0.00 -0.00 8.00 8.00 4.00 4.00 1.50 1 1
829  26 5 16.00 -14.00  15.75 26.46 0.00 -0.00 8.00 8.00 4.00 4.00 1.50 1 1
830  26 5 16.00 -10.00  15.75 24.58 0.00 -0.00 8.00 8.00 4.00 4.00 1.50 1 1
831  26 5 16.00 -6.00  15.75 23.24 0.00 -0.00 8.00 8.00 4.00 4.00 1.50 1 1
832  26 5 16.00 -2.00  15.75 22.54 0.00 -0.00 8.00 8.00 4.00 4.00 1.50 1 1
833  27 5 16.00  2.00  17.25 23.61 0.00  0.00 8.00 8.00 4.00 4.00 1.50 1 1
834  27 5 16.00  6.00  17.25 24.28 0.00  0.00 8.00 8.00 4.00 4.00 1.50 1 1
835  27 5 16.00 10.00  17.25 25.56 0.00  0.00 8.00 8.00 4.00 4.00 1.50 1 1
836  27 5 16.00 14.00  17.25 27.38 0.00  0.00 8.00 8.00 4.00 4.00 1.50 1 1
837  27 5 16.00 18.00  17.25 29.62 0.00  0.00 8.00 8.00 4.00 4.00 1.50 1 1
838  27 5 10.00 16.00  17.25 25.56 0.00 90.00 8.00 8.00 4.00 4.00 1.50 1 1
839  27 5  6.00 16.00  17.25 24.28 0.00 90.00 8.00 8.00 4.00 4.00 1.50 1 1
840  27 5  2.00 16.00  17.25 23.61 0.00 90.00 8.00 8.00 4.00 4.00 1.50 1 1
841  27 5 -2.00 16.00  17.25 23.61 0.00 90.00 8.00 8.00 4.00 4.00 1.50 1 1
842  27 5 -6.00 16.00  17.25 24.28 0.00 90.00 8.00 8.00 4.00 4.00 1.50 1 1
843  27 5 -10.00 16.00  17.25 25.56 0.00 90.00 8.00 8.00 4.00 4.00 1.50 1 1
844  27 5 -16.00 18.00  17.25 29.62 0.00 180.00 8.00 8.00 4.00 4.00 1.50 1 1
845  27 5 -16.00 14.00  17.25 27.38 0.00 180.00 8.00 8.00 4.00 4.00 1.50 1 1
846  27 5 -16.00 10.00  17.25 25.56 0.00 180.00 8.00 8.00 4.00 4.00 1.50 1 1
847  27 5 -16.00  6.00  17.25 24.28 0.00 180.00 8.00 8.00 4.00 4.00 1.50 1 1
848  27 5 -16.00  2.00  17.25 23.61 0.00 180.00 8.00 8.00 4.00 4.00 1.50 1 1
849  27 5 -16.00 -2.00  17.25 23.61 0.00 180.00 8.00 8.00 4.00 4.00 1.50 1 1
850  27 5 -16.00 -6.00  17.25 24.28 0.00 180.00 8.00 8.00 4.00 4.00 1.50 1 1
851  27 5 -16.00 -10.00  17.25 25.56 0.00 180.00 8.00 8.00 4.00 4.00 1.50 1 1
852  27 5 -16.00 -14.00  17.25 27.38 0.00 180.00 8.00 8.00 4.00 4.00 1.50 1 1
853  27 5 -16.00 -18.00  17.25 29.62 0.00 180.00 8.00 8.00 4.00 4.00 1.50 1 1
854  27 5 -10.00 -16.00  17.25 25.56 0.00 270.00 8.00 8.00 4.00 4.00 1.50 1 1
855  27 5 -6.00 -16.00  17.25 24.28 0.00 270.00 8.00 8.00 4.00 4.00 1.50 1 1
856  27 5 -2.00 -16.00  17.25 23.61 0.00 270.00 8.00 8.00 4.00 4.00 1.50 1 1
857  27 5  2.00 -16.00  17.25 23.61 0.00 270.00 8.00 8.00 4.00 4.00 1.50 1 1
858  27 5  6.00 -16.00  17.25 24.28 0.00 270.00 8.00 8.00 4.00 4.00 1.50 1 1
859  27 5 10.00 -16.00  17.25 25.56 0.00 270.00 8.00 8.00 4.00 4.00 1.50 1 1
860  27 5 16.00 -18.00  17.25 29.62 0.00 -0.00 8.00 8.00 4.00 4.00 1.50 1 1
861  27 5 16.00 -14.00  17.25 27.38 0.00 -0.00 8.00 8.00 4.00 4.00 1.50 1 1
862  27 5 16.00 -10.00  17.25 25.56 0.00 -0.00 8.00 8.00 4.00 4.00 1.50 1 1
863  27 5 16.00 -6.00  17.25 24.28 0.00 -0.00 8.00 8.00 4.00 4.00 1.50 1 1
864  27 5 16.00 -2.00  17.25 23.61 0.00 -0.00 8.00 8.00 4.00 4.00 1.50 1 1
865  28 5 16.00  2.00  18.75 24.73 0.00  0.00 8.00 8.00 4.00 4.00 1.50 1 1
866  28 5 16.00  6.00  18.75 25.37 0.00  0.00 8.00 8.00 4.00 4.00 1.50 1 1
867  28 5 16.00 10.00  18.75 26.60 0.00  0.00 8.00 8.00 4.00 4.00 1.50 1 1
868  28 5 16.00 14.00  18.75 28.35 0.00  0.00 8.00 8.00 4.00 4.00 1.50 1 1
869  28 5 16.00 18.00  18.75 30.52 0.00  0.00 8.00 8.00 4.00 4.00 1.50 1 1
870  28 5 10.00 16.00  18.75 26.60 0.00 90.00 8.00 8.00 4.00 4.00 1.50 1 1
871  28 5  6.00 16.00  18.75 25.37 0.00 90.00 8.00 8.00 4.00 4.00 1.50 1 1
872  28 5  2.00 16.00  18.75 24.73 0.00 90.00 8.00 8.00 4.00 4.00 1.50 1 1
873  28 5 -2.00 16.00  18.75 24.73 0.00 90.00 8.00 8.00 4.00 4.00 1.50 1 1
874  28 5 -6.00 16.00  18.75 25.37 0.00 90.00 8.00 8.00 4.00 4.00 1.50 1 1
875  28 5 -10.00 16.00  18.75 26.60 0.00 90.00 8.00 8.00 4.00 4.00 1.50 1 1
876  28 5 -16.00 18.00  18.75 30.52 0.00 180.00 8.00 8.00 4.00 4.00 1.50 1 1
877  28 5 -16.00 14.00  18.75 28.35 0.00 180.00 8.00 8.00 4.00 4.00 1.50 1 1
878  28 5 -16.00 10.00  18.75 26.60 0.00 180.00 8.00 8.00 4.00 4.00 1.50 1 1
879  28 5 -16.00  6.00  18.75 25.37 0.00 180.00 8.00 8.00 4.00 4.00 1.50 1 1
880  28 5 -16.00  2.00  18.75 24.73 0.00 180.00 8.00 8.00 4.00 4.00 1.50 1 1
881  28 5 -16.00 -2.00  18.75 24.73 0.00 180.00 8.00 8.00 4.00 4.00 1.50 1 1
882  28 5 -16.00 -6.00  18.75 25.37 0.00 180.00 8.00 8.00 4.00 4.00 1.50 1 1
883  28 5 -16.00 -10.00  18.75 26.60 0.00 180.00 8.00 8.00 4.00 4.00 1.50 1 1
884  28 5 -16.00 -14.00  18.75 28.35 0.00 180.00 8.00 8.00 4.00 4.00 1.50 1 1
885  28 5 -16.00 -18.00  18.75 30.52 0.00 180.00 8.00 8.00 4.00 4.00 1.50 1 1
886  28 5 -10.00 -16.00  18.75 26.60 0.00 270.00 8.00 8.00 4.00 4.00 1.50 1 1
887  28 5 -6.00 -16.00  18.75 25.37 0.00 270.00 8.00 8.00 4.00 4.00 1.50 1 1
888  28 5 -2.00 -16.00  18.75 24.73 0.00 270.00 8.00 8.00 4.00 4.00 1.50 1 1
889  28 5  2.00 -16.00  18.75 24.73 0.00 270.00 8.00 8.00 4.00 4.00 1.50 1 1
890  28 5  6.00 -16.00  18.75 25.37 0.00 270.00 8.00 8.00 4.00 4.00 1.50 1 1
891  28 5 10.00 -16.00  18.75 26.60 0.00 270.00 8.00 8.00 4.00 4.00 1.50 1 1
892  28 5 16.00 -18.00  18.75 30.52 0.00 -0.00 8.00 8.00 4.00 4.00 1.50 1 1
893  28 5 16.00 -14.00  18.75 28.35 0.00 -0.00 8.00 8.00 4.00 4.00 1.50 1 1
894  28 5 16.00 -10.00  18.75 26.60 0.00 -0.00 8.00 8.00 4.00 4.00 1.50 1 1
895  28 5 16.00 -6.00  18.75 25.37 0.00 -0.00 8.00 8.00 4.00 4.00 1.50 1 1
896  28 5 16.00 -2.00  18.75 24.73 0.00 -0.00 8.00 8.00 4.00 4.00 1.50 1 1
897  29 5 16.00  2.00  20.25 25.89 0.00  0.00 8.00 8.00 4.00 4.00 1.50 1 1
898  29 5 16.00  6.00  20.25 26.50 0.00  0.00 8.00 8.00 4.00 4.00 1.50 1 1
899  29 5 16.00 10.00  20.25 27.68 0.00  0.00 8.00 8.00 4.00 4.00 1.50 1 1
900  29 5 16.00 14.00  20.25 29.36 0.00  0.00 8.00 8.00 4.00 4.00 1.50 1 1
901  29 5 16.00 18.00  20.25 31.47 0.00  0.00 8.00 8.00 4.00 4.00 1.50 1 1
902  29 5 10.00 16.00  20.25 27.68 0.00 90.00 8.00 8.00 4.00 4.00 1.50 1 1
903  29 5  6.00 16.00  20.25 26.50 0.00 90.00 8.00 8.00 4.00 4.00 1.50 1 1
904  29 5  2.00 16.00  20.25 25.89 0.00 90.00 8.00 8.00 4.00 4.00 1.50 1 1
905  29 5 -2.00 16.00  20.25 25.89 0.00 90.00 8.00 8.00 4.00 4.00 1.50 1 1
906  29 5 -6.00 16.00  20.25 26.50 0.00 90.00 8.00 8.00 4.00 4.00 1.50 1 1
907  29 5 -10.00 16.00  20.25 27.68 0.00 90.00 8.00 8.00 4.00 4.00 1.50 1 1
908  29 5 -16.00 18.00  20.25 31.47 0.00 180.00 8.00 8.00 4.00 4.00 1.50 1 1
909  29 5 -16.00 14.00  20.25 29.36 0.00 180.00 8.00 8.00 4.00 4.00 1.50 1 1
910  29 5 -16.00 10.00  20.25 27.68 0.00 180.00 8.00 8.00 4.00 4.00 1.50 1 1
911  29 5 -16.00  6.00  20.25 26.50 0.00 180.00 8.00 8.00 4.00 4.00 1.50 1 1
912  29 5 -16.00  2.00  20.25 25.89 0.00 180.00 8.00 8.00 4.00 4.00 1.50 1 1
913  29 5 -16.00 -2.00  20.25 25.89 0.00 180.00 8.00 8.00 4.00 4.00 1.50 1 1
914  29 5 -16.00 -6.00  20.25 26.50 0.00 180.00 8.00 8.00 4.00 4.00 1.50 1 1
915  29 5 -16.00 -10.00  20.25 27.68 0.00 180.00 8.00 8.00 4.00 4.00 1.50 1 1
916  29 5 -16.00 -14.00  20.25 29.36 0.00 180.00 8.00 8.00 4.00 4.00 1.50 1 1
917  29 5 -16.00 -18.00  20.25 31.47 0.00 180.00 8.00 8.00 4.00 4.00 1.50 1 1
918  29 5 -10.00 -16.00  20.25 27.68 0.00 270.00 8.00 8.00 4.00 4.00 1.50 1 1
919  29 5 -6.00 -16.00  20.25 26.50 0.00 270.00 8.00 8.00 4.00 4.00 1.50 1 1
920  29 5 -2.00 -16.00  20.25 25.89 0.00 270.00 8.00 8.00 4.00 4.00 1.50 1 1
921  29 5  2.00 -16.00  20.25 25.89 0.00 270.00 8.00 8.00 4.00 4.00 1.50 1 1
922  29 5  6.00 -16.00  20.25 26.50 0.00 270.00 8.00 8.00 4.00 4.00 1.50 1 1
923  29 5 10.00 -16.00  20.25 27.68 0.00 270.00 8.00 8.00 4.00 4.00 1.50 1 1
924  29 5 16.00 -18.00  20.25 31.47 0.00 -0.00 8.00 8.00 4.00 4.00 1.50 1 1
925  29 5 16.00 -14.00  20.25 29.36 0.00 -0.00 8.00 8.00 4.00 4.00 1.50 1 1
926  29 5 16.00 -10.00  20.25 27.68 0.00 -0.00 8.00 8.00 4.00 4.00 1.50 1 1
927  29 5 16.00 -6.00  20.25 26.50 0.00 -0.00 8.00 8.00 4.00 4.00 1.50 1 1
928  29 5 16.00 -2.00  20.25 25.89 0.00 -0.00 8.00 8.00 4.00 4.00 1.50 1 1
929  30 5 16.00  2.00  21.75 27.08 0.00  0.00 8.00 8.00 4.00 4.00 1.50 1 1
930  30 5 16.00  6.00  21.75 27.66 0.00  0.00 8.00 8.00 4.00 4.00 1.50 1 1
931  30 5 16.00 10.00  21.75 28.79 0.00  0.00 8.00 8.00 4.00 4.00 1.50 1 1
932  30 5 16.00 14.00  21.75 30.41 0.00  0.00 8.00 8.00 4.00 4.00 1.50 1 1
933  30 5 16.00 18.00  21.75 32.45 0.00  0.00 8.00 8.00 4.00 4.00 1.50 1 1
934  30 5 10.00 16.00  21.75 28.79 0.00 90.00 8.00 8.00 4.00 4.00 1.50 1 1
935  30 5  6.00 16.00  21.75 27.66 0.00 90.00 8.00 8.00 4.00 4.00 1.50 1 1
936  30 5  2.00 16.00  21.75 27.08 0.00 90.00 8.00 8.00 4.00 4.00 1.50 1 1
937  30 5 -2.00 16.00  21.75 27.08 0.00 90.00 8.00 8.00 4.00 4.00 1.50 1 1
938  30 5 -6.00 16.00  21.75 27.66 0.00 90.00 8.00 8.00 4.00 4.00 1.50 1 1
939  30 5 -10.00 16.00  21.75 28.79 0.00 90.00 8.00 8.00 4.00 4.00 1.50 1 1
940  30 5 -16.00 18.00  21.75 32.45 0.00 180.00 8.00 8.00 4.00 4.00 1.50 1 1
941  30 5 -16.00 14.00  21.75 30.41 0.00 180.00 8.00 8.00 4.00 4.00 1.50 1 1
942  30 5 -16.00 10.00  21.75 28.79 0.00 180.00 8.00 8.00 4.00 4.00 1.50 1 1
943  30 5 -16.00  6.00  21.75 27.66 0.00 180.00 8.00 8.00 4.00 4.00 1.50 1 1
944  30 5 -16.00  2.00  21.75 27.08 0.00 180.00 8.00 8.00 4.00 4.00 1.50 1 1
945  30 5 -16.00 -2.00  21.75 27.08 0.00 180.00 8.00 8.00 4.00 4.00 1.50 1 1
946  30 5 -16.00 -6.00  21.75 27.66 0.00 180.00 8.00 8.00 4.00 4.00 1.50 1 1
947  30 5 -16.00 -10.00  21.75 28.79 0.00 180.00 8.00 8.00 4.00 4.00 1.50 1 1
948  30 5 -16.00 -14.00  21.75 30.41 0.00 180.00 8.00 8.00 4.00 4.00 1.50 1 1
949  30 5 -16.00 -18.00  21.75 32.45 0.00 180.00 8.00 8.00 4.00 4.00 1.50 1 1
950  30 5 -10.00 -16.00  21.75 28.79 0.00 270.00 8.00 8.00 4.00 4.00 1.50 1 1
951  30 5 -6.00 -16.00  21.75 27.66 0.00 270.00 8.00 8.00 4.00 4.00 1.50 1 1
952  30 5 -2.00 -16.00  21.75 27.08 0.00 270.00 8.00 8.00 4.00 4.00 1.50 1 1
953  30 5  2.00 -16.00  21.75 27.08 0.00 270.00 8.00 8.00 4.00 4.00 1.50 1 1
954  30 5  6.00 -16.00  21.75 27.66 0.00 270.00 8.00 8.00 4.00 4.00 1.50 1 1
955  30 5 10.00 -16.00  21.75 28.79 0.00 270.00 8.00 8.00 4.00 4.00 1.50 1 1
956  30 5 16.00 -18.00  21.75 32.45 0.00 -0.00 8.00 8.00 4.00 4.00 1.50 1 1
957  30 5 16.00 -14.00  21.75 30.41 0.00 -0.00 8.00 8.00 4.00 4.00 1.50 1 1
958  30 5 16.00 -10.00  21.75 28.79 0.00 -0.00 8.00 8.00 4.00 4.00 1.50 1 1
959  30 5 16.00 -6.00  21.75 27.66 0.00 -0.00 8.00 8.00 4.00 4.00 1.50 1 1
960  30 5 16.00 -2.00  21.75 27.08 0.00 -0.00 8.00 8.00 4.00 4.00 1.50 1 1
