  1   1    5   6.37   0.00  31.11  31.75  11.56   0.00   1.50   1.50   4.00   4.00   8.00
  2   1    5   4.50   4.50  31.11  31.75  11.56  45.00   1.50   1.50   4.00   4.00   8.00
  3   1    5   0.00   6.37  31.11  31.75  11.56  89.99   1.50   1.50   4.00   4.00   8.00
  4   1    5  -4.50   4.50  31.11  31.75  11.56 134.99   1.50   1.50   4.00   4.00   8.00
  5   1    5  -6.37   0.00  31.11  31.75  11.56 179.99   1.50   1.50   4.00   4.00   8.00
  6   1    5  -4.50  -4.50  31.11  31.75  11.56 224.98   1.50   1.50   4.00   4.00   8.00
  7   1    5  -0.00  -6.37  31.11  31.75  11.56 269.98   1.50   1.50   4.00   4.00   8.00
  8   1    5   4.50  -4.50  31.11  31.75  11.56 314.98   1.50   1.50   4.00   4.00   8.00
  9   2    5   9.87   0.00  36.86  38.16  15.00   0.00   1.50   1.50   4.00   4.00   8.00
 10   2    5   8.74   4.59  36.86  38.16  15.00  27.69   1.50   1.50   4.00   4.00   8.00
 11   2    5   5.61   8.13  36.86  38.16  15.00  55.38   1.50   1.50   4.00   4.00   8.00
 12   2    5   1.19   9.80  36.86  38.16  15.00  83.08   1.50   1.50   4.00   4.00   8.00
 13   2    5  -3.50   9.23  36.86  38.16  15.00 110.77   1.50   1.50   4.00   4.00   8.00
 14   2    5  -7.39   6.55  36.86  38.16  15.00 138.46   1.50   1.50   4.00   4.00   8.00
 15   2    5  -9.59   2.36  36.86  38.16  15.00 166.15   1.50   1.50   4.00   4.00   8.00
 16   2    5  -9.59  -2.36  36.86  38.16  15.00 193.84   1.50   1.50   4.00   4.00   8.00
 17   2    5  -7.39  -6.55  36.86  38.16  15.00 221.53   1.50   1.50   4.00   4.00   8.00
 18   2    5  -3.50  -9.23  36.86  38.16  15.00 249.23   1.50   1.50   4.00   4.00   8.00
 19   2    5   1.19  -9.80  36.86  38.16  15.00 276.92   1.50   1.50   4.00   4.00   8.00
 20   2    5   5.61  -8.13  36.86  38.16  15.00 304.61   1.50   1.50   4.00   4.00   8.00
 21   2    5   8.74  -4.59  36.86  38.16  15.00 332.30   1.50   1.50   4.00   4.00   8.00
 22   3    5  12.63   0.00  39.48  41.45  17.74   0.00   1.50   1.50   4.00   4.00   8.00
 23   3    5  11.78   4.56  39.48  41.45  17.74  21.18   1.50   1.50   4.00   4.00   8.00
 24   3    5   9.34   8.51  39.48  41.45  17.74  42.35   1.50   1.50   4.00   4.00   8.00
 25   3    5   5.63  11.31  39.48  41.45  17.74  63.53   1.50   1.50   4.00   4.00   8.00
 26   3    5   1.17  12.58  39.48  41.45  17.74  84.70   1.50   1.50   4.00   4.00   8.00
 27   3    5  -3.46  12.15  39.48  41.45  17.74 105.88   1.50   1.50   4.00   4.00   8.00
 28   3    5  -7.61  10.08  39.48  41.45  17.74 127.06   1.50   1.50   4.00   4.00   8.00
 29   3    5 -10.74   6.65  39.48  41.45  17.74 148.23   1.50   1.50   4.00   4.00   8.00
 30   3    5 -12.42   2.32  39.48  41.45  17.74 169.41   1.50   1.50   4.00   4.00   8.00
 31   3    5 -12.42  -2.32  39.48  41.45  17.74 190.59   1.50   1.50   4.00   4.00   8.00
 32   3    5 -10.74  -6.65  39.48  41.45  17.74 211.76   1.50   1.50   4.00   4.00   8.00
 33   3    5  -7.61 -10.08  39.48  41.45  17.74 232.94   1.50   1.50   4.00   4.00   8.00
 34   3    5  -3.46 -12.15  39.48  41.45  17.74 254.11   1.50   1.50   4.00   4.00   8.00
 35   3    5   1.16 -12.58  39.48  41.45  17.74 275.29   1.50   1.50   4.00   4.00   8.00
 36   3    5   5.63 -11.31  39.48  41.45  17.74 296.47   1.50   1.50   4.00   4.00   8.00
 37   3    5   9.33  -8.51  39.48  41.45  17.74 317.64   1.50   1.50   4.00   4.00   8.00
 38   3    5  11.78  -4.56  39.48  41.45  17.74 338.82   1.50   1.50   4.00   4.00   8.00
 39   4    5  15.36   0.00  41.75  44.48  20.20   0.00   1.50   1.50   4.00   4.00   8.00
 40   4    5  14.67   4.53  41.75  44.48  20.20  17.14   1.50   1.50   4.00   4.00   8.00
 41   4    5  12.69   8.65  41.75  44.48  20.20  34.28   1.50   1.50   4.00   4.00   8.00
 42   4    5   9.58  12.00  41.75  44.48  20.20  51.42   1.50   1.50   4.00   4.00   8.00
 43   4    5   5.61  14.29  41.75  44.48  20.20  68.56   1.50   1.50   4.00   4.00   8.00
 44   4    5   1.15  15.31  41.75  44.48  20.20  85.70   1.50   1.50   4.00   4.00   8.00
 45   4    5  -3.41  14.97  41.75  44.48  20.20 102.84   1.50   1.50   4.00   4.00   8.00
 46   4    5  -7.67  13.30  41.75  44.48  20.20 119.98   1.50   1.50   4.00   4.00   8.00
 47   4    5 -11.25  10.45  41.75  44.48  20.20 137.12   1.50   1.50   4.00   4.00   8.00
 48   4    5 -13.83   6.67  41.75  44.48  20.20 154.26   1.50   1.50   4.00   4.00   8.00
 49   4    5 -15.18   2.30  41.75  44.48  20.20 171.40   1.50   1.50   4.00   4.00   8.00
 50   4    5 -15.19  -2.28  41.75  44.48  20.20 188.54   1.50   1.50   4.00   4.00   8.00
 51   4    5 -13.84  -6.65  41.75  44.48  20.20 205.68   1.50   1.50   4.00   4.00   8.00
 52   4    5 -11.26 -10.44  41.75  44.48  20.20 222.82   1.50   1.50   4.00   4.00   8.00
 53   4    5  -7.69 -13.29  41.75  44.48  20.20 239.96   1.50   1.50   4.00   4.00   8.00
 54   4    5  -3.43 -14.97  41.75  44.48  20.20 257.10   1.50   1.50   4.00   4.00   8.00
 55   4    5   1.14 -15.31  41.75  44.48  20.20 274.24   1.50   1.50   4.00   4.00   8.00
 56   4    5   5.60 -14.30  41.75  44.48  20.20 291.38   1.50   1.50   4.00   4.00   8.00
 57   4    5   9.56 -12.01  41.75  44.48  20.20 308.52   1.50   1.50   4.00   4.00   8.00
 58   4    5  12.68  -8.66  41.75  44.48  20.20 325.66   1.50   1.50   4.00   4.00   8.00
 59   4    5  14.67  -4.54  41.75  44.48  20.20 342.80   1.50   1.50   4.00   4.00   8.00
 60   5    5  17.42   0.00  42.09  45.55  22.48   0.00   1.50   1.50   4.00   4.00   8.00
 61   5    5  16.82   4.51  42.09  45.55  22.48  15.00   1.50   1.50   4.00   4.00   8.00
 62   5    5  15.08   8.71  42.09  45.55  22.48  30.00   1.50   1.50   4.00   4.00   8.00
 63   5    5  12.32  12.31  42.09  45.55  22.48  44.99   1.50   1.50   4.00   4.00   8.00
 64   5    5   8.71  15.08  42.09  45.55  22.48  59.99   1.50   1.50   4.00   4.00   8.00
 65   5    5   4.51  16.82  42.09  45.55  22.48  74.99   1.50   1.50   4.00   4.00   8.00
 66   5    5   0.00  17.42  42.09  45.55  22.48  89.99   1.50   1.50   4.00   4.00   8.00
 67   5    5  -4.50  16.82  42.09  45.55  22.48 104.99   1.50   1.50   4.00   4.00   8.00
 68   5    5  -8.70  15.09  42.09  45.55  22.48 119.98   1.50   1.50   4.00   4.00   8.00
 69   5    5 -12.31  12.32  42.09  45.55  22.48 134.98   1.50   1.50   4.00   4.00   8.00
 70   5    5 -15.08   8.71  42.09  45.55  22.48 149.98   1.50   1.50   4.00   4.00   8.00
 71   5    5 -16.82   4.51  42.09  45.55  22.48 164.98   1.50   1.50   4.00   4.00   8.00
 72   5    5 -17.42   0.01  42.09  45.55  22.48 179.98   1.50   1.50   4.00   4.00   8.00
 73   5    5 -16.82  -4.50  42.09  45.55  22.48 194.97   1.50   1.50   4.00   4.00   8.00
 74   5    5 -15.09  -8.70  42.09  45.55  22.48 209.97   1.50   1.50   4.00   4.00   8.00
 75   5    5 -12.32 -12.31  42.09  45.55  22.48 224.97   1.50   1.50   4.00   4.00   8.00
 76   5    5  -8.72 -15.08  42.09  45.55  22.48 239.97   1.50   1.50   4.00   4.00   8.00
 77   5    5  -4.52 -16.82  42.09  45.55  22.48 254.97   1.50   1.50   4.00   4.00   8.00
 78   5    5  -0.01 -17.42  42.09  45.55  22.48 269.96   1.50   1.50   4.00   4.00   8.00
 79   5    5   4.50 -16.83  42.09  45.55  22.48 284.96   1.50   1.50   4.00   4.00   8.00
 80   5    5   8.70 -15.09  42.09  45.55  22.48 299.96   1.50   1.50   4.00   4.00   8.00
 81   5    5  12.31 -12.32  42.09  45.55  22.48 314.96   1.50   1.50   4.00   4.00   8.00
 82   5    5  15.08  -8.72  42.09  45.55  22.48 329.96   1.50   1.50   4.00   4.00   8.00
 83   5    5  16.82  -4.52  42.09  45.55  22.48 344.95   1.50   1.50   4.00   4.00   8.00
 84   6    5  20.10   0.00  43.81  48.20  24.64   0.00   1.50   1.50   4.00   4.00   8.00
 85   6    5  19.60   4.47  43.81  48.20  24.64  12.86   1.50   1.50   4.00   4.00   8.00
 86   6    5  18.11   8.72  43.81  48.20  24.64  25.71   1.50   1.50   4.00   4.00   8.00
 87   6    5  15.72  12.53  43.81  48.20  24.64  38.57   1.50   1.50   4.00   4.00   8.00
 88   6    5  12.53  15.71  43.81  48.20  24.64  51.43   1.50   1.50   4.00   4.00   8.00
 89   6    5   8.72  18.11  43.81  48.20  24.64  64.29   1.50   1.50   4.00   4.00   8.00
 90   6    5   4.47  19.60  43.81  48.20  24.64  77.14   1.50   1.50   4.00   4.00   8.00
 91   6    5   0.00  20.10  43.81  48.20  24.64  90.00   1.50   1.50   4.00   4.00   8.00
 92   6    5  -4.47  19.60  43.81  48.20  24.64 102.86   1.50   1.50   4.00   4.00   8.00
 93   6    5  -8.72  18.11  43.81  48.20  24.64 115.71   1.50   1.50   4.00   4.00   8.00
 94   6    5 -12.53  15.72  43.81  48.20  24.64 128.57   1.50   1.50   4.00   4.00   8.00
 95   6    5 -15.71  12.53  43.81  48.20  24.64 141.43   1.50   1.50   4.00   4.00   8.00
 96   6    5 -18.11   8.72  43.81  48.20  24.64 154.28   1.50   1.50   4.00   4.00   8.00
 97   6    5 -19.60   4.47  43.81  48.20  24.64 167.14   1.50   1.50   4.00   4.00   8.00
 98   6    5 -20.10   0.00  43.81  48.20  24.64 180.00   1.50   1.50   4.00   4.00   8.00
 99   6    5 -19.60  -4.47  43.81  48.20  24.64 192.86   1.50   1.50   4.00   4.00   8.00
100   6    5 -18.11  -8.72  43.81  48.20  24.64 205.71   1.50   1.50   4.00   4.00   8.00
101   6    5 -15.72 -12.53  43.81  48.20  24.64 218.57   1.50   1.50   4.00   4.00   8.00
102   6    5 -12.53 -15.71  43.81  48.20  24.64 231.43   1.50   1.50   4.00   4.00   8.00
103   6    5  -8.72 -18.11  43.81  48.20  24.64 244.28   1.50   1.50   4.00   4.00   8.00
104   6    5  -4.47 -19.60  43.81  48.20  24.64 257.14   1.50   1.50   4.00   4.00   8.00
105   6    5  -0.00 -20.10  43.81  48.20  24.64 270.00   1.50   1.50   4.00   4.00   8.00
106   6    5   4.47 -19.60  43.81  48.20  24.64 282.86   1.50   1.50   4.00   4.00   8.00
107   6    5   8.72 -18.11  43.81  48.20  24.64 295.71   1.50   1.50   4.00   4.00   8.00
108   6    5  12.53 -15.72  43.81  48.20  24.64 308.57   1.50   1.50   4.00   4.00   8.00
109   6    5  15.71 -12.53  43.81  48.20  24.64 321.43   1.50   1.50   4.00   4.00   8.00
110   6    5  18.11  -8.72  43.81  48.20  24.64 334.28   1.50   1.50   4.00   4.00   8.00
111   6    5  19.60  -4.47  43.81  48.20  24.64 347.14   1.50   1.50   4.00   4.00   8.00
112   7    5  22.77   0.00  45.35  50.75  26.67   0.00   1.50   1.50   4.00   4.00   8.00
113   7    5  22.34   4.44  45.35  50.75  26.67  11.25   1.50   1.50   4.00   4.00   8.00
114   7    5  21.04   8.71  45.35  50.75  26.67  22.50   1.50   1.50   4.00   4.00   8.00
115   7    5  18.94  12.65  45.35  50.75  26.67  33.74   1.50   1.50   4.00   4.00   8.00
116   7    5  16.11  16.10  45.35  50.75  26.67  44.99   1.50   1.50   4.00   4.00   8.00
117   7    5  12.66  18.93  45.35  50.75  26.67  56.24   1.50   1.50   4.00   4.00   8.00
118   7    5   8.72  21.04  45.35  50.75  26.67  67.49   1.50   1.50   4.00   4.00   8.00
119   7    5   4.45  22.34  45.35  50.75  26.67  78.74   1.50   1.50   4.00   4.00   8.00
120   7    5   0.01  22.77  45.35  50.75  26.67  89.99   1.50   1.50   4.00   4.00   8.00
121   7    5  -4.44  22.34  45.35  50.75  26.67 101.23   1.50   1.50   4.00   4.00   8.00
122   7    5  -8.71  21.04  45.35  50.75  26.67 112.48   1.50   1.50   4.00   4.00   8.00
123   7    5 -12.65  18.94  45.35  50.75  26.67 123.73   1.50   1.50   4.00   4.00   8.00
124   7    5 -16.10  16.11  45.35  50.75  26.67 134.98   1.50   1.50   4.00   4.00   8.00
125   7    5 -18.93  12.66  45.35  50.75  26.67 146.23   1.50   1.50   4.00   4.00   8.00
126   7    5 -21.04   8.72  45.35  50.75  26.67 157.48   1.50   1.50   4.00   4.00   8.00
127   7    5 -22.34   4.45  45.35  50.75  26.67 168.72   1.50   1.50   4.00   4.00   8.00
128   7    5 -22.77   0.01  45.35  50.75  26.67 179.97   1.50   1.50   4.00   4.00   8.00
129   7    5 -22.34  -4.43  45.35  50.75  26.67 191.22   1.50   1.50   4.00   4.00   8.00
130   7    5 -21.05  -8.70  45.35  50.75  26.67 202.47   1.50   1.50   4.00   4.00   8.00
131   7    5 -18.94 -12.64  45.35  50.75  26.67 213.72   1.50   1.50   4.00   4.00   8.00
132   7    5 -16.11 -16.09  45.35  50.75  26.67 224.96   1.50   1.50   4.00   4.00   8.00
133   7    5 -12.67 -18.93  45.35  50.75  26.67 236.21   1.50   1.50   4.00   4.00   8.00
134   7    5  -8.73 -21.04  45.35  50.75  26.67 247.46   1.50   1.50   4.00   4.00   8.00
135   7    5  -4.46 -22.33  45.35  50.75  26.67 258.71   1.50   1.50   4.00   4.00   8.00
136   7    5  -0.02 -22.77  45.35  50.75  26.67 269.96   1.50   1.50   4.00   4.00   8.00
137   7    5   4.43 -22.34  45.35  50.75  26.67 281.21   1.50   1.50   4.00   4.00   8.00
138   7    5   8.70 -21.05  45.35  50.75  26.67 292.45   1.50   1.50   4.00   4.00   8.00
139   7    5  12.64 -18.95  45.35  50.75  26.67 303.70   1.50   1.50   4.00   4.00   8.00
140   7    5  16.09 -16.12  45.35  50.75  26.67 314.95   1.50   1.50   4.00   4.00   8.00
141   7    5  18.93 -12.67  45.35  50.75  26.67 326.20   1.50   1.50   4.00   4.00   8.00
142   7    5  21.03  -8.73  45.35  50.75  26.67 337.45   1.50   1.50   4.00   4.00   8.00
143   7    5  22.33  -4.46  45.35  50.75  26.67 348.70   1.50   1.50   4.00   4.00   8.00
144   8    5  24.80   0.00  45.50  51.82  28.59   0.00   1.50   1.50   4.00   4.00   8.00
145   8    5  24.40   4.43  45.50  51.82  28.59  10.28   1.50   1.50   4.00   4.00   8.00
146   8    5  23.22   8.71  45.50  51.82  28.59  20.57   1.50   1.50   4.00   4.00   8.00
147   8    5  21.29  12.72  45.50  51.82  28.59  30.85   1.50   1.50   4.00   4.00   8.00
148   8    5  18.68  16.31  45.50  51.82  28.59  41.13   1.50   1.50   4.00   4.00   8.00
149   8    5  15.47  19.39  45.50  51.82  28.59  51.42   1.50   1.50   4.00   4.00   8.00
150   8    5  11.76  21.84  45.50  51.82  28.59  61.70   1.50   1.50   4.00   4.00   8.00
151   8    5   7.67  23.58  45.50  51.82  28.59  71.98   1.50   1.50   4.00   4.00   8.00
152   8    5   3.34  24.57  45.50  51.82  28.59  82.27   1.50   1.50   4.00   4.00   8.00
153   8    5  -1.10  24.77  45.50  51.82  28.59  92.55   1.50   1.50   4.00   4.00   8.00
154   8    5  -5.51  24.18  45.50  51.82  28.59 102.84   1.50   1.50   4.00   4.00   8.00
155   8    5  -9.74  22.81  45.50  51.82  28.59 113.12   1.50   1.50   4.00   4.00   8.00
156   8    5 -13.65  20.70  45.50  51.82  28.59 123.40   1.50   1.50   4.00   4.00   8.00
157   8    5 -17.13  17.93  45.50  51.82  28.59 133.69   1.50   1.50   4.00   4.00   8.00
158   8    5 -20.06  14.59  45.50  51.82  28.59 143.97   1.50   1.50   4.00   4.00   8.00
159   8    5 -22.34  10.77  45.50  51.82  28.59 154.25   1.50   1.50   4.00   4.00   8.00
160   8    5 -23.90   6.61  45.50  51.82  28.59 164.54   1.50   1.50   4.00   4.00   8.00
161   8    5 -24.70   2.24  45.50  51.82  28.59 174.82   1.50   1.50   4.00   4.00   8.00
162   8    5 -24.70  -2.21  45.50  51.82  28.59 185.10   1.50   1.50   4.00   4.00   8.00
163   8    5 -23.91  -6.58  45.50  51.82  28.59 195.39   1.50   1.50   4.00   4.00   8.00
164   8    5 -22.35 -10.74  45.50  51.82  28.59 205.67   1.50   1.50   4.00   4.00   8.00
165   8    5 -20.07 -14.56  45.50  51.82  28.59 215.95   1.50   1.50   4.00   4.00   8.00
166   8    5 -17.15 -17.91  45.50  51.82  28.59 226.24   1.50   1.50   4.00   4.00   8.00
167   8    5 -13.68 -20.69  45.50  51.82  28.59 236.52   1.50   1.50   4.00   4.00   8.00
168   8    5  -9.77 -22.79  45.50  51.82  28.59 246.80   1.50   1.50   4.00   4.00   8.00
169   8    5  -5.54 -24.17  45.50  51.82  28.59 257.09   1.50   1.50   4.00   4.00   8.00
170   8    5  -1.14 -24.77  45.50  51.82  28.59 267.37   1.50   1.50   4.00   4.00   8.00
171   8    5   3.30 -24.58  45.50  51.82  28.59 277.66   1.50   1.50   4.00   4.00   8.00
172   8    5   7.64 -23.59  45.50  51.82  28.59 287.94   1.50   1.50   4.00   4.00   8.00
173   8    5  11.73 -21.85  45.50  51.82  28.59 298.22   1.50   1.50   4.00   4.00   8.00
174   8    5  15.44 -19.41  45.50  51.82  28.59 308.51   1.50   1.50   4.00   4.00   8.00
175   8    5  18.66 -16.34  45.50  51.82  28.59 318.79   1.50   1.50   4.00   4.00   8.00
176   8    5  21.27 -12.75  45.50  51.82  28.59 329.07   1.50   1.50   4.00   4.00   8.00
177   8    5  23.21  -8.74  45.50  51.82  28.59 339.36   1.50   1.50   4.00   4.00   8.00
178   8    5  24.40  -4.46  45.50  51.82  28.59 349.64   1.50   1.50   4.00   4.00   8.00
179   9    5  27.45   0.00  46.72  54.19  30.44   0.00   1.50   1.50   4.00   4.00   8.00
180   9    5  27.10   4.40  46.72  54.19  30.44   9.23   1.50   1.50   4.00   4.00   8.00
181   9    5  26.04   8.69  46.72  54.19  30.44  18.46   1.50   1.50   4.00   4.00   8.00
182   9    5  24.31  12.76  46.72  54.19  30.44  27.69   1.50   1.50   4.00   4.00   8.00
183   9    5  21.95  16.49  46.72  54.19  30.44  36.92   1.50   1.50   4.00   4.00   8.00
184   9    5  19.02  19.80  46.72  54.19  30.44  46.14   1.50   1.50   4.00   4.00   8.00
185   9    5  15.60  22.59  46.72  54.19  30.44  55.37   1.50   1.50   4.00   4.00   8.00
186   9    5  11.77  24.80  46.72  54.19  30.44  64.60   1.50   1.50   4.00   4.00   8.00
187   9    5   7.64  26.37  46.72  54.19  30.44  73.83   1.50   1.50   4.00   4.00   8.00
188   9    5   3.32  27.25  46.72  54.19  30.44  83.06   1.50   1.50   4.00   4.00   8.00
189   9    5  -1.10  27.43  46.72  54.19  30.44  92.29   1.50   1.50   4.00   4.00   8.00
190   9    5  -5.48  26.90  46.72  54.19  30.44 101.52   1.50   1.50   4.00   4.00   8.00
191   9    5  -9.72  25.67  46.72  54.19  30.44 110.75   1.50   1.50   4.00   4.00   8.00
192   9    5 -13.72  23.78  46.72  54.19  30.44 119.98   1.50   1.50   4.00   4.00   8.00
193   9    5 -17.35  21.27  46.72  54.19  30.44 129.20   1.50   1.50   4.00   4.00   8.00
194   9    5 -20.54  18.21  46.72  54.19  30.44 138.43   1.50   1.50   4.00   4.00   8.00
195   9    5 -23.19  14.68  46.72  54.19  30.44 147.66   1.50   1.50   4.00   4.00   8.00
196   9    5 -25.25  10.77  46.72  54.19  30.44 156.89   1.50   1.50   4.00   4.00   8.00
197   9    5 -26.65   6.59  46.72  54.19  30.44 166.12   1.50   1.50   4.00   4.00   8.00
198   9    5 -27.36   2.23  46.72  54.19  30.44 175.35   1.50   1.50   4.00   4.00   8.00
199   9    5 -27.37  -2.19  46.72  54.19  30.44 184.58   1.50   1.50   4.00   4.00   8.00
200   9    5 -26.66  -6.55  46.72  54.19  30.44 193.81   1.50   1.50   4.00   4.00   8.00
201   9    5 -25.26 -10.74  46.72  54.19  30.44 203.04   1.50   1.50   4.00   4.00   8.00
202   9    5 -23.21 -14.65  46.72  54.19  30.44 212.26   1.50   1.50   4.00   4.00   8.00
203   9    5 -20.56 -18.19  46.72  54.19  30.44 221.49   1.50   1.50   4.00   4.00   8.00
204   9    5 -17.38 -21.25  46.72  54.19  30.44 230.72   1.50   1.50   4.00   4.00   8.00
205   9    5 -13.75 -23.76  46.72  54.19  30.44 239.95   1.50   1.50   4.00   4.00   8.00
206   9    5  -9.76 -25.66  46.72  54.19  30.44 249.18   1.50   1.50   4.00   4.00   8.00
207   9    5  -5.52 -26.89  46.72  54.19  30.44 258.41   1.50   1.50   4.00   4.00   8.00
208   9    5  -1.13 -27.43  46.72  54.19  30.44 267.64   1.50   1.50   4.00   4.00   8.00
209   9    5   3.28 -27.26  46.72  54.19  30.44 276.87   1.50   1.50   4.00   4.00   8.00
210   9    5   7.61 -26.38  46.72  54.19  30.44 286.09   1.50   1.50   4.00   4.00   8.00
211   9    5  11.74 -24.81  46.72  54.19  30.44 295.32   1.50   1.50   4.00   4.00   8.00
212   9    5  15.57 -22.61  46.72  54.19  30.44 304.55   1.50   1.50   4.00   4.00   8.00
213   9    5  18.99 -19.82  46.72  54.19  30.44 313.78   1.50   1.50   4.00   4.00   8.00
214   9    5  21.93 -16.52  46.72  54.19  30.44 323.01   1.50   1.50   4.00   4.00   8.00
215   9    5  24.29 -12.79  46.72  54.19  30.44 332.24   1.50   1.50   4.00   4.00   8.00
216   9    5  26.03  -8.73  46.72  54.19  30.44 341.47   1.50   1.50   4.00   4.00   8.00
217   9    5  27.09  -4.44  46.72  54.19  30.44 350.70   1.50   1.50   4.00   4.00   8.00
218  10    5  29.46   0.00  46.76  55.27  32.22   0.00   1.50   1.50   4.00   4.00   8.00
219  10    5  29.13   4.39  46.76  55.27  32.22   8.57   1.50   1.50   4.00   4.00   8.00
220  10    5  28.15   8.68  46.76  55.27  32.22  17.14   1.50   1.50   4.00   4.00   8.00
221  10    5  26.55  12.78  46.76  55.27  32.22  25.71   1.50   1.50   4.00   4.00   8.00
222  10    5  24.35  16.59  46.76  55.27  32.22  34.28   1.50   1.50   4.00   4.00   8.00
223  10    5  21.60  20.04  46.76  55.27  32.22  42.85   1.50   1.50   4.00   4.00   8.00
224  10    5  18.38  23.03  46.76  55.27  32.22  51.41   1.50   1.50   4.00   4.00   8.00
225  10    5  14.74  25.51  46.76  55.27  32.22  59.98   1.50   1.50   4.00   4.00   8.00
226  10    5  10.77  27.42  46.76  55.27  32.22  68.55   1.50   1.50   4.00   4.00   8.00
227  10    5   6.57  28.72  46.76  55.27  32.22  77.12   1.50   1.50   4.00   4.00   8.00
228  10    5   2.21  29.38  46.76  55.27  32.22  85.69   1.50   1.50   4.00   4.00   8.00
229  10    5  -2.19  29.38  46.76  55.27  32.22  94.26   1.50   1.50   4.00   4.00   8.00
230  10    5  -6.54  28.73  46.76  55.27  32.22 102.83   1.50   1.50   4.00   4.00   8.00
231  10    5 -10.75  27.43  46.76  55.27  32.22 111.40   1.50   1.50   4.00   4.00   8.00
232  10    5 -14.72  25.52  46.76  55.27  32.22 119.97   1.50   1.50   4.00   4.00   8.00
233  10    5 -18.36  23.05  46.76  55.27  32.22 128.54   1.50   1.50   4.00   4.00   8.00
234  10    5 -21.58  20.05  46.76  55.27  32.22 137.11   1.50   1.50   4.00   4.00   8.00
235  10    5 -24.33  16.61  46.76  55.27  32.22 145.67   1.50   1.50   4.00   4.00   8.00
236  10    5 -26.54  12.80  46.76  55.27  32.22 154.24   1.50   1.50   4.00   4.00   8.00
237  10    5 -28.15   8.71  46.76  55.27  32.22 162.81   1.50   1.50   4.00   4.00   8.00
238  10    5 -29.13   4.41  46.76  55.27  32.22 171.38   1.50   1.50   4.00   4.00   8.00
239  10    5 -29.46   0.03  46.76  55.27  32.22 179.95   1.50   1.50   4.00   4.00   8.00
240  10    5 -29.14  -4.37  46.76  55.27  32.22 188.52   1.50   1.50   4.00   4.00   8.00
241  10    5 -28.16  -8.66  46.76  55.27  32.22 197.09   1.50   1.50   4.00   4.00   8.00
242  10    5 -26.56 -12.76  46.76  55.27  32.22 205.66   1.50   1.50   4.00   4.00   8.00
243  10    5 -24.36 -16.57  46.76  55.27  32.22 214.23   1.50   1.50   4.00   4.00   8.00
244  10    5 -21.62 -20.02  46.76  55.27  32.22 222.80   1.50   1.50   4.00   4.00   8.00
245  10    5 -18.39 -23.01  46.76  55.27  32.22 231.37   1.50   1.50   4.00   4.00   8.00
246  10    5 -14.76 -25.50  46.76  55.27  32.22 239.93   1.50   1.50   4.00   4.00   8.00
247  10    5 -10.80 -27.41  46.76  55.27  32.22 248.50   1.50   1.50   4.00   4.00   8.00
248  10    5  -6.59 -28.72  46.76  55.27  32.22 257.07   1.50   1.50   4.00   4.00   8.00
249  10    5  -2.24 -29.38  46.76  55.27  32.22 265.64   1.50   1.50   4.00   4.00   8.00
250  10    5   2.16 -29.38  46.76  55.27  32.22 274.21   1.50   1.50   4.00   4.00   8.00
251  10    5   6.52 -28.73  46.76  55.27  32.22 282.78   1.50   1.50   4.00   4.00   8.00
252  10    5  10.73 -27.44  46.76  55.27  32.22 291.35   1.50   1.50   4.00   4.00   8.00
253  10    5  14.69 -25.54  46.76  55.27  32.22 299.92   1.50   1.50   4.00   4.00   8.00
254  10    5  18.34 -23.06  46.76  55.27  32.22 308.49   1.50   1.50   4.00   4.00   8.00
255  10    5  21.57 -20.07  46.76  55.27  32.22 317.06   1.50   1.50   4.00   4.00   8.00
256  10    5  24.32 -16.63  46.76  55.27  32.22 325.63   1.50   1.50   4.00   4.00   8.00
257  10    5  26.52 -12.83  46.76  55.27  32.22 334.20   1.50   1.50   4.00   4.00   8.00
258  10    5  28.14  -8.73  46.76  55.27  32.22 342.76   1.50   1.50   4.00   4.00   8.00
259  10    5  29.13  -4.44  46.76  55.27  32.22 351.33   1.50   1.50   4.00   4.00   8.00
260  11    5  31.46   0.00  46.73  56.33  33.95   0.00   1.50   1.50   4.00   4.00   8.00
261  11    5  31.15   4.38  46.73  56.33  33.95   8.00   1.50   1.50   4.00   4.00   8.00
262  11    5  30.24   8.67  46.73  56.33  33.95  16.00   1.50   1.50   4.00   4.00   8.00
263  11    5  28.74  12.79  46.73  56.33  33.95  24.00   1.50   1.50   4.00   4.00   8.00
264  11    5  26.68  16.67  46.73  56.33  33.95  32.00   1.50   1.50   4.00   4.00   8.00
265  11    5  24.10  20.22  46.73  56.33  33.95  40.00   1.50   1.50   4.00   4.00   8.00
266  11    5  21.05  23.38  46.73  56.33  33.95  48.00   1.50   1.50   4.00   4.00   8.00
267  11    5  17.59  26.08  46.73  56.33  33.95  56.00   1.50   1.50   4.00   4.00   8.00
268  11    5  13.79  28.27  46.73  56.33  33.95  64.00   1.50   1.50   4.00   4.00   8.00
269  11    5   9.72  29.92  46.73  56.33  33.95  72.00   1.50   1.50   4.00   4.00   8.00
270  11    5   5.46  30.98  46.73  56.33  33.95  80.00   1.50   1.50   4.00   4.00   8.00
271  11    5   1.10  31.44  46.73  56.33  33.95  88.00   1.50   1.50   4.00   4.00   8.00
272  11    5  -3.29  31.29  46.73  56.33  33.95  96.00   1.50   1.50   4.00   4.00   8.00
273  11    5  -7.61  30.52  46.73  56.33  33.95 104.00   1.50   1.50   4.00   4.00   8.00
274  11    5 -11.78  29.17  46.73  56.33  33.95 112.00   1.50   1.50   4.00   4.00   8.00
275  11    5 -15.73  27.25  46.73  56.33  33.95 120.00   1.50   1.50   4.00   4.00   8.00
276  11    5 -19.37  24.79  46.73  56.33  33.95 127.99   1.50   1.50   4.00   4.00   8.00
277  11    5 -22.63  21.86  46.73  56.33  33.95 135.99   1.50   1.50   4.00   4.00   8.00
278  11    5 -25.45  18.49  46.73  56.33  33.95 143.99   1.50   1.50   4.00   4.00   8.00
279  11    5 -27.77  14.77  46.73  56.33  33.95 151.99   1.50   1.50   4.00   4.00   8.00
280  11    5 -29.56  10.76  46.73  56.33  33.95 159.99   1.50   1.50   4.00   4.00   8.00
281  11    5 -30.77   6.54  46.73  56.33  33.95 167.99   1.50   1.50   4.00   4.00   8.00
282  11    5 -31.38   2.20  46.73  56.33  33.95 175.99   1.50   1.50   4.00   4.00   8.00
283  11    5 -31.38  -2.19  46.73  56.33  33.95 183.99   1.50   1.50   4.00   4.00   8.00
284  11    5 -30.77  -6.54  46.73  56.33  33.95 191.99   1.50   1.50   4.00   4.00   8.00
285  11    5 -29.56 -10.76  46.73  56.33  33.95 199.99   1.50   1.50   4.00   4.00   8.00
286  11    5 -27.78 -14.76  46.73  56.33  33.95 207.99   1.50   1.50   4.00   4.00   8.00
287  11    5 -25.45 -18.49  46.73  56.33  33.95 215.99   1.50   1.50   4.00   4.00   8.00
288  11    5 -22.63 -21.85  46.73  56.33  33.95 223.99   1.50   1.50   4.00   4.00   8.00
289  11    5 -19.37 -24.79  46.73  56.33  33.95 231.99   1.50   1.50   4.00   4.00   8.00
290  11    5 -15.73 -27.24  46.73  56.33  33.95 239.99   1.50   1.50   4.00   4.00   8.00
291  11    5 -11.79 -29.17  46.73  56.33  33.95 247.99   1.50   1.50   4.00   4.00   8.00
292  11    5  -7.62 -30.52  46.73  56.33  33.95 255.99   1.50   1.50   4.00   4.00   8.00
293  11    5  -3.29 -31.29  46.73  56.33  33.95 263.99   1.50   1.50   4.00   4.00   8.00
294  11    5   1.09 -31.44  46.73  56.33  33.95 271.99   1.50   1.50   4.00   4.00   8.00
295  11    5   5.46 -30.98  46.73  56.33  33.95 279.99   1.50   1.50   4.00   4.00   8.00
296  11    5   9.72 -29.92  46.73  56.33  33.95 287.99   1.50   1.50   4.00   4.00   8.00
297  11    5  13.78 -28.28  46.73  56.33  33.95 295.99   1.50   1.50   4.00   4.00   8.00
298  11    5  17.59 -26.08  46.73  56.33  33.95 303.99   1.50   1.50   4.00   4.00   8.00
299  11    5  21.04 -23.38  46.73  56.33  33.95 311.99   1.50   1.50   4.00   4.00   8.00
300  11    5  24.09 -20.23  46.73  56.33  33.95 319.99   1.50   1.50   4.00   4.00   8.00
301  11    5  26.67 -16.68  46.73  56.33  33.95 327.99   1.50   1.50   4.00   4.00   8.00
302  11    5  28.74 -12.80  46.73  56.33  33.95 335.99   1.50   1.50   4.00   4.00   8.00
303  11    5  30.24  -8.68  46.73  56.33  33.95 343.99   1.50   1.50   4.00   4.00   8.00
304  11    5  31.15  -4.39  46.73  56.33  33.95 351.99   1.50   1.50   4.00   4.00   8.00

