  1   1   15   5.04   0.00  23.37  23.91  12.17   0.00   2.00   1.50   5.00   4.00   8.00
  2   1   15   2.52   4.37  23.37  23.91  12.17  60.00   2.00   1.50   5.00   4.00   8.00
  3   1   15  -2.52   4.37  23.37  23.91  12.17 120.00   2.00   1.50   5.00   4.00   8.00
  4   1   15  -5.04   0.00  23.37  23.91  12.17 180.00   2.00   1.50   5.00   4.00   8.00
  5   1   15  -2.52  -4.37  23.37  23.91  12.17 239.99   2.00   1.50   5.00   4.00   8.00
  6   1   15   2.52  -4.37  23.37  23.91  12.17 299.99   2.00   1.50   5.00   4.00   8.00
  7   2   15   7.41   0.00  23.52  24.66  17.50   0.00   2.00   1.50   5.00   4.00   8.00
  8   2   15   5.68   4.76  23.52  24.66  17.50  40.00   2.00   1.50   5.00   4.00   8.00
  9   2   15   1.29   7.30  23.52  24.66  17.50  80.00   2.00   1.50   5.00   4.00   8.00
 10   2   15  -3.71   6.42  23.52  24.66  17.50 119.99   2.00   1.50   5.00   4.00   8.00
 11   2   15  -6.97   2.54  23.52  24.66  17.50 159.99   2.00   1.50   5.00   4.00   8.00
 12   2   15  -6.97  -2.53  23.52  24.66  17.50 199.99   2.00   1.50   5.00   4.00   8.00
 13   2   15  -3.71  -6.42  23.52  24.66  17.50 239.99   2.00   1.50   5.00   4.00   8.00
 14   2   15   1.29  -7.30  23.52  24.66  17.50 279.98   2.00   1.50   5.00   4.00   8.00
 15   2   15   5.68  -4.77  23.52  24.66  17.50 319.98   2.00   1.50   5.00   4.00   8.00
 16   3   15  10.32   0.00  25.34  27.36  22.16   0.00   2.00   1.50   5.00   4.00   8.00
 17   3   15   9.14   4.79  25.34  27.36  22.16  27.69   2.00   1.50   5.00   4.00   8.00
 18   3   15   5.86   8.49  25.34  27.36  22.16  55.38   2.00   1.50   5.00   4.00   8.00
 19   3   15   1.24  10.24  25.34  27.36  22.16  83.08   2.00   1.50   5.00   4.00   8.00
 20   3   15  -3.66   9.65  25.34  27.36  22.16 110.77   2.00   1.50   5.00   4.00   8.00
 21   3   15  -7.72   6.84  25.34  27.36  22.16 138.46   2.00   1.50   5.00   4.00   8.00
 22   3   15 -10.02   2.47  25.34  27.36  22.16 166.15   2.00   1.50   5.00   4.00   8.00
 23   3   15 -10.02  -2.47  25.34  27.36  22.16 193.84   2.00   1.50   5.00   4.00   8.00
 24   3   15  -7.72  -6.84  25.34  27.36  22.16 221.54   2.00   1.50   5.00   4.00   8.00
 25   3   15  -3.66  -9.65  25.34  27.36  22.16 249.23   2.00   1.50   5.00   4.00   8.00
 26   3   15   1.24 -10.24  25.34  27.36  22.16 276.92   2.00   1.50   5.00   4.00   8.00
 27   3   15   5.86  -8.49  25.34  27.36  22.16 304.61   2.00   1.50   5.00   4.00   8.00
 28   3   15   9.14  -4.80  25.34  27.36  22.16 332.30   2.00   1.50   5.00   4.00   8.00
 29   4   15  12.50   0.00  25.36  28.27  26.23   0.00   2.00   1.50   5.00   4.00   8.00
 30   4   15  11.55   4.78  25.36  28.27  26.23  22.50   2.00   1.50   5.00   4.00   8.00
 31   4   15   8.84   8.84  25.36  28.27  26.23  44.99   2.00   1.50   5.00   4.00   8.00
 32   4   15   4.78  11.55  25.36  28.27  26.23  67.49   2.00   1.50   5.00   4.00   8.00
 33   4   15   0.00  12.50  25.36  28.27  26.23  89.99   2.00   1.50   5.00   4.00   8.00
 34   4   15  -4.78  11.55  25.36  28.27  26.23 112.48   2.00   1.50   5.00   4.00   8.00
 35   4   15  -8.83   8.84  25.36  28.27  26.23 134.98   2.00   1.50   5.00   4.00   8.00
 36   4   15 -11.54   4.79  25.36  28.27  26.23 157.47   2.00   1.50   5.00   4.00   8.00
 37   4   15 -12.50   0.01  25.36  28.27  26.23 179.97   2.00   1.50   5.00   4.00   8.00
 38   4   15 -11.55  -4.78  25.36  28.27  26.23 202.47   2.00   1.50   5.00   4.00   8.00
 39   4   15  -8.84  -8.83  25.36  28.27  26.23 224.96   2.00   1.50   5.00   4.00   8.00
 40   4   15  -4.79 -11.54  25.36  28.27  26.23 247.46   2.00   1.50   5.00   4.00   8.00
 41   4   15  -0.01 -12.50  25.36  28.27  26.23 269.96   2.00   1.50   5.00   4.00   8.00
 42   4   15   4.77 -11.55  25.36  28.27  26.23 292.45   2.00   1.50   5.00   4.00   8.00
 43   4   15   8.83  -8.84  25.36  28.27  26.23 314.95   2.00   1.50   5.00   4.00   8.00
 44   4   15  11.54  -4.79  25.36  28.27  26.23 337.44   2.00   1.50   5.00   4.00   8.00
 45   5   15  15.28   0.00  26.43  30.53  30.03   0.00   2.00   1.50   5.00   4.00   8.00
 46   5   15  14.53   4.72  26.43  30.53  30.03  18.00   2.00   1.50   5.00   4.00   8.00
 47   5   15  12.36   8.98  26.43  30.53  30.03  36.00   2.00   1.50   5.00   4.00   8.00
 48   5   15   8.98  12.36  26.43  30.53  30.03  54.00   2.00   1.50   5.00   4.00   8.00
 49   5   15   4.72  14.53  26.43  30.53  30.03  72.00   2.00   1.50   5.00   4.00   8.00
 50   5   15   0.00  15.28  26.43  30.53  30.03  90.00   2.00   1.50   5.00   4.00   8.00
 51   5   15  -4.72  14.53  26.43  30.53  30.03 108.00   2.00   1.50   5.00   4.00   8.00
 52   5   15  -8.98  12.36  26.43  30.53  30.03 126.00   2.00   1.50   5.00   4.00   8.00
 53   5   15 -12.36   8.98  26.43  30.53  30.03 144.00   2.00   1.50   5.00   4.00   8.00
 54   5   15 -14.53   4.72  26.43  30.53  30.03 162.00   2.00   1.50   5.00   4.00   8.00
 55   5   15 -15.28   0.00  26.43  30.53  30.03 180.00   2.00   1.50   5.00   4.00   8.00
 56   5   15 -14.53  -4.72  26.43  30.53  30.03 198.00   2.00   1.50   5.00   4.00   8.00
 57   5   15 -12.36  -8.98  26.43  30.53  30.03 216.00   2.00   1.50   5.00   4.00   8.00
 58   5   15  -8.98 -12.36  26.43  30.53  30.03 234.00   2.00   1.50   5.00   4.00   8.00
 59   5   15  -4.72 -14.53  26.43  30.53  30.03 252.00   2.00   1.50   5.00   4.00   8.00
 60   5   15  -0.00 -15.28  26.43  30.53  30.03 270.00   2.00   1.50   5.00   4.00   8.00
 61   5   15   4.72 -14.53  26.43  30.53  30.03 288.00   2.00   1.50   5.00   4.00   8.00
 62   5   15   8.98 -12.36  26.43  30.53  30.03 306.00   2.00   1.50   5.00   4.00   8.00
 63   5   15  12.36  -8.98  26.43  30.53  30.03 324.00   2.00   1.50   5.00   4.00   8.00
 64   5   15  14.53  -4.72  26.43  30.53  30.03 342.00   2.00   1.50   5.00   4.00   8.00
 65   6   15  17.39   0.00  26.22  31.46  33.55   0.00   2.00   1.50   5.00   4.00   8.00
 66   6   15  16.74   4.69  26.22  31.46  33.55  15.65   2.00   1.50   5.00   4.00   8.00
 67   6   15  14.86   9.03  26.22  31.46  33.55  31.30   2.00   1.50   5.00   4.00   8.00
 68   6   15  11.87  12.71  26.22  31.46  33.55  46.96   2.00   1.50   5.00   4.00   8.00
 69   6   15   8.00  15.44  26.22  31.46  33.55  62.61   2.00   1.50   5.00   4.00   8.00
 70   6   15   3.54  17.02  26.22  31.46  33.55  78.26   2.00   1.50   5.00   4.00   8.00
 71   6   15  -1.19  17.35  26.22  31.46  33.55  93.91   2.00   1.50   5.00   4.00   8.00
 72   6   15  -5.82  16.38  26.22  31.46  33.55 109.56   2.00   1.50   5.00   4.00   8.00
 73   6   15 -10.03  14.21  26.22  31.46  33.55 125.22   2.00   1.50   5.00   4.00   8.00
 74   6   15 -13.49  10.97  26.22  31.46  33.55 140.87   2.00   1.50   5.00   4.00   8.00
 75   6   15 -15.95   6.93  26.22  31.46  33.55 156.52   2.00   1.50   5.00   4.00   8.00
 76   6   15 -17.22   2.37  26.22  31.46  33.55 172.17   2.00   1.50   5.00   4.00   8.00
 77   6   15 -17.23  -2.37  26.22  31.46  33.55 187.82   2.00   1.50   5.00   4.00   8.00
 78   6   15 -15.95  -6.93  26.22  31.46  33.55 203.47   2.00   1.50   5.00   4.00   8.00
 79   6   15 -13.49 -10.97  26.22  31.46  33.55 219.13   2.00   1.50   5.00   4.00   8.00
 80   6   15 -10.03 -14.20  26.22  31.46  33.55 234.78   2.00   1.50   5.00   4.00   8.00
 81   6   15  -5.82 -16.38  26.22  31.46  33.55 250.43   2.00   1.50   5.00   4.00   8.00
 82   6   15  -1.19 -17.35  26.22  31.46  33.55 266.08   2.00   1.50   5.00   4.00   8.00
 83   6   15   3.54 -17.02  26.22  31.46  33.55 281.73   2.00   1.50   5.00   4.00   8.00
 84   6   15   8.00 -15.44  26.22  31.46  33.55 297.39   2.00   1.50   5.00   4.00   8.00
 85   6   15  11.87 -12.71  26.22  31.46  33.55 313.04   2.00   1.50   5.00   4.00   8.00
 86   6   15  14.85  -9.04  26.22  31.46  33.55 328.69   2.00   1.50   5.00   4.00   8.00
 87   6   15  16.74  -4.69  26.22  31.46  33.55 344.34   2.00   1.50   5.00   4.00   8.00
 88   7   15  20.11   0.00  26.79  33.50  36.90   0.00   2.00   1.50   5.00   4.00   8.00
 89   7   15  19.57   4.64  26.79  33.50  36.90  13.33   2.00   1.50   5.00   4.00   8.00
 90   7   15  17.97   9.03  26.79  33.50  36.90  26.66   2.00   1.50   5.00   4.00   8.00
 91   7   15  15.41  12.93  26.79  33.50  36.90  40.00   2.00   1.50   5.00   4.00   8.00
 92   7   15  12.01  16.13  26.79  33.50  36.90  53.33   2.00   1.50   5.00   4.00   8.00
 93   7   15   7.97  18.47  26.79  33.50  36.90  66.66   2.00   1.50   5.00   4.00   8.00
 94   7   15   3.50  19.81  26.79  33.50  36.90  79.99   2.00   1.50   5.00   4.00   8.00
 95   7   15  -1.17  20.08  26.79  33.50  36.90  93.32   2.00   1.50   5.00   4.00   8.00
 96   7   15  -5.77  19.27  26.79  33.50  36.90 106.66   2.00   1.50   5.00   4.00   8.00
 97   7   15 -10.05  17.42  26.79  33.50  36.90 119.99   2.00   1.50   5.00   4.00   8.00
 98   7   15 -13.80  14.63  26.79  33.50  36.90 133.32   2.00   1.50   5.00   4.00   8.00
 99   7   15 -16.80  11.06  26.79  33.50  36.90 146.65   2.00   1.50   5.00   4.00   8.00
100   7   15 -18.90   6.88  26.79  33.50  36.90 159.98   2.00   1.50   5.00   4.00   8.00
101   7   15 -19.98   2.34  26.79  33.50  36.90 173.32   2.00   1.50   5.00   4.00   8.00
102   7   15 -19.98  -2.33  26.79  33.50  36.90 186.65   2.00   1.50   5.00   4.00   8.00
103   7   15 -18.90  -6.87  26.79  33.50  36.90 199.98   2.00   1.50   5.00   4.00   8.00
104   7   15 -16.81 -11.05  26.79  33.50  36.90 213.31   2.00   1.50   5.00   4.00   8.00
105   7   15 -13.81 -14.63  26.79  33.50  36.90 226.65   2.00   1.50   5.00   4.00   8.00
106   7   15 -10.06 -17.42  26.79  33.50  36.90 239.98   2.00   1.50   5.00   4.00   8.00
107   7   15  -5.78 -19.27  26.79  33.50  36.90 253.31   2.00   1.50   5.00   4.00   8.00
108   7   15  -1.18 -20.08  26.79  33.50  36.90 266.64   2.00   1.50   5.00   4.00   8.00
109   7   15   3.48 -19.81  26.79  33.50  36.90 279.97   2.00   1.50   5.00   4.00   8.00
110   7   15   7.96 -18.47  26.79  33.50  36.90 293.31   2.00   1.50   5.00   4.00   8.00
111   7   15  12.00 -16.14  26.79  33.50  36.90 306.64   2.00   1.50   5.00   4.00   8.00
112   7   15  15.40 -12.94  26.79  33.50  36.90 319.97   2.00   1.50   5.00   4.00   8.00
113   7   15  17.97  -9.04  26.79  33.50  36.90 333.30   2.00   1.50   5.00   4.00   8.00
114   7   15  19.57  -4.65  26.79  33.50  36.90 346.63   2.00   1.50   5.00   4.00   8.00
115   8   15  21.54   0.00  25.56  33.43  40.13   0.00   2.00   1.50   5.00   4.00   8.00
116   8   15  21.04   4.63  25.56  33.43  40.13  12.41   2.00   1.50   5.00   4.00   8.00
117   8   15  19.55   9.04  25.56  33.43  40.13  24.82   2.00   1.50   5.00   4.00   8.00
118   8   15  17.15  13.04  25.56  33.43  40.13  37.24   2.00   1.50   5.00   4.00   8.00
119   8   15  13.95  16.42  25.56  33.43  40.13  49.65   2.00   1.50   5.00   4.00   8.00
120   8   15  10.09  19.03  25.56  33.43  40.13  62.06   2.00   1.50   5.00   4.00   8.00
121   8   15   5.77  20.76  25.56  33.43  40.13  74.47   2.00   1.50   5.00   4.00   8.00
122   8   15   1.17  21.51  25.56  33.43  40.13  86.89   2.00   1.50   5.00   4.00   8.00
123   8   15  -3.48  21.26  25.56  33.43  40.13  99.30   2.00   1.50   5.00   4.00   8.00
124   8   15  -7.97  20.02  25.56  33.43  40.13 111.71   2.00   1.50   5.00   4.00   8.00
125   8   15 -12.09  17.83  25.56  33.43  40.13 124.12   2.00   1.50   5.00   4.00   8.00
126   8   15 -15.64  14.82  25.56  33.43  40.13 136.53   2.00   1.50   5.00   4.00   8.00
127   8   15 -18.46  11.11  25.56  33.43  40.13 148.95   2.00   1.50   5.00   4.00   8.00
128   8   15 -20.41   6.89  25.56  33.43  40.13 161.36   2.00   1.50   5.00   4.00   8.00
129   8   15 -21.42   2.34  25.56  33.43  40.13 173.77   2.00   1.50   5.00   4.00   8.00
130   8   15 -21.42  -2.32  25.56  33.43  40.13 186.18   2.00   1.50   5.00   4.00   8.00
131   8   15 -20.42  -6.87  25.56  33.43  40.13 198.60   2.00   1.50   5.00   4.00   8.00
132   8   15 -18.46 -11.10  25.56  33.43  40.13 211.01   2.00   1.50   5.00   4.00   8.00
133   8   15 -15.65 -14.81  25.56  33.43  40.13 223.42   2.00   1.50   5.00   4.00   8.00
134   8   15 -12.10 -17.83  25.56  33.43  40.13 235.83   2.00   1.50   5.00   4.00   8.00
135   8   15  -7.98 -20.01  25.56  33.43  40.13 248.25   2.00   1.50   5.00   4.00   8.00
136   8   15  -3.50 -21.26  25.56  33.43  40.13 260.66   2.00   1.50   5.00   4.00   8.00
137   8   15   1.15 -21.51  25.56  33.43  40.13 273.07   2.00   1.50   5.00   4.00   8.00
138   8   15   5.75 -20.76  25.56  33.43  40.13 285.48   2.00   1.50   5.00   4.00   8.00
139   8   15  10.08 -19.04  25.56  33.43  40.13 297.89   2.00   1.50   5.00   4.00   8.00
140   8   15  13.94 -16.43  25.56  33.43  40.13 310.31   2.00   1.50   5.00   4.00   8.00
141   8   15  17.14 -13.05  25.56  33.43  40.13 322.72   2.00   1.50   5.00   4.00   8.00
142   8   15  19.55  -9.06  25.56  33.43  40.13 335.13   2.00   1.50   5.00   4.00   8.00
143   8   15  21.04  -4.65  25.56  33.43  40.13 347.54   2.00   1.50   5.00   4.00   8.00
144   9   15  23.60   0.00  25.05  34.41  43.29   0.00   2.00   1.50   5.00   4.00   8.00
145   9   15  23.15   4.60  25.05  34.41  43.29  11.25   2.00   1.50   5.00   4.00   8.00
146   9   15  21.80   9.03  25.05  34.41  43.29  22.50   2.00   1.50   5.00   4.00   8.00
147   9   15  19.62  13.11  25.05  34.41  43.29  33.74   2.00   1.50   5.00   4.00   8.00
148   9   15  16.69  16.68  25.05  34.41  43.29  44.99   2.00   1.50   5.00   4.00   8.00
149   9   15  13.11  19.62  25.05  34.41  43.29  56.24   2.00   1.50   5.00   4.00   8.00
150   9   15   9.04  21.80  25.05  34.41  43.29  67.49   2.00   1.50   5.00   4.00   8.00
151   9   15   4.61  23.14  25.05  34.41  43.29  78.73   2.00   1.50   5.00   4.00   8.00
152   9   15   0.01  23.60  25.05  34.41  43.29  89.98   2.00   1.50   5.00   4.00   8.00
153   9   15  -4.60  23.15  25.05  34.41  43.29 101.23   2.00   1.50   5.00   4.00   8.00
154   9   15  -9.02  21.81  25.05  34.41  43.29 112.48   2.00   1.50   5.00   4.00   8.00
155   9   15 -13.10  19.63  25.05  34.41  43.29 123.73   2.00   1.50   5.00   4.00   8.00
156   9   15 -16.68  16.69  25.05  34.41  43.29 134.97   2.00   1.50   5.00   4.00   8.00
157   9   15 -19.62  13.12  25.05  34.41  43.29 146.22   2.00   1.50   5.00   4.00   8.00
158   9   15 -21.80   9.04  25.05  34.41  43.29 157.47   2.00   1.50   5.00   4.00   8.00
159   9   15 -23.14   4.62  25.05  34.41  43.29 168.72   2.00   1.50   5.00   4.00   8.00
160   9   15 -23.60   0.01  25.05  34.41  43.29 179.96   2.00   1.50   5.00   4.00   8.00
161   9   15 -23.15  -4.59  25.05  34.41  43.29 191.21   2.00   1.50   5.00   4.00   8.00
162   9   15 -21.81  -9.02  25.05  34.41  43.29 202.46   2.00   1.50   5.00   4.00   8.00
163   9   15 -19.63 -13.10  25.05  34.41  43.29 213.71   2.00   1.50   5.00   4.00   8.00
164   9   15 -16.70 -16.67  25.05  34.41  43.29 224.96   2.00   1.50   5.00   4.00   8.00
165   9   15 -13.13 -19.61  25.05  34.41  43.29 236.20   2.00   1.50   5.00   4.00   8.00
166   9   15  -9.05 -21.80  25.05  34.41  43.29 247.45   2.00   1.50   5.00   4.00   8.00
167   9   15  -4.62 -23.14  25.05  34.41  43.29 258.70   2.00   1.50   5.00   4.00   8.00
168   9   15  -0.02 -23.60  25.05  34.41  43.29 269.95   2.00   1.50   5.00   4.00   8.00
169   9   15   4.58 -23.15  25.05  34.41  43.29 281.20   2.00   1.50   5.00   4.00   8.00
170   9   15   9.01 -21.81  25.05  34.41  43.29 292.44   2.00   1.50   5.00   4.00   8.00
171   9   15  13.09 -19.64  25.05  34.41  43.29 303.69   2.00   1.50   5.00   4.00   8.00
172   9   15  16.67 -16.71  25.05  34.41  43.29 314.94   2.00   1.50   5.00   4.00   8.00
173   9   15  19.61 -13.13  25.05  34.41  43.29 326.19   2.00   1.50   5.00   4.00   8.00
174   9   15  21.79  -9.06  25.05  34.41  43.29 337.43   2.00   1.50   5.00   4.00   8.00
175   9   15  23.14  -4.63  25.05  34.41  43.29 348.68   2.00   1.50   5.00   4.00   8.00
176  10   15  25.00   0.00  23.80  34.52  46.40   0.00   2.00   1.50   5.00   4.00   8.00
177  10   15  24.57   4.59  23.80  34.52  46.40  10.59   2.00   1.50   5.00   4.00   8.00
178  10   15  23.31   9.03  23.80  34.52  46.40  21.17   2.00   1.50   5.00   4.00   8.00
179  10   15  21.26  13.16  23.80  34.52  46.40  31.76   2.00   1.50   5.00   4.00   8.00
180  10   15  18.48  16.84  23.80  34.52  46.40  42.35   2.00   1.50   5.00   4.00   8.00
181  10   15  15.07  19.95  23.80  34.52  46.40  52.93   2.00   1.50   5.00   4.00   8.00
182  10   15  11.15  22.38  23.80  34.52  46.40  63.52   2.00   1.50   5.00   4.00   8.00
183  10   15   6.85  24.04  23.80  34.52  46.40  74.11   2.00   1.50   5.00   4.00   8.00
184  10   15   2.31  24.89  23.80  34.52  46.40  84.70   2.00   1.50   5.00   4.00   8.00
185  10   15  -2.30  24.89  23.80  34.52  46.40  95.28   2.00   1.50   5.00   4.00   8.00
186  10   15  -6.84  24.05  23.80  34.52  46.40 105.87   2.00   1.50   5.00   4.00   8.00
187  10   15 -11.14  22.38  23.80  34.52  46.40 116.46   2.00   1.50   5.00   4.00   8.00
188  10   15 -15.06  19.95  23.80  34.52  46.40 127.04   2.00   1.50   5.00   4.00   8.00
189  10   15 -18.47  16.85  23.80  34.52  46.40 137.63   2.00   1.50   5.00   4.00   8.00
190  10   15 -21.25  13.17  23.80  34.52  46.40 148.22   2.00   1.50   5.00   4.00   8.00
191  10   15 -23.31   9.04  23.80  34.52  46.40 158.80   2.00   1.50   5.00   4.00   8.00
192  10   15 -24.57   4.60  23.80  34.52  46.40 169.39   2.00   1.50   5.00   4.00   8.00
193  10   15 -25.00   0.01  23.80  34.52  46.40 179.98   2.00   1.50   5.00   4.00   8.00
194  10   15 -24.58  -4.58  23.80  34.52  46.40 190.56   2.00   1.50   5.00   4.00   8.00
195  10   15 -23.32  -9.02  23.80  34.52  46.40 201.15   2.00   1.50   5.00   4.00   8.00
196  10   15 -21.26 -13.15  23.80  34.52  46.40 211.74   2.00   1.50   5.00   4.00   8.00
197  10   15 -18.48 -16.83  23.80  34.52  46.40 222.32   2.00   1.50   5.00   4.00   8.00
198  10   15 -15.08 -19.94  23.80  34.52  46.40 232.91   2.00   1.50   5.00   4.00   8.00
199  10   15 -11.16 -22.37  23.80  34.52  46.40 243.50   2.00   1.50   5.00   4.00   8.00
200  10   15  -6.86 -24.04  23.80  34.52  46.40 254.09   2.00   1.50   5.00   4.00   8.00
201  10   15  -2.32 -24.89  23.80  34.52  46.40 264.67   2.00   1.50   5.00   4.00   8.00
202  10   15   2.29 -24.90  23.80  34.52  46.40 275.26   2.00   1.50   5.00   4.00   8.00
203  10   15   6.83 -24.05  23.80  34.52  46.40 285.85   2.00   1.50   5.00   4.00   8.00
204  10   15  11.13 -22.39  23.80  34.52  46.40 296.43   2.00   1.50   5.00   4.00   8.00
205  10   15  15.05 -19.96  23.80  34.52  46.40 307.02   2.00   1.50   5.00   4.00   8.00
206  10   15  18.46 -16.86  23.80  34.52  46.40 317.61   2.00   1.50   5.00   4.00   8.00
207  10   15  21.25 -13.18  23.80  34.52  46.40 328.19   2.00   1.50   5.00   4.00   8.00
208  10   15  23.31  -9.05  23.80  34.52  46.40 338.78   2.00   1.50   5.00   4.00   8.00
209  10   15  24.57  -4.61  23.80  34.52  46.40 349.37   2.00   1.50   5.00   4.00   8.00
210  11   15  26.39   0.00  22.55  34.71  49.49   0.00   2.00   1.50   5.00   4.00   8.00
211  11   15  25.99   4.58  22.55  34.71  49.49  10.00   2.00   1.50   5.00   4.00   8.00
212  11   15  24.80   9.03  22.55  34.71  49.49  20.00   2.00   1.50   5.00   4.00   8.00
213  11   15  22.86  13.19  22.55  34.71  49.49  30.00   2.00   1.50   5.00   4.00   8.00
214  11   15  20.22  16.96  22.55  34.71  49.49  40.00   2.00   1.50   5.00   4.00   8.00
215  11   15  16.97  20.22  22.55  34.71  49.49  49.99   2.00   1.50   5.00   4.00   8.00
216  11   15  13.20  22.85  22.55  34.71  49.49  59.99   2.00   1.50   5.00   4.00   8.00
217  11   15   9.03  24.80  22.55  34.71  49.49  69.99   2.00   1.50   5.00   4.00   8.00
218  11   15   4.59  25.99  22.55  34.71  49.49  79.99   2.00   1.50   5.00   4.00   8.00
219  11   15   0.00  26.39  22.55  34.71  49.49  89.99   2.00   1.50   5.00   4.00   8.00
220  11   15  -4.58  25.99  22.55  34.71  49.49  99.99   2.00   1.50   5.00   4.00   8.00
221  11   15  -9.02  24.80  22.55  34.71  49.49 109.99   2.00   1.50   5.00   4.00   8.00
222  11   15 -13.19  22.86  22.55  34.71  49.49 119.99   2.00   1.50   5.00   4.00   8.00
223  11   15 -16.96  20.22  22.55  34.71  49.49 129.98   2.00   1.50   5.00   4.00   8.00
224  11   15 -20.21  16.97  22.55  34.71  49.49 139.98   2.00   1.50   5.00   4.00   8.00
225  11   15 -22.85  13.20  22.55  34.71  49.49 149.98   2.00   1.50   5.00   4.00   8.00
226  11   15 -24.80   9.03  22.55  34.71  49.49 159.98   2.00   1.50   5.00   4.00   8.00
227  11   15 -25.99   4.59  22.55  34.71  49.49 169.98   2.00   1.50   5.00   4.00   8.00
228  11   15 -26.39   0.01  22.55  34.71  49.49 179.98   2.00   1.50   5.00   4.00   8.00
229  11   15 -25.99  -4.57  22.55  34.71  49.49 189.98   2.00   1.50   5.00   4.00   8.00
230  11   15 -24.80  -9.02  22.55  34.71  49.49 199.98   2.00   1.50   5.00   4.00   8.00
231  11   15 -22.86 -13.19  22.55  34.71  49.49 209.97   2.00   1.50   5.00   4.00   8.00
232  11   15 -20.22 -16.95  22.55  34.71  49.49 219.97   2.00   1.50   5.00   4.00   8.00
233  11   15 -16.97 -20.21  22.55  34.71  49.49 229.97   2.00   1.50   5.00   4.00   8.00
234  11   15 -13.21 -22.85  22.55  34.71  49.49 239.97   2.00   1.50   5.00   4.00   8.00
235  11   15  -9.04 -24.79  22.55  34.71  49.49 249.97   2.00   1.50   5.00   4.00   8.00
236  11   15  -4.60 -25.99  22.55  34.71  49.49 259.97   2.00   1.50   5.00   4.00   8.00
237  11   15  -0.01 -26.39  22.55  34.71  49.49 269.97   2.00   1.50   5.00   4.00   8.00
238  11   15   4.57 -25.99  22.55  34.71  49.49 279.97   2.00   1.50   5.00   4.00   8.00
239  11   15   9.01 -24.81  22.55  34.71  49.49 289.97   2.00   1.50   5.00   4.00   8.00
240  11   15  13.18 -22.86  22.55  34.71  49.49 299.96   2.00   1.50   5.00   4.00   8.00
241  11   15  16.95 -20.23  22.55  34.71  49.49 309.96   2.00   1.50   5.00   4.00   8.00
242  11   15  20.21 -16.98  22.55  34.71  49.49 319.96   2.00   1.50   5.00   4.00   8.00
243  11   15  22.85 -13.21  22.55  34.71  49.49 329.96   2.00   1.50   5.00   4.00   8.00
244  11   15  24.79  -9.04  22.55  34.71  49.49 339.96   2.00   1.50   5.00   4.00   8.00
245  11   15  25.99  -4.60  22.55  34.71  49.49 349.96   2.00   1.50   5.00   4.00   8.00
246  12   15  27.77   0.00  21.28  34.99  52.54   0.00   2.00   1.50   5.00   4.00   8.00
247  12   15  27.40   4.57  21.28  34.99  52.54   9.47   2.00   1.50   5.00   4.00   8.00
248  12   15  26.27   9.02  21.28  34.99  52.54  18.94   2.00   1.50   5.00   4.00   8.00
249  12   15  24.43  13.22  21.28  34.99  52.54  28.41   2.00   1.50   5.00   4.00   8.00
250  12   15  21.92  17.06  21.28  34.99  52.54  37.89   2.00   1.50   5.00   4.00   8.00
251  12   15  18.81  20.43  21.28  34.99  52.54  47.36   2.00   1.50   5.00   4.00   8.00
252  12   15  15.20  23.25  21.28  34.99  52.54  56.83   2.00   1.50   5.00   4.00   8.00
253  12   15  11.16  25.43  21.28  34.99  52.54  66.30   2.00   1.50   5.00   4.00   8.00
254  12   15   6.83  26.92  21.28  34.99  52.54  75.77   2.00   1.50   5.00   4.00   8.00
255  12   15   2.30  27.68  21.28  34.99  52.54  85.24   2.00   1.50   5.00   4.00   8.00
256  12   15  -2.28  27.68  21.28  34.99  52.54  94.71   2.00   1.50   5.00   4.00   8.00
257  12   15  -6.81  26.93  21.28  34.99  52.54 104.18   2.00   1.50   5.00   4.00   8.00
258  12   15 -11.14  25.44  21.28  34.99  52.54 113.66   2.00   1.50   5.00   4.00   8.00
259  12   15 -15.18  23.26  21.28  34.99  52.54 123.13   2.00   1.50   5.00   4.00   8.00
260  12   15 -18.80  20.44  21.28  34.99  52.54 132.60   2.00   1.50   5.00   4.00   8.00
261  12   15 -21.91  17.07  21.28  34.99  52.54 142.07   2.00   1.50   5.00   4.00   8.00
262  12   15 -24.42  13.23  21.28  34.99  52.54 151.54   2.00   1.50   5.00   4.00   8.00
263  12   15 -26.26   9.04  21.28  34.99  52.54 161.01   2.00   1.50   5.00   4.00   8.00
264  12   15 -27.39   4.59  21.28  34.99  52.54 170.48   2.00   1.50   5.00   4.00   8.00
265  12   15 -27.77   0.02  21.28  34.99  52.54 179.95   2.00   1.50   5.00   4.00   8.00
266  12   15 -27.40  -4.55  21.28  34.99  52.54 189.43   2.00   1.50   5.00   4.00   8.00
267  12   15 -26.28  -9.00  21.28  34.99  52.54 198.90   2.00   1.50   5.00   4.00   8.00
268  12   15 -24.44 -13.20  21.28  34.99  52.54 208.37   2.00   1.50   5.00   4.00   8.00
269  12   15 -21.93 -17.04  21.28  34.99  52.54 217.84   2.00   1.50   5.00   4.00   8.00
270  12   15 -18.83 -20.42  21.28  34.99  52.54 227.31   2.00   1.50   5.00   4.00   8.00
271  12   15 -15.21 -23.24  21.28  34.99  52.54 236.78   2.00   1.50   5.00   4.00   8.00
272  12   15 -11.18 -25.42  21.28  34.99  52.54 246.25   2.00   1.50   5.00   4.00   8.00
273  12   15  -6.85 -26.92  21.28  34.99  52.54 255.73   2.00   1.50   5.00   4.00   8.00
274  12   15  -2.33 -27.68  21.28  34.99  52.54 265.20   2.00   1.50   5.00   4.00   8.00
275  12   15   2.26 -27.68  21.28  34.99  52.54 274.67   2.00   1.50   5.00   4.00   8.00
276  12   15   6.78 -26.93  21.28  34.99  52.54 284.14   2.00   1.50   5.00   4.00   8.00
277  12   15  11.12 -25.45  21.28  34.99  52.54 293.61   2.00   1.50   5.00   4.00   8.00
278  12   15  15.16 -23.27  21.28  34.99  52.54 303.08   2.00   1.50   5.00   4.00   8.00
279  12   15  18.78 -20.46  21.28  34.99  52.54 312.55   2.00   1.50   5.00   4.00   8.00
280  12   15  21.89 -17.09  21.28  34.99  52.54 322.02   2.00   1.50   5.00   4.00   8.00
281  12   15  24.41 -13.25  21.28  34.99  52.54 331.50   2.00   1.50   5.00   4.00   8.00
282  12   15  26.26  -9.06  21.28  34.99  52.54 340.97   2.00   1.50   5.00   4.00   8.00
283  12   15  27.39  -4.61  21.28  34.99  52.54 350.44   2.00   1.50   5.00   4.00   8.00
284  13   15  28.50   0.00  19.52  34.55  55.59   0.00   2.00   1.50   5.00   4.00   8.00
285  13   15  28.13   4.57  19.52  34.55  55.59   9.23   2.00   1.50   5.00   4.00   8.00
286  13   15  27.04   9.02  19.52  34.55  55.59  18.46   2.00   1.50   5.00   4.00   8.00
287  13   15  25.24  13.24  19.52  34.55  55.59  27.69   2.00   1.50   5.00   4.00   8.00
288  13   15  22.79  17.12  19.52  34.55  55.59  36.92   2.00   1.50   5.00   4.00   8.00
289  13   15  19.75  20.55  19.52  34.55  55.59  46.14   2.00   1.50   5.00   4.00   8.00
290  13   15  16.20  23.45  19.52  34.55  55.59  55.37   2.00   1.50   5.00   4.00   8.00
291  13   15  12.23  25.75  19.52  34.55  55.59  64.60   2.00   1.50   5.00   4.00   8.00
292  13   15   7.94  27.38  19.52  34.55  55.59  73.83   2.00   1.50   5.00   4.00   8.00
293  13   15   3.44  28.29  19.52  34.55  55.59  83.06   2.00   1.50   5.00   4.00   8.00
294  13   15  -1.14  28.48  19.52  34.55  55.59  92.29   2.00   1.50   5.00   4.00   8.00
295  13   15  -5.69  27.93  19.52  34.55  55.59 101.52   2.00   1.50   5.00   4.00   8.00
296  13   15 -10.10  26.66  19.52  34.55  55.59 110.75   2.00   1.50   5.00   4.00   8.00
297  13   15 -14.24  24.69  19.52  34.55  55.59 119.97   2.00   1.50   5.00   4.00   8.00
298  13   15 -18.02  22.09  19.52  34.55  55.59 129.20   2.00   1.50   5.00   4.00   8.00
299  13   15 -21.33  18.91  19.52  34.55  55.59 138.43   2.00   1.50   5.00   4.00   8.00
300  13   15 -24.08  15.25  19.52  34.55  55.59 147.66   2.00   1.50   5.00   4.00   8.00
301  13   15 -26.22  11.19  19.52  34.55  55.59 156.89   2.00   1.50   5.00   4.00   8.00
302  13   15 -27.67   6.84  19.52  34.55  55.59 166.12   2.00   1.50   5.00   4.00   8.00
303  13   15 -28.41   2.31  19.52  34.55  55.59 175.35   2.00   1.50   5.00   4.00   8.00
304  13   15 -28.41  -2.27  19.52  34.55  55.59 184.58   2.00   1.50   5.00   4.00   8.00
305  13   15 -27.68  -6.80  19.52  34.55  55.59 193.81   2.00   1.50   5.00   4.00   8.00
306  13   15 -26.23 -11.15  19.52  34.55  55.59 203.03   2.00   1.50   5.00   4.00   8.00
307  13   15 -24.10 -15.22  19.52  34.55  55.59 212.26   2.00   1.50   5.00   4.00   8.00
308  13   15 -21.35 -18.88  19.52  34.55  55.59 221.49   2.00   1.50   5.00   4.00   8.00
309  13   15 -18.05 -22.06  19.52  34.55  55.59 230.72   2.00   1.50   5.00   4.00   8.00
310  13   15 -14.27 -24.67  19.52  34.55  55.59 239.95   2.00   1.50   5.00   4.00   8.00
311  13   15 -10.13 -26.64  19.52  34.55  55.59 249.18   2.00   1.50   5.00   4.00   8.00
312  13   15  -5.73 -27.92  19.52  34.55  55.59 258.41   2.00   1.50   5.00   4.00   8.00
313  13   15  -1.18 -28.48  19.52  34.55  55.59 267.64   2.00   1.50   5.00   4.00   8.00
314  13   15   3.41 -28.30  19.52  34.55  55.59 276.87   2.00   1.50   5.00   4.00   8.00
315  13   15   7.90 -27.39  19.52  34.55  55.59 286.09   2.00   1.50   5.00   4.00   8.00
316  13   15  12.19 -25.76  19.52  34.55  55.59 295.32   2.00   1.50   5.00   4.00   8.00
317  13   15  16.17 -23.48  19.52  34.55  55.59 304.55   2.00   1.50   5.00   4.00   8.00
318  13   15  19.72 -20.58  19.52  34.55  55.59 313.78   2.00   1.50   5.00   4.00   8.00
319  13   15  22.77 -17.15  19.52  34.55  55.59 323.01   2.00   1.50   5.00   4.00   8.00
320  13   15  25.22 -13.28  19.52  34.55  55.59 332.24   2.00   1.50   5.00   4.00   8.00
321  13   15  27.03  -9.06  19.52  34.55  55.59 341.47   2.00   1.50   5.00   4.00   8.00
322  13   15  28.13  -4.61  19.52  34.55  55.59 350.70   2.00   1.50   5.00   4.00   8.00
323  14   15  29.22   0.00  17.79  34.21  58.66   0.00   2.00   1.50   5.00   4.00   8.00
324  14   15  28.86   4.57  17.79  34.21  58.66   9.00   2.00   1.50   5.00   4.00   8.00
325  14   15  27.79   9.03  17.79  34.21  58.66  18.00   2.00   1.50   5.00   4.00   8.00
326  14   15  26.04  13.27  17.79  34.21  58.66  27.00   2.00   1.50   5.00   4.00   8.00
327  14   15  23.64  17.17  17.79  34.21  58.66  36.00   2.00   1.50   5.00   4.00   8.00
328  14   15  20.66  20.66  17.79  34.21  58.66  45.00   2.00   1.50   5.00   4.00   8.00
329  14   15  17.18  23.64  17.79  34.21  58.66  54.00   2.00   1.50   5.00   4.00   8.00
330  14   15  13.27  26.03  17.79  34.21  58.66  62.99   2.00   1.50   5.00   4.00   8.00
331  14   15   9.03  27.79  17.79  34.21  58.66  71.99   2.00   1.50   5.00   4.00   8.00
332  14   15   4.57  28.86  17.79  34.21  58.66  80.99   2.00   1.50   5.00   4.00   8.00
333  14   15   0.00  29.22  17.79  34.21  58.66  89.99   2.00   1.50   5.00   4.00   8.00
334  14   15  -4.57  28.86  17.79  34.21  58.66  98.99   2.00   1.50   5.00   4.00   8.00
335  14   15  -9.03  27.79  17.79  34.21  58.66 107.99   2.00   1.50   5.00   4.00   8.00
336  14   15 -13.26  26.04  17.79  34.21  58.66 116.99   2.00   1.50   5.00   4.00   8.00
337  14   15 -17.17  23.64  17.79  34.21  58.66 125.99   2.00   1.50   5.00   4.00   8.00
338  14   15 -20.66  20.67  17.79  34.21  58.66 134.99   2.00   1.50   5.00   4.00   8.00
339  14   15 -23.64  17.18  17.79  34.21  58.66 143.99   2.00   1.50   5.00   4.00   8.00
340  14   15 -26.03  13.27  17.79  34.21  58.66 152.99   2.00   1.50   5.00   4.00   8.00
341  14   15 -27.79   9.04  17.79  34.21  58.66 161.99   2.00   1.50   5.00   4.00   8.00
342  14   15 -28.86   4.58  17.79  34.21  58.66 170.99   2.00   1.50   5.00   4.00   8.00
343  14   15 -29.22   0.01  17.79  34.21  58.66 179.99   2.00   1.50   5.00   4.00   8.00
344  14   15 -28.86  -4.56  17.79  34.21  58.66 188.98   2.00   1.50   5.00   4.00   8.00
345  14   15 -27.79  -9.02  17.79  34.21  58.66 197.98   2.00   1.50   5.00   4.00   8.00
346  14   15 -26.04 -13.26  17.79  34.21  58.66 206.98   2.00   1.50   5.00   4.00   8.00
347  14   15 -23.65 -17.17  17.79  34.21  58.66 215.98   2.00   1.50   5.00   4.00   8.00
348  14   15 -20.67 -20.66  17.79  34.21  58.66 224.98   2.00   1.50   5.00   4.00   8.00
349  14   15 -17.18 -23.63  17.79  34.21  58.66 233.98   2.00   1.50   5.00   4.00   8.00
350  14   15 -13.28 -26.03  17.79  34.21  58.66 242.98   2.00   1.50   5.00   4.00   8.00
351  14   15  -9.04 -27.79  17.79  34.21  58.66 251.98   2.00   1.50   5.00   4.00   8.00
352  14   15  -4.58 -28.86  17.79  34.21  58.66 260.98   2.00   1.50   5.00   4.00   8.00
353  14   15  -0.01 -29.22  17.79  34.21  58.66 269.98   2.00   1.50   5.00   4.00   8.00
354  14   15   4.56 -28.86  17.79  34.21  58.66 278.98   2.00   1.50   5.00   4.00   8.00
355  14   15   9.02 -27.79  17.79  34.21  58.66 287.98   2.00   1.50   5.00   4.00   8.00
356  14   15  13.25 -26.04  17.79  34.21  58.66 296.98   2.00   1.50   5.00   4.00   8.00
357  14   15  17.17 -23.65  17.79  34.21  58.66 305.97   2.00   1.50   5.00   4.00   8.00
358  14   15  20.65 -20.67  17.79  34.21  58.66 314.97   2.00   1.50   5.00   4.00   8.00
359  14   15  23.63 -17.19  17.79  34.21  58.66 323.97   2.00   1.50   5.00   4.00   8.00
360  14   15  26.03 -13.28  17.79  34.21  58.66 332.97   2.00   1.50   5.00   4.00   8.00
361  14   15  27.79  -9.04  17.79  34.21  58.66 341.97   2.00   1.50   5.00   4.00   8.00
362  14   15  28.86  -4.59  17.79  34.21  58.66 350.97   2.00   1.50   5.00   4.00   8.00
363  15   15  29.93   0.00  16.08  33.98  61.75   0.00   2.00   1.50   5.00   4.00   8.00
364  15   15  29.58   4.57  16.08  33.98  61.75   8.78   2.00   1.50   5.00   4.00   8.00
365  15   15  28.53   9.03  16.08  33.98  61.75  17.56   2.00   1.50   5.00   4.00   8.00
366  15   15  26.82  13.28  16.08  33.98  61.75  26.34   2.00   1.50   5.00   4.00   8.00
367  15   15  24.48  17.22  16.08  33.98  61.75  35.12   2.00   1.50   5.00   4.00   8.00
368  15   15  21.57  20.75  16.08  33.98  61.75  43.90   2.00   1.50   5.00   4.00   8.00
369  15   15  18.14  23.80  16.08  33.98  61.75  52.68   2.00   1.50   5.00   4.00   8.00
370  15   15  14.30  26.29  16.08  33.98  61.75  61.46   2.00   1.50   5.00   4.00   8.00
371  15   15  10.12  28.17  16.08  33.98  61.75  70.24   2.00   1.50   5.00   4.00   8.00
372  15   15   5.70  29.38  16.08  33.98  61.75  79.02   2.00   1.50   5.00   4.00   8.00
373  15   15   1.15  29.91  16.08  33.98  61.75  87.80   2.00   1.50   5.00   4.00   8.00
374  15   15  -3.43  29.73  16.08  33.98  61.75  96.58   2.00   1.50   5.00   4.00   8.00
375  15   15  -7.93  28.86  16.08  33.98  61.75 105.36   2.00   1.50   5.00   4.00   8.00
376  15   15 -12.24  27.31  16.08  33.98  61.75 114.14   2.00   1.50   5.00   4.00   8.00
377  15   15 -16.27  25.12  16.08  33.98  61.75 122.92   2.00   1.50   5.00   4.00   8.00
378  15   15 -19.91  22.35  16.08  33.98  61.75 131.70   2.00   1.50   5.00   4.00   8.00
379  15   15 -23.09  19.04  16.08  33.98  61.75 140.48   2.00   1.50   5.00   4.00   8.00
380  15   15 -25.73  15.30  16.08  33.98  61.75 149.26   2.00   1.50   5.00   4.00   8.00
381  15   15 -27.76  11.19  16.08  33.98  61.75 158.04   2.00   1.50   5.00   4.00   8.00
382  15   15 -29.14   6.82  16.08  33.98  61.75 166.82   2.00   1.50   5.00   4.00   8.00
383  15   15 -29.84   2.29  16.08  33.98  61.75 175.61   2.00   1.50   5.00   4.00   8.00
384  15   15 -29.84  -2.29  16.08  33.98  61.75 184.39   2.00   1.50   5.00   4.00   8.00
385  15   15 -29.14  -6.82  16.08  33.98  61.75 193.17   2.00   1.50   5.00   4.00   8.00
386  15   15 -27.76 -11.19  16.08  33.98  61.75 201.95   2.00   1.50   5.00   4.00   8.00
387  15   15 -25.73 -15.29  16.08  33.98  61.75 210.73   2.00   1.50   5.00   4.00   8.00
388  15   15 -23.09 -19.04  16.08  33.98  61.75 219.51   2.00   1.50   5.00   4.00   8.00
389  15   15 -19.92 -22.34  16.08  33.98  61.75 228.29   2.00   1.50   5.00   4.00   8.00
390  15   15 -16.27 -25.12  16.08  33.98  61.75 237.07   2.00   1.50   5.00   4.00   8.00
391  15   15 -12.25 -27.31  16.08  33.98  61.75 245.85   2.00   1.50   5.00   4.00   8.00
392  15   15  -7.93 -28.86  16.08  33.98  61.75 254.63   2.00   1.50   5.00   4.00   8.00
393  15   15  -3.44 -29.73  16.08  33.98  61.75 263.41   2.00   1.50   5.00   4.00   8.00
394  15   15   1.14 -29.91  16.08  33.98  61.75 272.19   2.00   1.50   5.00   4.00   8.00
395  15   15   5.69 -29.38  16.08  33.98  61.75 280.97   2.00   1.50   5.00   4.00   8.00
396  15   15  10.11 -28.17  16.08  33.98  61.75 289.75   2.00   1.50   5.00   4.00   8.00
397  15   15  14.29 -26.30  16.08  33.98  61.75 298.53   2.00   1.50   5.00   4.00   8.00
398  15   15  18.14 -23.81  16.08  33.98  61.75 307.31   2.00   1.50   5.00   4.00   8.00
399  15   15  21.56 -20.76  16.08  33.98  61.75 316.09   2.00   1.50   5.00   4.00   8.00
400  15   15  24.48 -17.22  16.08  33.98  61.75 324.87   2.00   1.50   5.00   4.00   8.00
401  15   15  26.82 -13.28  16.08  33.98  61.75 333.65   2.00   1.50   5.00   4.00   8.00
402  15   15  28.53  -9.03  16.08  33.98  61.75 342.43   2.00   1.50   5.00   4.00   8.00
403  15   15  29.58  -4.57  16.08  33.98  61.75 351.21   2.00   1.50   5.00   4.00   8.00
404  16   15  29.99   0.00  14.07  33.13  64.87   0.00   2.00   1.50   5.00   4.00   8.00
405  16   15  29.64   4.58  14.07  33.13  64.87   8.78   2.00   1.50   5.00   4.00   8.00
406  16   15  28.59   9.05  14.07  33.13  64.87  17.56   2.00   1.50   5.00   4.00   8.00
407  16   15  26.88  13.31  14.07  33.13  64.87  26.34   2.00   1.50   5.00   4.00   8.00
408  16   15  24.53  17.25  14.07  33.13  64.87  35.12   2.00   1.50   5.00   4.00   8.00
409  16   15  21.61  20.80  14.07  33.13  64.87  43.90   2.00   1.50   5.00   4.00   8.00
410  16   15  18.18  23.85  14.07  33.13  64.87  52.68   2.00   1.50   5.00   4.00   8.00
411  16   15  14.33  26.35  14.07  33.13  64.87  61.46   2.00   1.50   5.00   4.00   8.00
412  16   15  10.14  28.23  14.07  33.13  64.87  70.24   2.00   1.50   5.00   4.00   8.00
413  16   15   5.71  29.44  14.07  33.13  64.87  79.02   2.00   1.50   5.00   4.00   8.00
414  16   15   1.15  29.97  14.07  33.13  64.87  87.80   2.00   1.50   5.00   4.00   8.00
415  16   15  -3.44  29.79  14.07  33.13  64.87  96.58   2.00   1.50   5.00   4.00   8.00
416  16   15  -7.94  28.92  14.07  33.13  64.87 105.36   2.00   1.50   5.00   4.00   8.00
417  16   15 -12.26  27.37  14.07  33.13  64.87 114.14   2.00   1.50   5.00   4.00   8.00
418  16   15 -16.30  25.18  14.07  33.13  64.87 122.92   2.00   1.50   5.00   4.00   8.00
419  16   15 -19.95  22.39  14.07  33.13  64.87 131.70   2.00   1.50   5.00   4.00   8.00
420  16   15 -23.14  19.09  14.07  33.13  64.87 140.48   2.00   1.50   5.00   4.00   8.00
421  16   15 -25.78  15.33  14.07  33.13  64.87 149.26   2.00   1.50   5.00   4.00   8.00
422  16   15 -27.82  11.22  14.07  33.13  64.87 158.04   2.00   1.50   5.00   4.00   8.00
423  16   15 -29.20   6.84  14.07  33.13  64.87 166.82   2.00   1.50   5.00   4.00   8.00
424  16   15 -29.90   2.30  14.07  33.13  64.87 175.60   2.00   1.50   5.00   4.00   8.00
425  16   15 -29.90  -2.29  14.07  33.13  64.87 184.38   2.00   1.50   5.00   4.00   8.00
426  16   15 -29.21  -6.83  14.07  33.13  64.87 193.16   2.00   1.50   5.00   4.00   8.00
427  16   15 -27.82 -11.20  14.07  33.13  64.87 201.94   2.00   1.50   5.00   4.00   8.00
428  16   15 -25.78 -15.32  14.07  33.13  64.87 210.72   2.00   1.50   5.00   4.00   8.00
429  16   15 -23.14 -19.08  14.07  33.13  64.87 219.50   2.00   1.50   5.00   4.00   8.00
430  16   15 -19.96 -22.38  14.07  33.13  64.87 228.27   2.00   1.50   5.00   4.00   8.00
431  16   15 -16.31 -25.17  14.07  33.13  64.87 237.05   2.00   1.50   5.00   4.00   8.00
432  16   15 -12.28 -27.36  14.07  33.13  64.87 245.83   2.00   1.50   5.00   4.00   8.00
433  16   15  -7.96 -28.92  14.07  33.13  64.87 254.61   2.00   1.50   5.00   4.00   8.00
434  16   15  -3.45 -29.79  14.07  33.13  64.87 263.39   2.00   1.50   5.00   4.00   8.00
435  16   15   1.14 -29.97  14.07  33.13  64.87 272.17   2.00   1.50   5.00   4.00   8.00
436  16   15   5.70 -29.45  14.07  33.13  64.87 280.95   2.00   1.50   5.00   4.00   8.00
437  16   15  10.13 -28.23  14.07  33.13  64.87 289.73   2.00   1.50   5.00   4.00   8.00
438  16   15  14.32 -26.35  14.07  33.13  64.87 298.51   2.00   1.50   5.00   4.00   8.00
439  16   15  18.17 -23.86  14.07  33.13  64.87 307.29   2.00   1.50   5.00   4.00   8.00
440  16   15  21.60 -20.81  14.07  33.13  64.87 316.07   2.00   1.50   5.00   4.00   8.00
441  16   15  24.52 -17.27  14.07  33.13  64.87 324.85   2.00   1.50   5.00   4.00   8.00
442  16   15  26.87 -13.32  14.07  33.13  64.87 333.63   2.00   1.50   5.00   4.00   8.00
443  16   15  28.59  -9.06  14.07  33.13  64.87 342.41   2.00   1.50   5.00   4.00   8.00
444  16   15  29.64  -4.59  14.07  33.13  64.87 351.19   2.00   1.50   5.00   4.00   8.00
445  17   15  30.08   0.00  12.12  32.43  68.05   0.00   2.00   1.50   5.00   4.00   8.00
446  17   15  29.73   4.58  12.12  32.43  68.05   8.77   2.00   1.50   5.00   4.00   8.00
447  17   15  28.68   9.06  12.12  32.43  68.05  17.53   2.00   1.50   5.00   4.00   8.00
448  17   15  26.97  13.33  12.12  32.43  68.05  26.30   2.00   1.50   5.00   4.00   8.00
449  17   15  24.62  17.28  12.12  32.43  68.05  35.07   2.00   1.50   5.00   4.00   8.00
450  17   15  21.70  20.83  12.12  32.43  68.05  43.84   2.00   1.50   5.00   4.00   8.00
451  17   15  18.27  23.90  12.12  32.43  68.05  52.60   2.00   1.50   5.00   4.00   8.00
452  17   15  14.41  26.40  12.12  32.43  68.05  61.37   2.00   1.50   5.00   4.00   8.00
453  17   15  10.22  28.29  12.12  32.43  68.05  70.14   2.00   1.50   5.00   4.00   8.00
454  17   15   5.79  29.52  12.12  32.43  68.05  78.91   2.00   1.50   5.00   4.00   8.00
455  17   15   1.22  30.05  12.12  32.43  68.05  87.67   2.00   1.50   5.00   4.00   8.00
456  17   15  -3.37  29.89  12.12  32.43  68.05  96.44   2.00   1.50   5.00   4.00   8.00
457  17   15  -7.89  29.03  12.12  32.43  68.05 105.21   2.00   1.50   5.00   4.00   8.00
458  17   15 -12.22  27.48  12.12  32.43  68.05 113.98   2.00   1.50   5.00   4.00   8.00
459  17   15 -16.27  25.30  12.12  32.43  68.05 122.74   2.00   1.50   5.00   4.00   8.00
460  17   15 -19.94  22.52  12.12  32.43  68.05 131.51   2.00   1.50   5.00   4.00   8.00
461  17   15 -23.14  19.22  12.12  32.43  68.05 140.28   2.00   1.50   5.00   4.00   8.00
462  17   15 -25.80  15.47  12.12  32.43  68.05 149.05   2.00   1.50   5.00   4.00   8.00
463  17   15 -27.85  11.36  12.12  32.43  68.05 157.81   2.00   1.50   5.00   4.00   8.00
464  17   15 -29.26   6.98  12.12  32.43  68.05 166.58   2.00   1.50   5.00   4.00   8.00
465  17   15 -29.98   2.44  12.12  32.43  68.05 175.35   2.00   1.50   5.00   4.00   8.00
466  17   15 -30.00  -2.16  12.12  32.43  68.05 184.12   2.00   1.50   5.00   4.00   8.00
467  17   15 -29.32  -6.71  12.12  32.43  68.05 192.88   2.00   1.50   5.00   4.00   8.00
468  17   15 -27.96 -11.10  12.12  32.43  68.05 201.65   2.00   1.50   5.00   4.00   8.00
469  17   15 -25.94 -15.23  12.12  32.43  68.05 210.42   2.00   1.50   5.00   4.00   8.00
470  17   15 -23.31 -19.01  12.12  32.43  68.05 219.19   2.00   1.50   5.00   4.00   8.00
471  17   15 -20.14 -22.34  12.12  32.43  68.05 227.95   2.00   1.50   5.00   4.00   8.00
472  17   15 -16.50 -25.15  12.12  32.43  68.05 236.72   2.00   1.50   5.00   4.00   8.00
473  17   15 -12.48 -27.37  12.12  32.43  68.05 245.49   2.00   1.50   5.00   4.00   8.00
474  17   15  -8.16 -28.95  12.12  32.43  68.05 254.26   2.00   1.50   5.00   4.00   8.00
475  17   15  -3.65 -29.86  12.12  32.43  68.05 263.02   2.00   1.50   5.00   4.00   8.00
476  17   15   0.94 -30.06  12.12  32.43  68.05 271.79   2.00   1.50   5.00   4.00   8.00
477  17   15   5.51 -29.57  12.12  32.43  68.05 280.56   2.00   1.50   5.00   4.00   8.00
478  17   15   9.96 -28.38  12.12  32.43  68.05 289.33   2.00   1.50   5.00   4.00   8.00
479  17   15  14.17 -26.54  12.12  32.43  68.05 298.09   2.00   1.50   5.00   4.00   8.00
480  17   15  18.04 -24.07  12.12  32.43  68.05 306.86   2.00   1.50   5.00   4.00   8.00
481  17   15  21.50 -21.03  12.12  32.43  68.05 315.63   2.00   1.50   5.00   4.00   8.00
482  17   15  24.46 -17.51  12.12  32.43  68.05 324.40   2.00   1.50   5.00   4.00   8.00
483  17   15  26.84 -13.58  12.12  32.43  68.05 333.16   2.00   1.50   5.00   4.00   8.00
484  17   15  28.60  -9.33  12.12  32.43  68.05 341.93   2.00   1.50   5.00   4.00   8.00
485  17   15  29.68  -4.86  12.12  32.43  68.05 350.70   2.00   1.50   5.00   4.00   8.00
486  18   15  30.09   0.00  10.19  31.76  71.29   0.00   2.00   1.50   5.00   4.00   8.00
487  18   15  29.73   4.59  10.19  31.76  71.29   8.78   2.00   1.50   5.00   4.00   8.00
488  18   15  28.68   9.08  10.19  31.76  71.29  17.56   2.00   1.50   5.00   4.00   8.00
489  18   15  26.96  13.35  10.19  31.76  71.29  26.34   2.00   1.50   5.00   4.00   8.00
490  18   15  24.61  17.31  10.19  31.76  71.29  35.11   2.00   1.50   5.00   4.00   8.00
491  18   15  21.68  20.86  10.19  31.76  71.29  43.89   2.00   1.50   5.00   4.00   8.00
492  18   15  18.24  23.92  10.19  31.76  71.29  52.67   2.00   1.50   5.00   4.00   8.00
493  18   15  14.38  26.43  10.19  31.76  71.29  61.45   2.00   1.50   5.00   4.00   8.00
494  18   15  10.18  28.31  10.19  31.76  71.29  70.23   2.00   1.50   5.00   4.00   8.00
495  18   15   5.74  29.53  10.19  31.76  71.29  79.01   2.00   1.50   5.00   4.00   8.00
496  18   15   1.16  30.06  10.19  31.76  71.29  87.79   2.00   1.50   5.00   4.00   8.00
497  18   15  -3.44  29.89  10.19  31.76  71.29  96.56   2.00   1.50   5.00   4.00   8.00
498  18   15  -7.96  29.01  10.19  31.76  71.29 105.34   2.00   1.50   5.00   4.00   8.00
499  18   15 -12.30  27.46  10.19  31.76  71.29 114.12   2.00   1.50   5.00   4.00   8.00
500  18   15 -16.34  25.26  10.19  31.76  71.29 122.90   2.00   1.50   5.00   4.00   8.00
501  18   15 -20.01  22.47  10.19  31.76  71.29 131.68   2.00   1.50   5.00   4.00   8.00
502  18   15 -23.20  19.15  10.19  31.76  71.29 140.46   2.00   1.50   5.00   4.00   8.00
503  18   15 -25.85  15.39  10.19  31.76  71.29 149.24   2.00   1.50   5.00   4.00   8.00
504  18   15 -27.90  11.26  10.19  31.76  71.29 158.02   2.00   1.50   5.00   4.00   8.00
505  18   15 -29.29   6.87  10.19  31.76  71.29 166.79   2.00   1.50   5.00   4.00   8.00
506  18   15 -30.00   2.32  10.19  31.76  71.29 175.57   2.00   1.50   5.00   4.00   8.00
507  18   15 -30.00  -2.28  10.19  31.76  71.29 184.35   2.00   1.50   5.00   4.00   8.00
508  18   15 -29.30  -6.83  10.19  31.76  71.29 193.13   2.00   1.50   5.00   4.00   8.00
509  18   15 -27.91 -11.23  10.19  31.76  71.29 201.91   2.00   1.50   5.00   4.00   8.00
510  18   15 -25.87 -15.35  10.19  31.76  71.29 210.69   2.00   1.50   5.00   4.00   8.00
511  18   15 -23.23 -19.12  10.19  31.76  71.29 219.47   2.00   1.50   5.00   4.00   8.00
512  18   15 -20.04 -22.44  10.19  31.76  71.29 228.24   2.00   1.50   5.00   4.00   8.00
513  18   15 -16.38 -25.24  10.19  31.76  71.29 237.02   2.00   1.50   5.00   4.00   8.00
514  18   15 -12.33 -27.44  10.19  31.76  71.29 245.80   2.00   1.50   5.00   4.00   8.00
515  18   15  -8.00 -29.00  10.19  31.76  71.29 254.58   2.00   1.50   5.00   4.00   8.00
516  18   15  -3.48 -29.88  10.19  31.76  71.29 263.36   2.00   1.50   5.00   4.00   8.00
517  18   15   1.12 -30.06  10.19  31.76  71.29 272.14   2.00   1.50   5.00   4.00   8.00
518  18   15   5.70 -29.54  10.19  31.76  71.29 280.92   2.00   1.50   5.00   4.00   8.00
519  18   15  10.14 -28.33  10.19  31.76  71.29 289.69   2.00   1.50   5.00   4.00   8.00
520  18   15  14.34 -26.45  10.19  31.76  71.29 298.47   2.00   1.50   5.00   4.00   8.00
521  18   15  18.21 -23.95  10.19  31.76  71.29 307.25   2.00   1.50   5.00   4.00   8.00
522  18   15  21.65 -20.89  10.19  31.76  71.29 316.03   2.00   1.50   5.00   4.00   8.00
523  18   15  24.59 -17.34  10.19  31.76  71.29 324.81   2.00   1.50   5.00   4.00   8.00
524  18   15  26.94 -13.38  10.19  31.76  71.29 333.59   2.00   1.50   5.00   4.00   8.00
525  18   15  28.67  -9.11  10.19  31.76  71.29 342.37   2.00   1.50   5.00   4.00   8.00
526  18   15  29.73  -4.63  10.19  31.76  71.29 351.15   2.00   1.50   5.00   4.00   8.00
527  19   15  30.11   0.00   8.31  31.23  74.57   0.00   2.00   1.50   5.00   4.00   8.00
528  19   15  29.76   4.60   8.31  31.23  74.57   8.78   2.00   1.50   5.00   4.00   8.00
529  19   15  28.71   9.08   8.31  31.23  74.57  17.56   2.00   1.50   5.00   4.00   8.00
530  19   15  26.98  13.36   8.31  31.23  74.57  26.34   2.00   1.50   5.00   4.00   8.00
531  19   15  24.63  17.32   8.31  31.23  74.57  35.12   2.00   1.50   5.00   4.00   8.00
532  19   15  21.70  20.88   8.31  31.23  74.57  43.90   2.00   1.50   5.00   4.00   8.00
533  19   15  18.26  23.94   8.31  31.23  74.57  52.68   2.00   1.50   5.00   4.00   8.00
534  19   15  14.39  26.45   8.31  31.23  74.57  61.46   2.00   1.50   5.00   4.00   8.00
535  19   15  10.18  28.33   8.31  31.23  74.57  70.24   2.00   1.50   5.00   4.00   8.00
536  19   15   5.74  29.56   8.31  31.23  74.57  79.02   2.00   1.50   5.00   4.00   8.00
537  19   15   1.16  30.09   8.31  31.23  74.57  87.80   2.00   1.50   5.00   4.00   8.00
538  19   15  -3.45  29.91   8.31  31.23  74.57  96.57   2.00   1.50   5.00   4.00   8.00
539  19   15  -7.97  29.03   8.31  31.23  74.57 105.35   2.00   1.50   5.00   4.00   8.00
540  19   15 -12.31  27.48   8.31  31.23  74.57 114.13   2.00   1.50   5.00   4.00   8.00
541  19   15 -16.36  25.28   8.31  31.23  74.57 122.91   2.00   1.50   5.00   4.00   8.00
542  19   15 -20.03  22.48   8.31  31.23  74.57 131.69   2.00   1.50   5.00   4.00   8.00
543  19   15 -23.22  19.16   8.31  31.23  74.57 140.47   2.00   1.50   5.00   4.00   8.00
544  19   15 -25.88  15.39   8.31  31.23  74.57 149.25   2.00   1.50   5.00   4.00   8.00
545  19   15 -27.92  11.26   8.31  31.23  74.57 158.03   2.00   1.50   5.00   4.00   8.00
546  19   15 -29.31   6.87   8.31  31.23  74.57 166.81   2.00   1.50   5.00   4.00   8.00
547  19   15 -30.02   2.31   8.31  31.23  74.57 175.59   2.00   1.50   5.00   4.00   8.00
548  19   15 -30.02  -2.29   8.31  31.23  74.57 184.37   2.00   1.50   5.00   4.00   8.00
549  19   15 -29.32  -6.85   8.31  31.23  74.57 193.15   2.00   1.50   5.00   4.00   8.00
550  19   15 -27.93 -11.24   8.31  31.23  74.57 201.93   2.00   1.50   5.00   4.00   8.00
551  19   15 -25.89 -15.38   8.31  31.23  74.57 210.71   2.00   1.50   5.00   4.00   8.00
552  19   15 -23.24 -19.15   8.31  31.23  74.57 219.49   2.00   1.50   5.00   4.00   8.00
553  19   15 -20.04 -22.47   8.31  31.23  74.57 228.27   2.00   1.50   5.00   4.00   8.00
554  19   15 -16.38 -25.26   8.31  31.23  74.57 237.05   2.00   1.50   5.00   4.00   8.00
555  19   15 -12.33 -27.47   8.31  31.23  74.57 245.83   2.00   1.50   5.00   4.00   8.00
556  19   15  -7.99 -29.03   8.31  31.23  74.57 254.61   2.00   1.50   5.00   4.00   8.00
557  19   15  -3.47 -29.91   8.31  31.23  74.57 263.39   2.00   1.50   5.00   4.00   8.00
558  19   15   1.14 -30.09   8.31  31.23  74.57 272.16   2.00   1.50   5.00   4.00   8.00
559  19   15   5.72 -29.56   8.31  31.23  74.57 280.94   2.00   1.50   5.00   4.00   8.00
560  19   15  10.16 -28.34   8.31  31.23  74.57 289.72   2.00   1.50   5.00   4.00   8.00
561  19   15  14.37 -26.46   8.31  31.23  74.57 298.50   2.00   1.50   5.00   4.00   8.00
562  19   15  18.24 -23.96   8.31  31.23  74.57 307.28   2.00   1.50   5.00   4.00   8.00
563  19   15  21.68 -20.89   8.31  31.23  74.57 316.06   2.00   1.50   5.00   4.00   8.00
564  19   15  24.62 -17.34   8.31  31.23  74.57 324.84   2.00   1.50   5.00   4.00   8.00
565  19   15  26.97 -13.38   8.31  31.23  74.57 333.62   2.00   1.50   5.00   4.00   8.00
566  19   15  28.70  -9.10   8.31  31.23  74.57 342.40   2.00   1.50   5.00   4.00   8.00
567  19   15  29.75  -4.62   8.31  31.23  74.57 351.18   2.00   1.50   5.00   4.00   8.00
568  20   15  29.49   0.00   6.31  30.15  77.91   0.00   2.00   1.50   5.00   4.00   8.00
569  20   15  29.12   4.61   6.31  30.15  77.91   9.00   2.00   1.50   5.00   4.00   8.00
570  20   15  28.04   9.11   6.31  30.15  77.91  18.00   2.00   1.50   5.00   4.00   8.00
571  20   15  26.27  13.38   6.31  30.15  77.91  26.99   2.00   1.50   5.00   4.00   8.00
572  20   15  23.86  17.33   6.31  30.15  77.91  35.99   2.00   1.50   5.00   4.00   8.00
573  20   15  20.85  20.85   6.31  30.15  77.91  44.99   2.00   1.50   5.00   4.00   8.00
574  20   15  17.34  23.85   6.31  30.15  77.91  53.99   2.00   1.50   5.00   4.00   8.00
575  20   15  13.39  26.27   6.31  30.15  77.91  62.99   2.00   1.50   5.00   4.00   8.00
576  20   15   9.12  28.04   6.31  30.15  77.91  71.98   2.00   1.50   5.00   4.00   8.00
577  20   15   4.62  29.12   6.31  30.15  77.91  80.98   2.00   1.50   5.00   4.00   8.00
578  20   15   0.01  29.49   6.31  30.15  77.91  89.98   2.00   1.50   5.00   4.00   8.00
579  20   15  -4.60  29.13   6.31  30.15  77.91  98.98   2.00   1.50   5.00   4.00   8.00
580  20   15  -9.10  28.05   6.31  30.15  77.91 107.97   2.00   1.50   5.00   4.00   8.00
581  20   15 -13.37  26.28   6.31  30.15  77.91 116.97   2.00   1.50   5.00   4.00   8.00
582  20   15 -17.32  23.86   6.31  30.15  77.91 125.97   2.00   1.50   5.00   4.00   8.00
583  20   15 -20.84  20.86   6.31  30.15  77.91 134.97   2.00   1.50   5.00   4.00   8.00
584  20   15 -23.85  17.35   6.31  30.15  77.91 143.97   2.00   1.50   5.00   4.00   8.00
585  20   15 -26.26  13.40   6.31  30.15  77.91 152.96   2.00   1.50   5.00   4.00   8.00
586  20   15 -28.04   9.13   6.31  30.15  77.91 161.96   2.00   1.50   5.00   4.00   8.00
587  20   15 -29.12   4.63   6.31  30.15  77.91 170.96   2.00   1.50   5.00   4.00   8.00
588  20   15 -29.49   0.02   6.31  30.15  77.91 179.96   2.00   1.50   5.00   4.00   8.00
589  20   15 -29.13  -4.59   6.31  30.15  77.91 188.96   2.00   1.50   5.00   4.00   8.00
590  20   15 -28.05  -9.09   6.31  30.15  77.91 197.95   2.00   1.50   5.00   4.00   8.00
591  20   15 -26.28 -13.36   6.31  30.15  77.91 206.95   2.00   1.50   5.00   4.00   8.00
592  20   15 -23.87 -17.31   6.31  30.15  77.91 215.95   2.00   1.50   5.00   4.00   8.00
593  20   15 -20.87 -20.83   6.31  30.15  77.91 224.95   2.00   1.50   5.00   4.00   8.00
594  20   15 -17.35 -23.84   6.31  30.15  77.91 233.95   2.00   1.50   5.00   4.00   8.00
595  20   15 -13.41 -26.26   6.31  30.15  77.91 242.94   2.00   1.50   5.00   4.00   8.00
596  20   15  -9.14 -28.03   6.31  30.15  77.91 251.94   2.00   1.50   5.00   4.00   8.00
597  20   15  -4.64 -29.12   6.31  30.15  77.91 260.94   2.00   1.50   5.00   4.00   8.00
598  20   15  -0.03 -29.49   6.31  30.15  77.91 269.94   2.00   1.50   5.00   4.00   8.00
599  20   15   4.58 -29.13   6.31  30.15  77.91 278.94   2.00   1.50   5.00   4.00   8.00
600  20   15   9.08 -28.05   6.31  30.15  77.91 287.93   2.00   1.50   5.00   4.00   8.00
601  20   15  13.36 -26.29   6.31  30.15  77.91 296.93   2.00   1.50   5.00   4.00   8.00
602  20   15  17.30 -23.88   6.31  30.15  77.91 305.93   2.00   1.50   5.00   4.00   8.00
603  20   15  20.82 -20.88   6.31  30.15  77.91 314.93   2.00   1.50   5.00   4.00   8.00
604  20   15  23.83 -17.36   6.31  30.15  77.91 323.92   2.00   1.50   5.00   4.00   8.00
605  20   15  26.25 -13.42   6.31  30.15  77.91 332.92   2.00   1.50   5.00   4.00   8.00
606  20   15  28.03  -9.15   6.31  30.15  77.91 341.92   2.00   1.50   5.00   4.00   8.00
607  20   15  29.12  -4.65   6.31  30.15  77.91 350.92   2.00   1.50   5.00   4.00   8.00
608  21   15  28.84   0.00   4.38  29.17  81.36   0.00   2.00   1.50   5.00   4.00   8.00
609  21   15  28.47   4.63   4.38  29.17  81.36   9.23   2.00   1.50   5.00   4.00   8.00
610  21   15  27.36   9.13   4.38  29.17  81.36  18.46   2.00   1.50   5.00   4.00   8.00
611  21   15  25.54  13.40   4.38  29.17  81.36  27.69   2.00   1.50   5.00   4.00   8.00
612  21   15  23.06  17.33   4.38  29.17  81.36  36.92   2.00   1.50   5.00   4.00   8.00
613  21   15  19.98  20.80   4.38  29.17  81.36  46.15   2.00   1.50   5.00   4.00   8.00
614  21   15  16.38  23.74   4.38  29.17  81.36  55.38   2.00   1.50   5.00   4.00   8.00
615  21   15  12.36  26.06   4.38  29.17  81.36  64.62   2.00   1.50   5.00   4.00   8.00
616  21   15   8.02  27.70   4.38  29.17  81.36  73.85   2.00   1.50   5.00   4.00   8.00
617  21   15   3.48  28.63   4.38  29.17  81.36  83.08   2.00   1.50   5.00   4.00   8.00
618  21   15  -1.16  28.82   4.38  29.17  81.36  92.31   2.00   1.50   5.00   4.00   8.00
619  21   15  -5.77  28.26   4.38  29.17  81.36 101.54   2.00   1.50   5.00   4.00   8.00
620  21   15 -10.23  26.97   4.38  29.17  81.36 110.77   2.00   1.50   5.00   4.00   8.00
621  21   15 -14.42  24.98   4.38  29.17  81.36 120.00   2.00   1.50   5.00   4.00   8.00
622  21   15 -18.24  22.34   4.38  29.17  81.36 129.23   2.00   1.50   5.00   4.00   8.00
623  21   15 -21.59  19.13   4.38  29.17  81.36 138.46   2.00   1.50   5.00   4.00   8.00
624  21   15 -24.38  15.41   4.38  29.17  81.36 147.69   2.00   1.50   5.00   4.00   8.00
625  21   15 -26.53  11.31   4.38  29.17  81.36 156.92   2.00   1.50   5.00   4.00   8.00
626  21   15 -28.00   6.90   4.38  29.17  81.36 166.15   2.00   1.50   5.00   4.00   8.00
627  21   15 -28.75   2.32   4.38  29.17  81.36 175.38   2.00   1.50   5.00   4.00   8.00
628  21   15 -28.75  -2.32   4.38  29.17  81.36 184.62   2.00   1.50   5.00   4.00   8.00
629  21   15 -28.00  -6.90   4.38  29.17  81.36 193.85   2.00   1.50   5.00   4.00   8.00
630  21   15 -26.53 -11.30   4.38  29.17  81.36 203.08   2.00   1.50   5.00   4.00   8.00
631  21   15 -24.38 -15.41   4.38  29.17  81.36 212.31   2.00   1.50   5.00   4.00   8.00
632  21   15 -21.59 -19.13   4.38  29.17  81.36 221.54   2.00   1.50   5.00   4.00   8.00
633  21   15 -18.24 -22.34   4.38  29.17  81.36 230.77   2.00   1.50   5.00   4.00   8.00
634  21   15 -14.42 -24.98   4.38  29.17  81.36 240.00   2.00   1.50   5.00   4.00   8.00
635  21   15 -10.23 -26.97   4.38  29.17  81.36 249.23   2.00   1.50   5.00   4.00   8.00
636  21   15  -5.77 -28.26   4.38  29.17  81.36 258.46   2.00   1.50   5.00   4.00   8.00
637  21   15  -1.16 -28.82   4.38  29.17  81.36 267.69   2.00   1.50   5.00   4.00   8.00
638  21   15   3.48 -28.63   4.38  29.17  81.36 276.92   2.00   1.50   5.00   4.00   8.00
639  21   15   8.02 -27.70   4.38  29.17  81.36 286.15   2.00   1.50   5.00   4.00   8.00
640  21   15  12.36 -26.06   4.38  29.17  81.36 295.38   2.00   1.50   5.00   4.00   8.00
641  21   15  16.38 -23.74   4.38  29.17  81.36 304.62   2.00   1.50   5.00   4.00   8.00
642  21   15  19.98 -20.80   4.38  29.17  81.36 313.85   2.00   1.50   5.00   4.00   8.00
643  21   15  23.06 -17.33   4.38  29.17  81.36 323.08   2.00   1.50   5.00   4.00   8.00
644  21   15  25.54 -13.40   4.38  29.17  81.36 332.31   2.00   1.50   5.00   4.00   8.00
645  21   15  27.36  -9.13   4.38  29.17  81.36 341.54   2.00   1.50   5.00   4.00   8.00
646  21   15  28.47  -4.63   4.38  29.17  81.36 350.77   2.00   1.50   5.00   4.00   8.00
647  22   15  28.19   0.00   2.53  28.30  84.88   0.00   2.00   1.50   5.00   4.00   8.00
648  22   15  27.80   4.64   2.53  28.30  84.88   9.47   2.00   1.50   5.00   4.00   8.00
649  22   15  26.66   9.15   2.53  28.30  84.88  18.95   2.00   1.50   5.00   4.00   8.00
650  22   15  24.79  13.42   2.53  28.30  84.88  28.42   2.00   1.50   5.00   4.00   8.00
651  22   15  22.24  17.31   2.53  28.30  84.88  37.89   2.00   1.50   5.00   4.00   8.00
652  22   15  19.09  20.74   2.53  28.30  84.88  47.37   2.00   1.50   5.00   4.00   8.00
653  22   15  15.42  23.60   2.53  28.30  84.88  56.84   2.00   1.50   5.00   4.00   8.00
654  22   15  11.32  25.81   2.53  28.30  84.88  66.31   2.00   1.50   5.00   4.00   8.00
655  22   15   6.92  27.33   2.53  28.30  84.88  75.79   2.00   1.50   5.00   4.00   8.00
656  22   15   2.33  28.09   2.53  28.30  84.88  85.26   2.00   1.50   5.00   4.00   8.00
657  22   15  -2.33  28.09   2.53  28.30  84.88  94.73   2.00   1.50   5.00   4.00   8.00
658  22   15  -6.92  27.33   2.53  28.30  84.88 104.21   2.00   1.50   5.00   4.00   8.00
659  22   15 -11.32  25.81   2.53  28.30  84.88 113.68   2.00   1.50   5.00   4.00   8.00
660  22   15 -15.42  23.60   2.53  28.30  84.88 123.15   2.00   1.50   5.00   4.00   8.00
661  22   15 -19.09  20.74   2.53  28.30  84.88 132.63   2.00   1.50   5.00   4.00   8.00
662  22   15 -22.24  17.31   2.53  28.30  84.88 142.10   2.00   1.50   5.00   4.00   8.00
663  22   15 -24.79  13.42   2.53  28.30  84.88 151.58   2.00   1.50   5.00   4.00   8.00
664  22   15 -26.66   9.15   2.53  28.30  84.88 161.05   2.00   1.50   5.00   4.00   8.00
665  22   15 -27.80   4.64   2.53  28.30  84.88 170.52   2.00   1.50   5.00   4.00   8.00
666  22   15 -28.19   0.00   2.53  28.30  84.88 180.00   2.00   1.50   5.00   4.00   8.00
667  22   15 -27.80  -4.64   2.53  28.30  84.88 189.47   2.00   1.50   5.00   4.00   8.00
668  22   15 -26.66  -9.15   2.53  28.30  84.88 198.94   2.00   1.50   5.00   4.00   8.00
669  22   15 -24.79 -13.41   2.53  28.30  84.88 208.42   2.00   1.50   5.00   4.00   8.00
670  22   15 -22.25 -17.31   2.53  28.30  84.88 217.89   2.00   1.50   5.00   4.00   8.00
671  22   15 -19.09 -20.74   2.53  28.30  84.88 227.36   2.00   1.50   5.00   4.00   8.00
672  22   15 -15.42 -23.60   2.53  28.30  84.88 236.84   2.00   1.50   5.00   4.00   8.00
673  22   15 -11.33 -25.81   2.53  28.30  84.88 246.31   2.00   1.50   5.00   4.00   8.00
674  22   15  -6.92 -27.32   2.53  28.30  84.88 255.78   2.00   1.50   5.00   4.00   8.00
675  22   15  -2.33 -28.09   2.53  28.30  84.88 265.26   2.00   1.50   5.00   4.00   8.00
676  22   15   2.32 -28.09   2.53  28.30  84.88 274.73   2.00   1.50   5.00   4.00   8.00
677  22   15   6.92 -27.33   2.53  28.30  84.88 284.20   2.00   1.50   5.00   4.00   8.00
678  22   15  11.32 -25.82   2.53  28.30  84.88 293.68   2.00   1.50   5.00   4.00   8.00
679  22   15  15.41 -23.60   2.53  28.30  84.88 303.15   2.00   1.50   5.00   4.00   8.00
680  22   15  19.09 -20.74   2.53  28.30  84.88 312.62   2.00   1.50   5.00   4.00   8.00
681  22   15  22.24 -17.32   2.53  28.30  84.88 322.10   2.00   1.50   5.00   4.00   8.00
682  22   15  24.79 -13.42   2.53  28.30  84.88 331.57   2.00   1.50   5.00   4.00   8.00
683  22   15  26.66  -9.16   2.53  28.30  84.88 341.04   2.00   1.50   5.00   4.00   8.00
684  22   15  27.80  -4.64   2.53  28.30  84.88 350.52   2.00   1.50   5.00   4.00   8.00
685  23   15  26.88   0.00   0.68  26.89  88.54   0.00   2.00   1.50   5.00   4.00   8.00
686  23   15  26.47   4.67   0.68  26.89  88.54  10.00   2.00   1.50   5.00   4.00   8.00
687  23   15  25.26   9.19   0.68  26.89  88.54  20.00   2.00   1.50   5.00   4.00   8.00
688  23   15  23.28  13.44   0.68  26.89  88.54  30.00   2.00   1.50   5.00   4.00   8.00
689  23   15  20.59  17.28   0.68  26.89  88.54  40.00   2.00   1.50   5.00   4.00   8.00
690  23   15  17.28  20.59   0.68  26.89  88.54  50.00   2.00   1.50   5.00   4.00   8.00
691  23   15  13.44  23.28   0.68  26.89  88.54  60.00   2.00   1.50   5.00   4.00   8.00
692  23   15   9.19  25.26   0.68  26.89  88.54  70.00   2.00   1.50   5.00   4.00   8.00
693  23   15   4.67  26.47   0.68  26.89  88.54  80.00   2.00   1.50   5.00   4.00   8.00
694  23   15   0.00  26.88   0.68  26.89  88.54  90.00   2.00   1.50   5.00   4.00   8.00
695  23   15  -4.67  26.47   0.68  26.89  88.54 100.00   2.00   1.50   5.00   4.00   8.00
696  23   15  -9.19  25.26   0.68  26.89  88.54 110.00   2.00   1.50   5.00   4.00   8.00
697  23   15 -13.44  23.28   0.68  26.89  88.54 120.00   2.00   1.50   5.00   4.00   8.00
698  23   15 -17.28  20.59   0.68  26.89  88.54 130.00   2.00   1.50   5.00   4.00   8.00
699  23   15 -20.59  17.28   0.68  26.89  88.54 140.00   2.00   1.50   5.00   4.00   8.00
700  23   15 -23.28  13.44   0.68  26.89  88.54 150.00   2.00   1.50   5.00   4.00   8.00
701  23   15 -25.26   9.19   0.68  26.89  88.54 160.00   2.00   1.50   5.00   4.00   8.00
702  23   15 -26.47   4.67   0.68  26.89  88.54 170.00   2.00   1.50   5.00   4.00   8.00
703  23   15 -26.88   0.00   0.68  26.89  88.54 180.00   2.00   1.50   5.00   4.00   8.00
704  23   15 -26.47  -4.67   0.68  26.89  88.54 190.00   2.00   1.50   5.00   4.00   8.00
705  23   15 -25.26  -9.19   0.68  26.89  88.54 200.00   2.00   1.50   5.00   4.00   8.00
706  23   15 -23.28 -13.44   0.68  26.89  88.54 210.00   2.00   1.50   5.00   4.00   8.00
707  23   15 -20.59 -17.28   0.68  26.89  88.54 220.00   2.00   1.50   5.00   4.00   8.00
708  23   15 -17.28 -20.59   0.68  26.89  88.54 230.00   2.00   1.50   5.00   4.00   8.00
709  23   15 -13.44 -23.28   0.68  26.89  88.54 240.00   2.00   1.50   5.00   4.00   8.00
710  23   15  -9.19 -25.26   0.68  26.89  88.54 250.00   2.00   1.50   5.00   4.00   8.00
711  23   15  -4.67 -26.47   0.68  26.89  88.54 260.00   2.00   1.50   5.00   4.00   8.00
712  23   15  -0.00 -26.88   0.68  26.89  88.54 270.00   2.00   1.50   5.00   4.00   8.00
713  23   15   4.67 -26.47   0.68  26.89  88.54 280.00   2.00   1.50   5.00   4.00   8.00
714  23   15   9.19 -25.26   0.68  26.89  88.54 290.00   2.00   1.50   5.00   4.00   8.00
715  23   15  13.44 -23.28   0.68  26.89  88.54 300.00   2.00   1.50   5.00   4.00   8.00
716  23   15  17.28 -20.59   0.68  26.89  88.54 310.00   2.00   1.50   5.00   4.00   8.00
717  23   15  20.59 -17.28   0.68  26.89  88.54 320.00   2.00   1.50   5.00   4.00   8.00
718  23   15  23.28 -13.44   0.68  26.89  88.54 330.00   2.00   1.50   5.00   4.00   8.00
719  23   15  25.26  -9.19   0.68  26.89  88.54 340.00   2.00   1.50   5.00   4.00   8.00
720  23   15  26.47  -4.67   0.68  26.89  88.54 350.00   2.00   1.50   5.00   4.00   8.00
721  24   15  26.25   0.00  -1.08  26.27  92.37   0.00   2.00   1.50   5.00   4.00   8.00
722  24   15  25.83   4.69  -1.08  26.27  92.37  10.29   2.00   1.50   5.00   4.00   8.00
723  24   15  24.58   9.22  -1.08  26.27  92.37  20.57   2.00   1.50   5.00   4.00   8.00
724  24   15  22.54  13.46  -1.08  26.27  92.37  30.86   2.00   1.50   5.00   4.00   8.00
725  24   15  19.77  17.27  -1.08  26.27  92.37  41.14   2.00   1.50   5.00   4.00   8.00
726  24   15  16.37  20.52  -1.08  26.27  92.37  51.43   2.00   1.50   5.00   4.00   8.00
727  24   15  12.44  23.12  -1.08  26.27  92.37  61.71   2.00   1.50   5.00   4.00   8.00
728  24   15   8.11  24.97  -1.08  26.27  92.37  72.00   2.00   1.50   5.00   4.00   8.00
729  24   15   3.53  26.01  -1.08  26.27  92.37  82.28   2.00   1.50   5.00   4.00   8.00
730  24   15  -1.18  26.22  -1.08  26.27  92.37  92.57   2.00   1.50   5.00   4.00   8.00
731  24   15  -5.84  25.59  -1.08  26.27  92.37 102.85   2.00   1.50   5.00   4.00   8.00
732  24   15 -10.31  24.14  -1.08  26.27  92.37 113.14   2.00   1.50   5.00   4.00   8.00
733  24   15 -14.46  21.91  -1.08  26.27  92.37 123.42   2.00   1.50   5.00   4.00   8.00
734  24   15 -18.14  18.98  -1.08  26.27  92.37 133.71   2.00   1.50   5.00   4.00   8.00
735  24   15 -21.23  15.43  -1.08  26.27  92.37 143.99   2.00   1.50   5.00   4.00   8.00
736  24   15 -23.65  11.39  -1.08  26.27  92.37 154.28   2.00   1.50   5.00   4.00   8.00
737  24   15 -25.30   6.99  -1.08  26.27  92.37 164.56   2.00   1.50   5.00   4.00   8.00
738  24   15 -26.14   2.36  -1.08  26.27  92.37 174.85   2.00   1.50   5.00   4.00   8.00
739  24   15 -26.15  -2.35  -1.08  26.27  92.37 185.13   2.00   1.50   5.00   4.00   8.00
740  24   15 -25.31  -6.98  -1.08  26.27  92.37 195.42   2.00   1.50   5.00   4.00   8.00
741  24   15 -23.65 -11.38  -1.08  26.27  92.37 205.70   2.00   1.50   5.00   4.00   8.00
742  24   15 -21.24 -15.42  -1.08  26.27  92.37 215.99   2.00   1.50   5.00   4.00   8.00
743  24   15 -18.15 -18.97  -1.08  26.27  92.37 226.27   2.00   1.50   5.00   4.00   8.00
744  24   15 -14.47 -21.90  -1.08  26.27  92.37 236.56   2.00   1.50   5.00   4.00   8.00
745  24   15 -10.32 -24.14  -1.08  26.27  92.37 246.84   2.00   1.50   5.00   4.00   8.00
746  24   15  -5.85 -25.59  -1.08  26.27  92.37 257.13   2.00   1.50   5.00   4.00   8.00
747  24   15  -1.19 -26.22  -1.08  26.27  92.37 267.41   2.00   1.50   5.00   4.00   8.00
748  24   15   3.52 -26.01  -1.08  26.27  92.37 277.70   2.00   1.50   5.00   4.00   8.00
749  24   15   8.10 -24.97  -1.08  26.27  92.37 287.98   2.00   1.50   5.00   4.00   8.00
750  24   15  12.43 -23.12  -1.08  26.27  92.37 298.27   2.00   1.50   5.00   4.00   8.00
751  24   15  16.36 -20.53  -1.08  26.27  92.37 308.55   2.00   1.50   5.00   4.00   8.00
752  24   15  19.76 -17.28  -1.08  26.27  92.37 318.84   2.00   1.50   5.00   4.00   8.00
753  24   15  22.53 -13.47  -1.08  26.27  92.37 329.12   2.00   1.50   5.00   4.00   8.00
754  24   15  24.57  -9.23  -1.08  26.27  92.37 339.41   2.00   1.50   5.00   4.00   8.00
755  24   15  25.83  -4.70  -1.08  26.27  92.37 349.69   2.00   1.50   5.00   4.00   8.00
756  25   15  25.00   0.00  -2.79  25.16  96.36   0.00   2.00   1.50   5.00   4.00   8.00
757  25   15  24.55   4.73  -2.79  25.16  96.36  10.91   2.00   1.50   5.00   4.00   8.00
758  25   15  23.21   9.29  -2.79  25.16  96.36  21.82   2.00   1.50   5.00   4.00   8.00
759  25   15  21.03  13.52  -2.79  25.16  96.36  32.73   2.00   1.50   5.00   4.00   8.00
760  25   15  18.10  17.25  -2.79  25.16  96.36  43.64   2.00   1.50   5.00   4.00   8.00
761  25   15  14.50  20.37  -2.79  25.16  96.36  54.54   2.00   1.50   5.00   4.00   8.00
762  25   15  10.39  22.74  -2.79  25.16  96.36  65.45   2.00   1.50   5.00   4.00   8.00
763  25   15   5.90  24.30  -2.79  25.16  96.36  76.36   2.00   1.50   5.00   4.00   8.00
764  25   15   1.19  24.98  -2.79  25.16  96.36  87.27   2.00   1.50   5.00   4.00   8.00
765  25   15  -3.56  24.75  -2.79  25.16  96.36  98.18   2.00   1.50   5.00   4.00   8.00
766  25   15  -8.18  23.63  -2.79  25.16  96.36 109.09   2.00   1.50   5.00   4.00   8.00
767  25   15 -12.50  21.65  -2.79  25.16  96.36 120.00   2.00   1.50   5.00   4.00   8.00
768  25   15 -16.37  18.90  -2.79  25.16  96.36 130.91   2.00   1.50   5.00   4.00   8.00
769  25   15 -19.65  15.46  -2.79  25.16  96.36 141.82   2.00   1.50   5.00   4.00   8.00
770  25   15 -22.22  11.46  -2.79  25.16  96.36 152.73   2.00   1.50   5.00   4.00   8.00
771  25   15 -23.99   7.05  -2.79  25.16  96.36 163.63   2.00   1.50   5.00   4.00   8.00
772  25   15 -24.89   2.38  -2.79  25.16  96.36 174.54   2.00   1.50   5.00   4.00   8.00
773  25   15 -24.89  -2.38  -2.79  25.16  96.36 185.45   2.00   1.50   5.00   4.00   8.00
774  25   15 -23.99  -7.04  -2.79  25.16  96.36 196.36   2.00   1.50   5.00   4.00   8.00
775  25   15 -22.22 -11.46  -2.79  25.16  96.36 207.27   2.00   1.50   5.00   4.00   8.00
776  25   15 -19.65 -15.46  -2.79  25.16  96.36 218.18   2.00   1.50   5.00   4.00   8.00
777  25   15 -16.37 -18.90  -2.79  25.16  96.36 229.09   2.00   1.50   5.00   4.00   8.00
778  25   15 -12.50 -21.65  -2.79  25.16  96.36 240.00   2.00   1.50   5.00   4.00   8.00
779  25   15  -8.18 -23.63  -2.79  25.16  96.36 250.91   2.00   1.50   5.00   4.00   8.00
780  25   15  -3.56 -24.75  -2.79  25.16  96.36 261.82   2.00   1.50   5.00   4.00   8.00
781  25   15   1.19 -24.98  -2.79  25.16  96.36 272.72   2.00   1.50   5.00   4.00   8.00
782  25   15   5.89 -24.30  -2.79  25.16  96.36 283.63   2.00   1.50   5.00   4.00   8.00
783  25   15  10.39 -22.74  -2.79  25.16  96.36 294.54   2.00   1.50   5.00   4.00   8.00
784  25   15  14.50 -20.37  -2.79  25.16  96.36 305.45   2.00   1.50   5.00   4.00   8.00
785  25   15  18.10 -17.26  -2.79  25.16  96.36 316.36   2.00   1.50   5.00   4.00   8.00
786  25   15  21.03 -13.52  -2.79  25.16  96.36 327.27   2.00   1.50   5.00   4.00   8.00
787  25   15  23.21  -9.29  -2.79  25.16  96.36 338.18   2.00   1.50   5.00   4.00   8.00
788  25   15  24.55  -4.73  -2.79  25.16  96.36 349.09   2.00   1.50   5.00   4.00   8.00
789  26   15  23.74   0.00  -4.43  24.15 100.57   0.00   2.00   1.50   5.00   4.00   8.00
790  26   15  23.25   4.78  -4.43  24.15 100.57  11.61   2.00   1.50   5.00   4.00   8.00
791  26   15  21.81   9.36  -4.43  24.15 100.57  23.22   2.00   1.50   5.00   4.00   8.00
792  26   15  19.48  13.56  -4.43  24.15 100.57  34.84   2.00   1.50   5.00   4.00   8.00
793  26   15  16.36  17.20  -4.43  24.15 100.57  46.45   2.00   1.50   5.00   4.00   8.00
794  26   15  12.56  20.14  -4.43  24.15 100.57  58.06   2.00   1.50   5.00   4.00   8.00
795  26   15   8.25  22.26  -4.43  24.15 100.57  69.67   2.00   1.50   5.00   4.00   8.00
796  26   15   3.60  23.46  -4.43  24.15 100.57  81.29   2.00   1.50   5.00   4.00   8.00
797  26   15  -1.20  23.71  -4.43  24.15 100.57  92.90   2.00   1.50   5.00   4.00   8.00
798  26   15  -5.95  22.98  -4.43  24.15 100.57 104.51   2.00   1.50   5.00   4.00   8.00
799  26   15 -10.45  21.31  -4.43  24.15 100.57 116.12   2.00   1.50   5.00   4.00   8.00
800  26   15 -14.53  18.77  -4.43  24.15 100.57 127.73   2.00   1.50   5.00   4.00   8.00
801  26   15 -18.01  15.47  -4.43  24.15 100.57 139.35   2.00   1.50   5.00   4.00   8.00
802  26   15 -20.75  11.52  -4.43  24.15 100.57 150.96   2.00   1.50   5.00   4.00   8.00
803  26   15 -22.65   7.11  -4.43  24.15 100.57 162.57   2.00   1.50   5.00   4.00   8.00
804  26   15 -23.62   2.41  -4.43  24.15 100.57 174.18   2.00   1.50   5.00   4.00   8.00
805  26   15 -23.62  -2.40  -4.43  24.15 100.57 185.80   2.00   1.50   5.00   4.00   8.00
806  26   15 -22.65  -7.10  -4.43  24.15 100.57 197.41   2.00   1.50   5.00   4.00   8.00
807  26   15 -20.76 -11.52  -4.43  24.15 100.57 209.02   2.00   1.50   5.00   4.00   8.00
808  26   15 -18.02 -15.46  -4.43  24.15 100.57 220.63   2.00   1.50   5.00   4.00   8.00
809  26   15 -14.54 -18.77  -4.43  24.15 100.57 232.24   2.00   1.50   5.00   4.00   8.00
810  26   15 -10.46 -21.31  -4.43  24.15 100.57 243.86   2.00   1.50   5.00   4.00   8.00
811  26   15  -5.96 -22.98  -4.43  24.15 100.57 255.47   2.00   1.50   5.00   4.00   8.00
812  26   15  -1.21 -23.71  -4.43  24.15 100.57 267.08   2.00   1.50   5.00   4.00   8.00
813  26   15   3.59 -23.47  -4.43  24.15 100.57 278.69   2.00   1.50   5.00   4.00   8.00
814  26   15   8.24 -22.26  -4.43  24.15 100.57 290.30   2.00   1.50   5.00   4.00   8.00
815  26   15  12.55 -20.15  -4.43  24.15 100.57 301.92   2.00   1.50   5.00   4.00   8.00
816  26   15  16.35 -17.21  -4.43  24.15 100.57 313.53   2.00   1.50   5.00   4.00   8.00
817  26   15  19.48 -13.57  -4.43  24.15 100.57 325.14   2.00   1.50   5.00   4.00   8.00
818  26   15  21.81  -9.37  -4.43  24.15 100.57 336.75   2.00   1.50   5.00   4.00   8.00
819  26   15  23.25  -4.79  -4.43  24.15 100.57 348.37   2.00   1.50   5.00   4.00   8.00
820  27   15  22.45   0.00  -6.02  23.24 105.02   0.00   2.00   1.50   5.00   4.00   8.00
821  27   15  21.92   4.83  -6.02  23.24 105.02  12.41   2.00   1.50   5.00   4.00   8.00
822  27   15  20.37   9.43  -6.02  23.24 105.02  24.82   2.00   1.50   5.00   4.00   8.00
823  27   15  17.87  13.58  -6.02  23.24 105.02  37.24   2.00   1.50   5.00   4.00   8.00
824  27   15  14.53  17.11  -6.02  23.24 105.02  49.65   2.00   1.50   5.00   4.00   8.00
825  27   15  10.52  19.83  -6.02  23.24 105.02  62.06   2.00   1.50   5.00   4.00   8.00
826  27   15   6.01  21.63  -6.02  23.24 105.02  74.47   2.00   1.50   5.00   4.00   8.00
827  27   15   1.22  22.42  -6.02  23.24 105.02  86.89   2.00   1.50   5.00   4.00   8.00
828  27   15  -3.63  22.15  -6.02  23.24 105.02  99.30   2.00   1.50   5.00   4.00   8.00
829  27   15  -8.31  20.86  -6.02  23.24 105.02 111.71   2.00   1.50   5.00   4.00   8.00
830  27   15 -12.59  18.58  -6.02  23.24 105.02 124.12   2.00   1.50   5.00   4.00   8.00
831  27   15 -16.29  15.44  -6.02  23.24 105.02 136.54   2.00   1.50   5.00   4.00   8.00
832  27   15 -19.23  11.58  -6.02  23.24 105.02 148.95   2.00   1.50   5.00   4.00   8.00
833  27   15 -21.27   7.17  -6.02  23.24 105.02 161.36   2.00   1.50   5.00   4.00   8.00
834  27   15 -22.32   2.43  -6.02  23.24 105.02 173.77   2.00   1.50   5.00   4.00   8.00
835  27   15 -22.32  -2.42  -6.02  23.24 105.02 186.19   2.00   1.50   5.00   4.00   8.00
836  27   15 -21.28  -7.16  -6.02  23.24 105.02 198.60   2.00   1.50   5.00   4.00   8.00
837  27   15 -19.24 -11.57  -6.02  23.24 105.02 211.01   2.00   1.50   5.00   4.00   8.00
838  27   15 -16.30 -15.43  -6.02  23.24 105.02 223.42   2.00   1.50   5.00   4.00   8.00
839  27   15 -12.61 -18.58  -6.02  23.24 105.02 235.84   2.00   1.50   5.00   4.00   8.00
840  27   15  -8.32 -20.85  -6.02  23.24 105.02 248.25   2.00   1.50   5.00   4.00   8.00
841  27   15  -3.64 -22.15  -6.02  23.24 105.02 260.66   2.00   1.50   5.00   4.00   8.00
842  27   15   1.20 -22.42  -6.02  23.24 105.02 273.07   2.00   1.50   5.00   4.00   8.00
843  27   15   5.99 -21.63  -6.02  23.24 105.02 285.49   2.00   1.50   5.00   4.00   8.00
844  27   15  10.50 -19.84  -6.02  23.24 105.02 297.90   2.00   1.50   5.00   4.00   8.00
845  27   15  14.52 -17.12  -6.02  23.24 105.02 310.31   2.00   1.50   5.00   4.00   8.00
846  27   15  17.86 -13.60  -6.02  23.24 105.02 322.72   2.00   1.50   5.00   4.00   8.00
847  27   15  20.37  -9.44  -6.02  23.24 105.02 335.14   2.00   1.50   5.00   4.00   8.00
848  27   15  21.92  -4.84  -6.02  23.24 105.02 347.55   2.00   1.50   5.00   4.00   8.00
849  28   15  21.13   0.00  -7.57  22.45 109.71   0.00   2.00   1.50   5.00   4.00   8.00
850  28   15  20.56   4.87  -7.57  22.45 109.71  13.33   2.00   1.50   5.00   4.00   8.00
851  28   15  18.88   9.48  -7.57  22.45 109.71  26.66   2.00   1.50   5.00   4.00   8.00
852  28   15  16.19  13.58  -7.57  22.45 109.71  40.00   2.00   1.50   5.00   4.00   8.00
853  28   15  12.62  16.95  -7.57  22.45 109.71  53.33   2.00   1.50   5.00   4.00   8.00
854  28   15   8.37  19.40  -7.57  22.45 109.71  66.66   2.00   1.50   5.00   4.00   8.00
855  28   15   3.67  20.81  -7.57  22.45 109.71  79.99   2.00   1.50   5.00   4.00   8.00
856  28   15  -1.23  21.10  -7.57  22.45 109.71  93.33   2.00   1.50   5.00   4.00   8.00
857  28   15  -6.06  20.24  -7.57  22.45 109.71 106.66   2.00   1.50   5.00   4.00   8.00
858  28   15 -10.56  18.30  -7.57  22.45 109.71 119.99   2.00   1.50   5.00   4.00   8.00
859  28   15 -14.50  15.37  -7.57  22.45 109.71 133.32   2.00   1.50   5.00   4.00   8.00
860  28   15 -17.65  11.61  -7.57  22.45 109.71 146.66   2.00   1.50   5.00   4.00   8.00
861  28   15 -19.86   7.23  -7.57  22.45 109.71 159.99   2.00   1.50   5.00   4.00   8.00
862  28   15 -20.99   2.46  -7.57  22.45 109.71 173.32   2.00   1.50   5.00   4.00   8.00
863  28   15 -20.99  -2.45  -7.57  22.45 109.71 186.65   2.00   1.50   5.00   4.00   8.00
864  28   15 -19.86  -7.22  -7.57  22.45 109.71 199.99   2.00   1.50   5.00   4.00   8.00
865  28   15 -17.66 -11.61  -7.57  22.45 109.71 213.32   2.00   1.50   5.00   4.00   8.00
866  28   15 -14.50 -15.37  -7.57  22.45 109.71 226.65   2.00   1.50   5.00   4.00   8.00
867  28   15 -10.57 -18.30  -7.57  22.45 109.71 239.98   2.00   1.50   5.00   4.00   8.00
868  28   15  -6.07 -20.24  -7.57  22.45 109.71 253.32   2.00   1.50   5.00   4.00   8.00
869  28   15  -1.24 -21.09  -7.57  22.45 109.71 266.65   2.00   1.50   5.00   4.00   8.00
870  28   15   3.66 -20.81  -7.57  22.45 109.71 279.98   2.00   1.50   5.00   4.00   8.00
871  28   15   8.36 -19.41  -7.57  22.45 109.71 293.31   2.00   1.50   5.00   4.00   8.00
872  28   15  12.61 -16.95  -7.57  22.45 109.71 306.65   2.00   1.50   5.00   4.00   8.00
873  28   15  16.18 -13.59  -7.57  22.45 109.71 319.98   2.00   1.50   5.00   4.00   8.00
874  28   15  18.88  -9.49  -7.57  22.45 109.71 333.31   2.00   1.50   5.00   4.00   8.00
875  28   15  20.56  -4.88  -7.57  22.45 109.71 346.64   2.00   1.50   5.00   4.00   8.00
876  29   15  19.14   0.00  -8.82  21.07 114.73   0.00   2.00   1.50   5.00   4.00   8.00
877  29   15  18.49   4.95  -8.82  21.07 114.73  15.00   2.00   1.50   5.00   4.00   8.00
878  29   15  16.58   9.57  -8.82  21.07 114.73  30.00   2.00   1.50   5.00   4.00   8.00
879  29   15  13.53  13.53  -8.82  21.07 114.73  45.00   2.00   1.50   5.00   4.00   8.00
880  29   15   9.57  16.57  -8.82  21.07 114.73  60.00   2.00   1.50   5.00   4.00   8.00
881  29   15   4.95  18.49  -8.82  21.07 114.73  75.00   2.00   1.50   5.00   4.00   8.00
882  29   15   0.00  19.14  -8.82  21.07 114.73  90.00   2.00   1.50   5.00   4.00   8.00
883  29   15  -4.95  18.49  -8.82  21.07 114.73 104.99   2.00   1.50   5.00   4.00   8.00
884  29   15  -9.57  16.58  -8.82  21.07 114.73 119.99   2.00   1.50   5.00   4.00   8.00
885  29   15 -13.53  13.54  -8.82  21.07 114.73 134.99   2.00   1.50   5.00   4.00   8.00
886  29   15 -16.57   9.57  -8.82  21.07 114.73 149.99   2.00   1.50   5.00   4.00   8.00
887  29   15 -18.49   4.96  -8.82  21.07 114.73 164.99   2.00   1.50   5.00   4.00   8.00
888  29   15 -19.14   0.00  -8.82  21.07 114.73 179.99   2.00   1.50   5.00   4.00   8.00
889  29   15 -18.49  -4.95  -8.82  21.07 114.73 194.99   2.00   1.50   5.00   4.00   8.00
890  29   15 -16.58  -9.57  -8.82  21.07 114.73 209.99   2.00   1.50   5.00   4.00   8.00
891  29   15 -13.54 -13.53  -8.82  21.07 114.73 224.99   2.00   1.50   5.00   4.00   8.00
892  29   15  -9.57 -16.57  -8.82  21.07 114.73 239.99   2.00   1.50   5.00   4.00   8.00
893  29   15  -4.96 -18.49  -8.82  21.07 114.73 254.99   2.00   1.50   5.00   4.00   8.00
894  29   15  -0.00 -19.14  -8.82  21.07 114.73 269.99   2.00   1.50   5.00   4.00   8.00
895  29   15   4.95 -18.49  -8.82  21.07 114.73 284.98   2.00   1.50   5.00   4.00   8.00
896  29   15   9.56 -16.58  -8.82  21.07 114.73 299.98   2.00   1.50   5.00   4.00   8.00
897  29   15  13.53 -13.54  -8.82  21.07 114.73 314.98   2.00   1.50   5.00   4.00   8.00
898  29   15  16.57  -9.57  -8.82  21.07 114.73 329.98   2.00   1.50   5.00   4.00   8.00
899  29   15  18.49  -4.96  -8.82  21.07 114.73 344.98   2.00   1.50   5.00   4.00   8.00
900  30   15  17.10   0.00  -9.96  19.79 120.22   0.00   2.00   1.50   5.00   4.00   8.00
901  30   15  16.34   5.04  -9.96  19.79 120.22  17.14   2.00   1.50   5.00   4.00   8.00
902  30   15  14.13   9.63  -9.96  19.79 120.22  34.28   2.00   1.50   5.00   4.00   8.00
903  30   15  10.66  13.37  -9.96  19.79 120.22  51.43   2.00   1.50   5.00   4.00   8.00
904  30   15   6.25  15.92  -9.96  19.79 120.22  68.57   2.00   1.50   5.00   4.00   8.00
905  30   15   1.28  17.06  -9.96  19.79 120.22  85.71   2.00   1.50   5.00   4.00   8.00
906  30   15  -3.80  16.68  -9.96  19.79 120.22 102.85   2.00   1.50   5.00   4.00   8.00
907  30   15  -8.55  14.81  -9.96  19.79 120.22 120.00   2.00   1.50   5.00   4.00   8.00
908  30   15 -12.54  11.63  -9.96  19.79 120.22 137.14   2.00   1.50   5.00   4.00   8.00
909  30   15 -15.41   7.42  -9.96  19.79 120.22 154.28   2.00   1.50   5.00   4.00   8.00
910  30   15 -16.91   2.55  -9.96  19.79 120.22 171.42   2.00   1.50   5.00   4.00   8.00
911  30   15 -16.91  -2.55  -9.96  19.79 120.22 188.56   2.00   1.50   5.00   4.00   8.00
912  30   15 -15.41  -7.42  -9.96  19.79 120.22 205.71   2.00   1.50   5.00   4.00   8.00
913  30   15 -12.54 -11.63  -9.96  19.79 120.22 222.85   2.00   1.50   5.00   4.00   8.00
914  30   15  -8.55 -14.81  -9.96  19.79 120.22 239.99   2.00   1.50   5.00   4.00   8.00
915  30   15  -3.81 -16.67  -9.96  19.79 120.22 257.13   2.00   1.50   5.00   4.00   8.00
916  30   15   1.28 -17.06  -9.96  19.79 120.22 274.28   2.00   1.50   5.00   4.00   8.00
917  30   15   6.25 -15.92  -9.96  19.79 120.22 291.42   2.00   1.50   5.00   4.00   8.00
918  30   15  10.66 -13.37  -9.96  19.79 120.22 308.56   2.00   1.50   5.00   4.00   8.00
919  30   15  14.13  -9.64  -9.96  19.79 120.22 325.70   2.00   1.50   5.00   4.00   8.00
920  30   15  16.34  -5.05  -9.96  19.79 120.22 342.84   2.00   1.50   5.00   4.00   8.00
921  31   15  15.01   0.00 -11.01  18.62 126.25   0.00   2.00   1.50   5.00   4.00   8.00
922  31   15  14.11   5.13 -11.01  18.62 126.25  20.00   2.00   1.50   5.00   4.00   8.00
923  31   15  11.50   9.65 -11.01  18.62 126.25  40.00   2.00   1.50   5.00   4.00   8.00
924  31   15   7.51  13.00 -11.01  18.62 126.25  59.99   2.00   1.50   5.00   4.00   8.00
925  31   15   2.61  14.78 -11.01  18.62 126.25  79.99   2.00   1.50   5.00   4.00   8.00
926  31   15  -2.60  14.79 -11.01  18.62 126.25  99.99   2.00   1.50   5.00   4.00   8.00
927  31   15  -7.50  13.00 -11.01  18.62 126.25 119.99   2.00   1.50   5.00   4.00   8.00
928  31   15 -11.50   9.65 -11.01  18.62 126.25 139.98   2.00   1.50   5.00   4.00   8.00
929  31   15 -14.11   5.14 -11.01  18.62 126.25 159.98   2.00   1.50   5.00   4.00   8.00
930  31   15 -15.01   0.01 -11.01  18.62 126.25 179.98   2.00   1.50   5.00   4.00   8.00
931  31   15 -14.11  -5.13 -11.01  18.62 126.25 199.98   2.00   1.50   5.00   4.00   8.00
932  31   15 -11.50  -9.65 -11.01  18.62 126.25 219.98   2.00   1.50   5.00   4.00   8.00
933  31   15  -7.51 -13.00 -11.01  18.62 126.25 239.97   2.00   1.50   5.00   4.00   8.00
934  31   15  -2.61 -14.78 -11.01  18.62 126.25 259.97   2.00   1.50   5.00   4.00   8.00
935  31   15   2.60 -14.79 -11.01  18.62 126.25 279.97   2.00   1.50   5.00   4.00   8.00
936  31   15   7.50 -13.01 -11.01  18.62 126.25 299.97   2.00   1.50   5.00   4.00   8.00
937  31   15  11.49  -9.66 -11.01  18.62 126.25 319.96   2.00   1.50   5.00   4.00   8.00
938  31   15  14.10  -5.14 -11.01  18.62 126.25 339.96   2.00   1.50   5.00   4.00   8.00
939  32   15  12.19   0.00 -11.43  16.71 133.15   0.00   2.00   1.50   5.00   4.00   8.00
940  32   15  10.99   5.29 -11.43  16.71 133.15  25.71   2.00   1.50   5.00   4.00   8.00
941  32   15   7.60   9.53 -11.43  16.71 133.15  51.43   2.00   1.50   5.00   4.00   8.00
942  32   15   2.71  11.89 -11.43  16.71 133.15  77.14   2.00   1.50   5.00   4.00   8.00
943  32   15  -2.71  11.89 -11.43  16.71 133.15 102.86   2.00   1.50   5.00   4.00   8.00
944  32   15  -7.60   9.53 -11.43  16.71 133.15 128.57   2.00   1.50   5.00   4.00   8.00
945  32   15 -10.99   5.29 -11.43  16.71 133.15 154.29   2.00   1.50   5.00   4.00   8.00
946  32   15 -12.19   0.00 -11.43  16.71 133.15 180.00   2.00   1.50   5.00   4.00   8.00
947  32   15 -10.99  -5.29 -11.43  16.71 133.15 205.71   2.00   1.50   5.00   4.00   8.00
948  32   15  -7.60  -9.53 -11.43  16.71 133.15 231.43   2.00   1.50   5.00   4.00   8.00
949  32   15  -2.71 -11.89 -11.43  16.71 133.15 257.14   2.00   1.50   5.00   4.00   8.00
950  32   15   2.71 -11.89 -11.43  16.71 133.15 282.86   2.00   1.50   5.00   4.00   8.00
951  32   15   7.60  -9.53 -11.43  16.71 133.15 308.57   2.00   1.50   5.00   4.00   8.00
952  32   15  10.99  -5.29 -11.43  16.71 133.15 334.29   2.00   1.50   5.00   4.00   8.00
953  33   15   9.91   0.00 -12.27  15.77 141.09   0.00   2.00   1.50   5.00   4.00   8.00
954  33   15   8.34   5.36 -12.27  15.77 141.09  32.73   2.00   1.50   5.00   4.00   8.00
955  33   15   4.12   9.01 -12.27  15.77 141.09  65.45   2.00   1.50   5.00   4.00   8.00
956  33   15  -1.41   9.81 -12.27  15.77 141.09  98.18   2.00   1.50   5.00   4.00   8.00
957  33   15  -6.49   7.49 -12.27  15.77 141.09 130.90   2.00   1.50   5.00   4.00   8.00
958  33   15  -9.51   2.79 -12.27  15.77 141.09 163.63   2.00   1.50   5.00   4.00   8.00
959  33   15  -9.51  -2.79 -12.27  15.77 141.09 196.36   2.00   1.50   5.00   4.00   8.00
960  33   15  -6.49  -7.49 -12.27  15.77 141.09 229.08   2.00   1.50   5.00   4.00   8.00
961  33   15  -1.41  -9.81 -12.27  15.77 141.09 261.81   2.00   1.50   5.00   4.00   8.00
962  33   15   4.11  -9.01 -12.27  15.77 141.09 294.53   2.00   1.50   5.00   4.00   8.00
963  33   15   8.33  -5.36 -12.27  15.77 141.09 327.26   2.00   1.50   5.00   4.00   8.00
964  34   15   6.76   0.00 -12.09  13.85 150.80   0.00   2.00   1.50   5.00   4.00   8.00
965  34   15   4.21   5.28 -12.09  13.85 150.80  51.42   2.00   1.50   5.00   4.00   8.00
966  34   15  -1.50   6.59 -12.09  13.85 150.80 102.85   2.00   1.50   5.00   4.00   8.00
967  34   15  -6.09   2.93 -12.09  13.85 150.80 154.27   2.00   1.50   5.00   4.00   8.00
968  34   15  -6.09  -2.93 -12.09  13.85 150.80 205.70   2.00   1.50   5.00   4.00   8.00
969  34   15  -1.51  -6.59 -12.09  13.85 150.80 257.12   2.00   1.50   5.00   4.00   8.00
970  34   15   4.21  -5.29 -12.09  13.85 150.80 308.55   2.00   1.50   5.00   4.00   8.00
-1

