  1   1    5   5.07   0.00  23.48  24.02  12.19   0.00   1.50   1.50   4.00   4.00   8.00
  2   1    5   2.54   4.39  23.48  24.02  12.19  60.00   1.50   1.50   4.00   4.00   8.00
  3   1    5  -2.53   4.39  23.48  24.02  12.19 119.99   1.50   1.50   4.00   4.00   8.00
  4   1    5  -5.07   0.00  23.48  24.02  12.19 179.99   1.50   1.50   4.00   4.00   8.00
  5   1    5  -2.54  -4.39  23.48  24.02  12.19 239.98   1.50   1.50   4.00   4.00   8.00
  6   1    5   2.53  -4.39  23.48  24.02  12.19 299.98   1.50   1.50   4.00   4.00   8.00
  7   2    5   7.46   0.00  23.57  24.73  17.55   0.00   1.50   1.50   4.00   4.00   8.00
  8   2    5   5.71   4.79  23.57  24.73  17.55  40.00   1.50   1.50   4.00   4.00   8.00
  9   2    5   1.30   7.34  23.57  24.73  17.55  80.00   1.50   1.50   4.00   4.00   8.00
 10   2    5  -3.73   6.46  23.57  24.73  17.55 120.00   1.50   1.50   4.00   4.00   8.00
 11   2    5  -7.01   2.55  23.57  24.73  17.55 160.00   1.50   1.50   4.00   4.00   8.00
 12   2    5  -7.01  -2.55  23.57  24.73  17.55 200.00   1.50   1.50   4.00   4.00   8.00
 13   2    5  -3.73  -6.46  23.57  24.73  17.55 239.99   1.50   1.50   4.00   4.00   8.00
 14   2    5   1.29  -7.34  23.57  24.73  17.55 279.99   1.50   1.50   4.00   4.00   8.00
 15   2    5   5.71  -4.79  23.57  24.73  17.55 319.99   1.50   1.50   4.00   4.00   8.00
 16   3    5  10.38   0.00  25.36  27.40  22.25   0.00   1.50   1.50   4.00   4.00   8.00
 17   3    5   9.19   4.82  25.36  27.40  22.25  27.69   1.50   1.50   4.00   4.00   8.00
 18   3    5   5.90   8.54  25.36  27.40  22.25  55.38   1.50   1.50   4.00   4.00   8.00
 19   3    5   1.25  10.30  25.36  27.40  22.25  83.08   1.50   1.50   4.00   4.00   8.00
 20   3    5  -3.68   9.70  25.36  27.40  22.25 110.77   1.50   1.50   4.00   4.00   8.00
 21   3    5  -7.77   6.88  25.36  27.40  22.25 138.46   1.50   1.50   4.00   4.00   8.00
 22   3    5 -10.08   2.48  25.36  27.40  22.25 166.15   1.50   1.50   4.00   4.00   8.00
 23   3    5 -10.08  -2.48  25.36  27.40  22.25 193.84   1.50   1.50   4.00   4.00   8.00
 24   3    5  -7.77  -6.88  25.36  27.40  22.25 221.53   1.50   1.50   4.00   4.00   8.00
 25   3    5  -3.68  -9.70  25.36  27.40  22.25 249.23   1.50   1.50   4.00   4.00   8.00
 26   3    5   1.25 -10.30  25.36  27.40  22.25 276.92   1.50   1.50   4.00   4.00   8.00
 27   3    5   5.89  -8.54  25.36  27.40  22.25 304.61   1.50   1.50   4.00   4.00   8.00
 28   3    5   9.19  -4.82  25.36  27.40  22.25 332.30   1.50   1.50   4.00   4.00   8.00
 29   4    5  12.57   0.00  25.34  28.28  26.38   0.00   1.50   1.50   4.00   4.00   8.00
 30   4    5  11.61   4.81  25.34  28.28  26.38  22.50   1.50   1.50   4.00   4.00   8.00
 31   4    5   8.89   8.89  25.34  28.28  26.38  45.00   1.50   1.50   4.00   4.00   8.00
 32   4    5   4.81  11.61  25.34  28.28  26.38  67.49   1.50   1.50   4.00   4.00   8.00
 33   4    5   0.00  12.57  25.34  28.28  26.38  89.99   1.50   1.50   4.00   4.00   8.00
 34   4    5  -4.81  11.61  25.34  28.28  26.38 112.49   1.50   1.50   4.00   4.00   8.00
 35   4    5  -8.89   8.89  25.34  28.28  26.38 134.99   1.50   1.50   4.00   4.00   8.00
 36   4    5 -11.61   4.81  25.34  28.28  26.38 157.48   1.50   1.50   4.00   4.00   8.00
 37   4    5 -12.57   0.00  25.34  28.28  26.38 179.98   1.50   1.50   4.00   4.00   8.00
 38   4    5 -11.61  -4.81  25.34  28.28  26.38 202.48   1.50   1.50   4.00   4.00   8.00
 39   4    5  -8.89  -8.88  25.34  28.28  26.38 224.98   1.50   1.50   4.00   4.00   8.00
 40   4    5  -4.82 -11.61  25.34  28.28  26.38 247.47   1.50   1.50   4.00   4.00   8.00
 41   4    5  -0.01 -12.57  25.34  28.28  26.38 269.97   1.50   1.50   4.00   4.00   8.00
 42   4    5   4.80 -11.61  25.34  28.28  26.38 292.47   1.50   1.50   4.00   4.00   8.00
 43   4    5   8.88  -8.89  25.34  28.28  26.38 314.97   1.50   1.50   4.00   4.00   8.00
 44   4    5  11.61  -4.82  25.34  28.28  26.38 337.47   1.50   1.50   4.00   4.00   8.00
 45   5    5  15.36   0.00  26.41  30.55  30.19   0.00   1.50   1.50   4.00   4.00   8.00
 46   5    5  14.61   4.75  26.41  30.55  30.19  18.00   1.50   1.50   4.00   4.00   8.00
 47   5    5  12.43   9.03  26.41  30.55  30.19  36.00   1.50   1.50   4.00   4.00   8.00
 48   5    5   9.03  12.43  26.41  30.55  30.19  54.00   1.50   1.50   4.00   4.00   8.00
 49   5    5   4.75  14.61  26.41  30.55  30.19  72.00   1.50   1.50   4.00   4.00   8.00
 50   5    5   0.00  15.36  26.41  30.55  30.19  90.00   1.50   1.50   4.00   4.00   8.00
 51   5    5  -4.75  14.61  26.41  30.55  30.19 108.00   1.50   1.50   4.00   4.00   8.00
 52   5    5  -9.03  12.43  26.41  30.55  30.19 126.00   1.50   1.50   4.00   4.00   8.00
 53   5    5 -12.43   9.03  26.41  30.55  30.19 144.00   1.50   1.50   4.00   4.00   8.00
 54   5    5 -14.61   4.75  26.41  30.55  30.19 162.00   1.50   1.50   4.00   4.00   8.00
 55   5    5 -15.36   0.00  26.41  30.55  30.19 180.00   1.50   1.50   4.00   4.00   8.00
 56   5    5 -14.61  -4.75  26.41  30.55  30.19 198.00   1.50   1.50   4.00   4.00   8.00
 57   5    5 -12.43  -9.03  26.41  30.55  30.19 216.00   1.50   1.50   4.00   4.00   8.00
 58   5    5  -9.03 -12.43  26.41  30.55  30.19 234.00   1.50   1.50   4.00   4.00   8.00
 59   5    5  -4.75 -14.61  26.41  30.55  30.19 252.00   1.50   1.50   4.00   4.00   8.00
 60   5    5  -0.00 -15.36  26.41  30.55  30.19 270.00   1.50   1.50   4.00   4.00   8.00
 61   5    5   4.75 -14.61  26.41  30.55  30.19 288.00   1.50   1.50   4.00   4.00   8.00
 62   5    5   9.03 -12.43  26.41  30.55  30.19 306.00   1.50   1.50   4.00   4.00   8.00
 63   5    5  12.43  -9.03  26.41  30.55  30.19 324.00   1.50   1.50   4.00   4.00   8.00
 64   5    5  14.61  -4.75  26.41  30.55  30.19 342.00   1.50   1.50   4.00   4.00   8.00
 65   6    5  17.48   0.00  26.23  31.52  33.68   0.00   1.50   1.50   4.00   4.00   8.00
 66   6    5  16.83   4.72  26.23  31.52  33.68  15.65   1.50   1.50   4.00   4.00   8.00
 67   6    5  14.94   9.08  26.23  31.52  33.68  31.30   1.50   1.50   4.00   4.00   8.00
 68   6    5  11.93  12.78  26.23  31.52  33.68  46.96   1.50   1.50   4.00   4.00   8.00
 69   6    5   8.04  15.52  26.23  31.52  33.68  62.61   1.50   1.50   4.00   4.00   8.00
 70   6    5   3.56  17.11  26.23  31.52  33.68  78.26   1.50   1.50   4.00   4.00   8.00
 71   6    5  -1.19  17.44  26.23  31.52  33.68  93.91   1.50   1.50   4.00   4.00   8.00
 72   6    5  -5.85  16.47  26.23  31.52  33.68 109.56   1.50   1.50   4.00   4.00   8.00
 73   6    5 -10.08  14.28  26.23  31.52  33.68 125.21   1.50   1.50   4.00   4.00   8.00
 74   6    5 -13.56  11.03  26.23  31.52  33.68 140.87   1.50   1.50   4.00   4.00   8.00
 75   6    5 -16.03   6.97  26.23  31.52  33.68 156.52   1.50   1.50   4.00   4.00   8.00
 76   6    5 -17.32   2.38  26.23  31.52  33.68 172.17   1.50   1.50   4.00   4.00   8.00
 77   6    5 -17.32  -2.38  26.23  31.52  33.68 187.82   1.50   1.50   4.00   4.00   8.00
 78   6    5 -16.03  -6.96  26.23  31.52  33.68 203.47   1.50   1.50   4.00   4.00   8.00
 79   6    5 -13.56 -11.03  26.23  31.52  33.68 219.12   1.50   1.50   4.00   4.00   8.00
 80   6    5 -10.08 -14.28  26.23  31.52  33.68 234.78   1.50   1.50   4.00   4.00   8.00
 81   6    5  -5.86 -16.47  26.23  31.52  33.68 250.43   1.50   1.50   4.00   4.00   8.00
 82   6    5  -1.20 -17.44  26.23  31.52  33.68 266.08   1.50   1.50   4.00   4.00   8.00
 83   6    5   3.55 -17.12  26.23  31.52  33.68 281.73   1.50   1.50   4.00   4.00   8.00
 84   6    5   8.04 -15.52  26.23  31.52  33.68 297.38   1.50   1.50   4.00   4.00   8.00
 85   6    5  11.93 -12.78  26.23  31.52  33.68 313.03   1.50   1.50   4.00   4.00   8.00
 86   6    5  14.93  -9.09  26.23  31.52  33.68 328.69   1.50   1.50   4.00   4.00   8.00
 87   6    5  16.83  -4.72  26.23  31.52  33.68 344.34   1.50   1.50   4.00   4.00   8.00
 88   7    5  19.58   0.00  25.97  32.52  37.01   0.00   1.50   1.50   4.00   4.00   8.00
 89   7    5  19.01   4.68  25.97  32.52  37.01  13.84   1.50   1.50   4.00   4.00   8.00
 90   7    5  17.34   9.10  25.97  32.52  37.01  27.69   1.50   1.50   4.00   4.00   8.00
 91   7    5  14.66  12.98  25.97  32.52  37.01  41.53   1.50   1.50   4.00   4.00   8.00
 92   7    5  11.12  16.11  25.97  32.52  37.01  55.37   1.50   1.50   4.00   4.00   8.00
 93   7    5   6.95  18.30  25.97  32.52  37.01  69.22   1.50   1.50   4.00   4.00   8.00
 94   7    5   2.36  19.43  25.97  32.52  37.01  83.06   1.50   1.50   4.00   4.00   8.00
 95   7    5  -2.35  19.44  25.97  32.52  37.01  96.91   1.50   1.50   4.00   4.00   8.00
 96   7    5  -6.94  18.31  25.97  32.52  37.01 110.75   1.50   1.50   4.00   4.00   8.00
 97   7    5 -11.11  16.12  25.97  32.52  37.01 124.59   1.50   1.50   4.00   4.00   8.00
 98   7    5 -14.65  12.99  25.97  32.52  37.01 138.44   1.50   1.50   4.00   4.00   8.00
 99   7    5 -17.33   9.11  25.97  32.52  37.01 152.28   1.50   1.50   4.00   4.00   8.00
100   7    5 -19.01   4.70  25.97  32.52  37.01 166.12   1.50   1.50   4.00   4.00   8.00
101   7    5 -19.58   0.01  25.97  32.52  37.01 179.97   1.50   1.50   4.00   4.00   8.00
102   7    5 -19.01  -4.67  25.97  32.52  37.01 193.81   1.50   1.50   4.00   4.00   8.00
103   7    5 -17.34  -9.09  25.97  32.52  37.01 207.65   1.50   1.50   4.00   4.00   8.00
104   7    5 -14.66 -12.97  25.97  32.52  37.01 221.50   1.50   1.50   4.00   4.00   8.00
105   7    5 -11.13 -16.10  25.97  32.52  37.01 235.34   1.50   1.50   4.00   4.00   8.00
106   7    5  -6.96 -18.30  25.97  32.52  37.01 249.18   1.50   1.50   4.00   4.00   8.00
107   7    5  -2.38 -19.43  25.97  32.52  37.01 263.03   1.50   1.50   4.00   4.00   8.00
108   7    5   2.34 -19.44  25.97  32.52  37.01 276.87   1.50   1.50   4.00   4.00   8.00
109   7    5   6.93 -18.31  25.97  32.52  37.01 290.72   1.50   1.50   4.00   4.00   8.00
110   7    5  11.11 -16.12  25.97  32.52  37.01 304.56   1.50   1.50   4.00   4.00   8.00
111   7    5  14.64 -13.00  25.97  32.52  37.01 318.40   1.50   1.50   4.00   4.00   8.00
112   7    5  17.33  -9.12  25.97  32.52  37.01 332.25   1.50   1.50   4.00   4.00   8.00
113   7    5  19.00  -4.71  25.97  32.52  37.01 346.09   1.50   1.50   4.00   4.00   8.00
114   8    5  21.65   0.00  25.63  33.55  40.19   0.00   1.50   1.50   4.00   4.00   8.00
115   8    5  21.15   4.65  25.63  33.55  40.19  12.41   1.50   1.50   4.00   4.00   8.00
116   8    5  19.65   9.09  25.63  33.55  40.19  24.82   1.50   1.50   4.00   4.00   8.00
117   8    5  17.24  13.10  25.63  33.55  40.19  37.24   1.50   1.50   4.00   4.00   8.00
118   8    5  14.02  16.50  25.63  33.55  40.19  49.65   1.50   1.50   4.00   4.00   8.00
119   8    5  10.15  19.13  25.63  33.55  40.19  62.06   1.50   1.50   4.00   4.00   8.00
120   8    5   5.80  20.86  25.63  33.55  40.19  74.47   1.50   1.50   4.00   4.00   8.00
121   8    5   1.18  21.62  25.63  33.55  40.19  86.88   1.50   1.50   4.00   4.00   8.00
122   8    5  -3.50  21.37  25.63  33.55  40.19  99.30   1.50   1.50   4.00   4.00   8.00
123   8    5  -8.01  20.12  25.63  33.55  40.19 111.71   1.50   1.50   4.00   4.00   8.00
124   8    5 -12.15  17.93  25.63  33.55  40.19 124.12   1.50   1.50   4.00   4.00   8.00
125   8    5 -15.71  14.90  25.63  33.55  40.19 136.53   1.50   1.50   4.00   4.00   8.00
126   8    5 -18.55  11.17  25.63  33.55  40.19 148.94   1.50   1.50   4.00   4.00   8.00
127   8    5 -20.52   6.92  25.63  33.55  40.19 161.36   1.50   1.50   4.00   4.00   8.00
128   8    5 -21.52   2.35  25.63  33.55  40.19 173.77   1.50   1.50   4.00   4.00   8.00
129   8    5 -21.53  -2.33  25.63  33.55  40.19 186.18   1.50   1.50   4.00   4.00   8.00
130   8    5 -20.52  -6.90  25.63  33.55  40.19 198.59   1.50   1.50   4.00   4.00   8.00
131   8    5 -18.56 -11.15  25.63  33.55  40.19 211.00   1.50   1.50   4.00   4.00   8.00
132   8    5 -15.73 -14.88  25.63  33.55  40.19 223.42   1.50   1.50   4.00   4.00   8.00
133   8    5 -12.16 -17.91  25.63  33.55  40.19 235.83   1.50   1.50   4.00   4.00   8.00
134   8    5  -8.03 -20.11  25.63  33.55  40.19 248.24   1.50   1.50   4.00   4.00   8.00
135   8    5  -3.52 -21.37  25.63  33.55  40.19 260.65   1.50   1.50   4.00   4.00   8.00
136   8    5   1.16 -21.62  25.63  33.55  40.19 273.06   1.50   1.50   4.00   4.00   8.00
137   8    5   5.78 -20.87  25.63  33.55  40.19 285.48   1.50   1.50   4.00   4.00   8.00
138   8    5  10.13 -19.14  25.63  33.55  40.19 297.89   1.50   1.50   4.00   4.00   8.00
139   8    5  14.00 -16.51  25.63  33.55  40.19 310.30   1.50   1.50   4.00   4.00   8.00
140   8    5  17.23 -13.12  25.63  33.55  40.19 322.71   1.50   1.50   4.00   4.00   8.00
141   8    5  19.64  -9.11  25.63  33.55  40.19 335.12   1.50   1.50   4.00   4.00   8.00
142   8    5  21.14  -4.67  25.63  33.55  40.19 347.54   1.50   1.50   4.00   4.00   8.00
143   9    5  23.07   0.00  24.49  33.64  43.29   0.00   1.50   1.50   4.00   4.00   8.00
144   9    5  22.60   4.64  24.49  33.64  43.29  11.61   1.50   1.50   4.00   4.00   8.00
145   9    5  21.20   9.10  24.49  33.64  43.29  23.23   1.50   1.50   4.00   4.00   8.00
146   9    5  18.93  13.18  24.49  33.64  43.29  34.84   1.50   1.50   4.00   4.00   8.00
147   9    5  15.89  16.72  24.49  33.64  43.29  46.45   1.50   1.50   4.00   4.00   8.00
148   9    5  12.20  19.58  24.49  33.64  43.29  58.06   1.50   1.50   4.00   4.00   8.00
149   9    5   8.01  21.63  24.49  33.64  43.29  69.68   1.50   1.50   4.00   4.00   8.00
150   9    5   3.49  22.80  24.49  33.64  43.29  81.29   1.50   1.50   4.00   4.00   8.00
151   9    5  -1.17  23.04  24.49  33.64  43.29  92.90   1.50   1.50   4.00   4.00   8.00
152   9    5  -5.78  22.33  24.49  33.64  43.29 104.52   1.50   1.50   4.00   4.00   8.00
153   9    5 -10.16  20.71  24.49  33.64  43.29 116.13   1.50   1.50   4.00   4.00   8.00
154   9    5 -14.12  18.24  24.49  33.64  43.29 127.74   1.50   1.50   4.00   4.00   8.00
155   9    5 -17.50  15.03  24.49  33.64  43.29 139.35   1.50   1.50   4.00   4.00   8.00
156   9    5 -20.17  11.20  24.49  33.64  43.29 150.97   1.50   1.50   4.00   4.00   8.00
157   9    5 -22.01   6.91  24.49  33.64  43.29 162.58   1.50   1.50   4.00   4.00   8.00
158   9    5 -22.95   2.33  24.49  33.64  43.29 174.19   1.50   1.50   4.00   4.00   8.00
159   9    5 -22.95  -2.33  24.49  33.64  43.29 185.81   1.50   1.50   4.00   4.00   8.00
160   9    5 -22.01  -6.91  24.49  33.64  43.29 197.42   1.50   1.50   4.00   4.00   8.00
161   9    5 -20.17 -11.20  24.49  33.64  43.29 209.03   1.50   1.50   4.00   4.00   8.00
162   9    5 -17.50 -15.03  24.49  33.64  43.29 220.64   1.50   1.50   4.00   4.00   8.00
163   9    5 -14.12 -18.24  24.49  33.64  43.29 232.26   1.50   1.50   4.00   4.00   8.00
164   9    5 -10.16 -20.71  24.49  33.64  43.29 243.87   1.50   1.50   4.00   4.00   8.00
165   9    5  -5.78 -22.33  24.49  33.64  43.29 255.48   1.50   1.50   4.00   4.00   8.00
166   9    5  -1.17 -23.04  24.49  33.64  43.29 267.10   1.50   1.50   4.00   4.00   8.00
167   9    5   3.49 -22.80  24.49  33.64  43.29 278.71   1.50   1.50   4.00   4.00   8.00
168   9    5   8.01 -21.63  24.49  33.64  43.29 290.32   1.50   1.50   4.00   4.00   8.00
169   9    5  12.20 -19.58  24.49  33.64  43.29 301.93   1.50   1.50   4.00   4.00   8.00
170   9    5  15.89 -16.72  24.49  33.64  43.29 313.55   1.50   1.50   4.00   4.00   8.00
171   9    5  18.93 -13.18  24.49  33.64  43.29 325.16   1.50   1.50   4.00   4.00   8.00
172   9    5  21.20  -9.10  24.49  33.64  43.29 336.77   1.50   1.50   4.00   4.00   8.00
173   9    5  22.60  -4.64  24.49  33.64  43.29 348.39   1.50   1.50   4.00   4.00   8.00
174  10    5  24.48   0.00  23.34  33.82  46.36   0.00   1.50   1.50   4.00   4.00   8.00
175  10    5  24.03   4.63  23.34  33.82  46.36  10.91   1.50   1.50   4.00   4.00   8.00
176  10    5  22.72   9.10  23.34  33.82  46.36  21.82   1.50   1.50   4.00   4.00   8.00
177  10    5  20.59  13.23  23.34  33.82  46.36  32.73   1.50   1.50   4.00   4.00   8.00
178  10    5  17.72  16.89  23.34  33.82  46.36  43.63   1.50   1.50   4.00   4.00   8.00
179  10    5  14.20  19.94  23.34  33.82  46.36  54.54   1.50   1.50   4.00   4.00   8.00
180  10    5  10.17  22.26  23.34  33.82  46.36  65.45   1.50   1.50   4.00   4.00   8.00
181  10    5   5.77  23.79  23.34  33.82  46.36  76.36   1.50   1.50   4.00   4.00   8.00
182  10    5   1.17  24.45  23.34  33.82  46.36  87.27   1.50   1.50   4.00   4.00   8.00
183  10    5  -3.48  24.23  23.34  33.82  46.36  98.18   1.50   1.50   4.00   4.00   8.00
184  10    5  -8.00  23.13  23.34  33.82  46.36 109.09   1.50   1.50   4.00   4.00   8.00
185  10    5 -12.24  21.20  23.34  33.82  46.36 120.00   1.50   1.50   4.00   4.00   8.00
186  10    5 -16.03  18.50  23.34  33.82  46.36 130.90   1.50   1.50   4.00   4.00   8.00
187  10    5 -19.24  15.13  23.34  33.82  46.36 141.81   1.50   1.50   4.00   4.00   8.00
188  10    5 -21.75  11.22  23.34  33.82  46.36 152.72   1.50   1.50   4.00   4.00   8.00
189  10    5 -23.48   6.90  23.34  33.82  46.36 163.63   1.50   1.50   4.00   4.00   8.00
190  10    5 -24.37   2.33  23.34  33.82  46.36 174.54   1.50   1.50   4.00   4.00   8.00
191  10    5 -24.37  -2.32  23.34  33.82  46.36 185.45   1.50   1.50   4.00   4.00   8.00
192  10    5 -23.49  -6.89  23.34  33.82  46.36 196.36   1.50   1.50   4.00   4.00   8.00
193  10    5 -21.76 -11.21  23.34  33.82  46.36 207.27   1.50   1.50   4.00   4.00   8.00
194  10    5 -19.24 -15.13  23.34  33.82  46.36 218.17   1.50   1.50   4.00   4.00   8.00
195  10    5 -16.03 -18.50  23.34  33.82  46.36 229.08   1.50   1.50   4.00   4.00   8.00
196  10    5 -12.24 -21.20  23.34  33.82  46.36 239.99   1.50   1.50   4.00   4.00   8.00
197  10    5  -8.01 -23.13  23.34  33.82  46.36 250.90   1.50   1.50   4.00   4.00   8.00
198  10    5  -3.49 -24.23  23.34  33.82  46.36 261.81   1.50   1.50   4.00   4.00   8.00
199  10    5   1.16 -24.45  23.34  33.82  46.36 272.72   1.50   1.50   4.00   4.00   8.00
200  10    5   5.77 -23.79  23.34  33.82  46.36 283.63   1.50   1.50   4.00   4.00   8.00
201  10    5  10.16 -22.27  23.34  33.82  46.36 294.54   1.50   1.50   4.00   4.00   8.00
202  10    5  14.19 -19.94  23.34  33.82  46.36 305.44   1.50   1.50   4.00   4.00   8.00
203  10    5  17.71 -16.89  23.34  33.82  46.36 316.35   1.50   1.50   4.00   4.00   8.00
204  10    5  20.59 -13.24  23.34  33.82  46.36 327.26   1.50   1.50   4.00   4.00   8.00
205  10    5  22.72  -9.10  23.34  33.82  46.36 338.17   1.50   1.50   4.00   4.00   8.00
206  10    5  24.03  -4.64  23.34  33.82  46.36 349.08   1.50   1.50   4.00   4.00   8.00
207  11    5  25.87   0.00  22.18  34.08  49.39   0.00   1.50   1.50   4.00   4.00   8.00
208  11    5  25.46   4.62  22.18  34.08  49.39  10.29   1.50   1.50   4.00   4.00   8.00
209  11    5  24.22   9.09  22.18  34.08  49.39  20.57   1.50   1.50   4.00   4.00   8.00
210  11    5  22.21  13.27  22.18  34.08  49.39  30.86   1.50   1.50   4.00   4.00   8.00
211  11    5  19.48  17.02  22.18  34.08  49.39  41.14   1.50   1.50   4.00   4.00   8.00
212  11    5  16.13  20.23  22.18  34.08  49.39  51.43   1.50   1.50   4.00   4.00   8.00
213  11    5  12.26  22.78  22.18  34.08  49.39  61.71   1.50   1.50   4.00   4.00   8.00
214  11    5   8.00  24.61  22.18  34.08  49.39  72.00   1.50   1.50   4.00   4.00   8.00
215  11    5   3.47  25.64  22.18  34.08  49.39  82.28   1.50   1.50   4.00   4.00   8.00
216  11    5  -1.16  25.85  22.18  34.08  49.39  92.57   1.50   1.50   4.00   4.00   8.00
217  11    5  -5.76  25.22  22.18  34.08  49.39 102.85   1.50   1.50   4.00   4.00   8.00
218  11    5 -10.17  23.79  22.18  34.08  49.39 113.14   1.50   1.50   4.00   4.00   8.00
219  11    5 -14.25  21.59  22.18  34.08  49.39 123.43   1.50   1.50   4.00   4.00   8.00
220  11    5 -17.88  18.70  22.18  34.08  49.39 133.71   1.50   1.50   4.00   4.00   8.00
221  11    5 -20.93  15.21  22.18  34.08  49.39 144.00   1.50   1.50   4.00   4.00   8.00
222  11    5 -23.31  11.23  22.18  34.08  49.39 154.28   1.50   1.50   4.00   4.00   8.00
223  11    5 -24.94   6.88  22.18  34.08  49.39 164.57   1.50   1.50   4.00   4.00   8.00
224  11    5 -25.77   2.32  22.18  34.08  49.39 174.85   1.50   1.50   4.00   4.00   8.00
225  11    5 -25.77  -2.32  22.18  34.08  49.39 185.14   1.50   1.50   4.00   4.00   8.00
226  11    5 -24.94  -6.88  22.18  34.08  49.39 195.42   1.50   1.50   4.00   4.00   8.00
227  11    5 -23.31 -11.22  22.18  34.08  49.39 205.71   1.50   1.50   4.00   4.00   8.00
228  11    5 -20.93 -15.21  22.18  34.08  49.39 216.00   1.50   1.50   4.00   4.00   8.00
229  11    5 -17.88 -18.70  22.18  34.08  49.39 226.28   1.50   1.50   4.00   4.00   8.00
230  11    5 -14.26 -21.59  22.18  34.08  49.39 236.57   1.50   1.50   4.00   4.00   8.00
231  11    5 -10.17 -23.79  22.18  34.08  49.39 246.85   1.50   1.50   4.00   4.00   8.00
232  11    5  -5.76 -25.22  22.18  34.08  49.39 257.14   1.50   1.50   4.00   4.00   8.00
233  11    5  -1.16 -25.85  22.18  34.08  49.39 267.42   1.50   1.50   4.00   4.00   8.00
234  11    5   3.47 -25.64  22.18  34.08  49.39 277.71   1.50   1.50   4.00   4.00   8.00
235  11    5   7.99 -24.61  22.18  34.08  49.39 287.99   1.50   1.50   4.00   4.00   8.00
236  11    5  12.26 -22.78  22.18  34.08  49.39 298.28   1.50   1.50   4.00   4.00   8.00
237  11    5  16.13 -20.23  22.18  34.08  49.39 308.56   1.50   1.50   4.00   4.00   8.00
238  11    5  19.48 -17.02  22.18  34.08  49.39 318.85   1.50   1.50   4.00   4.00   8.00
239  11    5  22.21 -13.27  22.18  34.08  49.39 329.14   1.50   1.50   4.00   4.00   8.00
240  11    5  24.22  -9.09  22.18  34.08  49.39 339.42   1.50   1.50   4.00   4.00   8.00
241  11    5  25.46  -4.62  22.18  34.08  49.39 349.71   1.50   1.50   4.00   4.00   8.00
242  12    5  26.62   0.00  20.48  33.58  52.43   0.00   1.50   1.50   4.00   4.00   8.00
243  12    5  26.21   4.62  20.48  33.58  52.43  10.00   1.50   1.50   4.00   4.00   8.00
244  12    5  25.01   9.10  20.48  33.58  52.43  20.00   1.50   1.50   4.00   4.00   8.00
245  12    5  23.05  13.31  20.48  33.58  52.43  30.00   1.50   1.50   4.00   4.00   8.00
246  12    5  20.39  17.11  20.48  33.58  52.43  40.00   1.50   1.50   4.00   4.00   8.00
247  12    5  17.11  20.39  20.48  33.58  52.43  49.99   1.50   1.50   4.00   4.00   8.00
248  12    5  13.31  23.05  20.48  33.58  52.43  59.99   1.50   1.50   4.00   4.00   8.00
249  12    5   9.11  25.01  20.48  33.58  52.43  69.99   1.50   1.50   4.00   4.00   8.00
250  12    5   4.63  26.21  20.48  33.58  52.43  79.99   1.50   1.50   4.00   4.00   8.00
251  12    5   0.00  26.62  20.48  33.58  52.43  89.99   1.50   1.50   4.00   4.00   8.00
252  12    5  -4.62  26.22  20.48  33.58  52.43  99.99   1.50   1.50   4.00   4.00   8.00
253  12    5  -9.10  25.02  20.48  33.58  52.43 109.99   1.50   1.50   4.00   4.00   8.00
254  12    5 -13.30  23.06  20.48  33.58  52.43 119.99   1.50   1.50   4.00   4.00   8.00
255  12    5 -17.11  20.40  20.48  33.58  52.43 129.99   1.50   1.50   4.00   4.00   8.00
256  12    5 -20.39  17.12  20.48  33.58  52.43 139.99   1.50   1.50   4.00   4.00   8.00
257  12    5 -23.05  13.32  20.48  33.58  52.43 149.98   1.50   1.50   4.00   4.00   8.00
258  12    5 -25.01   9.11  20.48  33.58  52.43 159.98   1.50   1.50   4.00   4.00   8.00
259  12    5 -26.21   4.63  20.48  33.58  52.43 169.98   1.50   1.50   4.00   4.00   8.00
260  12    5 -26.62   0.01  20.48  33.58  52.43 179.98   1.50   1.50   4.00   4.00   8.00
261  12    5 -26.22  -4.61  20.48  33.58  52.43 189.98   1.50   1.50   4.00   4.00   8.00
262  12    5 -25.02  -9.09  20.48  33.58  52.43 199.98   1.50   1.50   4.00   4.00   8.00
263  12    5 -23.06 -13.30  20.48  33.58  52.43 209.98   1.50   1.50   4.00   4.00   8.00
264  12    5 -20.40 -17.10  20.48  33.58  52.43 219.98   1.50   1.50   4.00   4.00   8.00
265  12    5 -17.12 -20.38  20.48  33.58  52.43 229.98   1.50   1.50   4.00   4.00   8.00
266  12    5 -13.32 -23.05  20.48  33.58  52.43 239.97   1.50   1.50   4.00   4.00   8.00
267  12    5  -9.12 -25.01  20.48  33.58  52.43 249.97   1.50   1.50   4.00   4.00   8.00
268  12    5  -4.63 -26.21  20.48  33.58  52.43 259.97   1.50   1.50   4.00   4.00   8.00
269  12    5  -0.01 -26.62  20.48  33.58  52.43 269.97   1.50   1.50   4.00   4.00   8.00
270  12    5   4.61 -26.22  20.48  33.58  52.43 279.97   1.50   1.50   4.00   4.00   8.00
271  12    5   9.09 -25.02  20.48  33.58  52.43 289.97   1.50   1.50   4.00   4.00   8.00
272  12    5  13.30 -23.06  20.48  33.58  52.43 299.97   1.50   1.50   4.00   4.00   8.00
273  12    5  17.10 -20.40  20.48  33.58  52.43 309.97   1.50   1.50   4.00   4.00   8.00
274  12    5  20.38 -17.12  20.48  33.58  52.43 319.97   1.50   1.50   4.00   4.00   8.00
275  12    5  23.04 -13.32  20.48  33.58  52.43 329.97   1.50   1.50   4.00   4.00   8.00
276  12    5  25.01  -9.12  20.48  33.58  52.43 339.96   1.50   1.50   4.00   4.00   8.00
277  12    5  26.21  -4.64  20.48  33.58  52.43 349.96   1.50   1.50   4.00   4.00   8.00
278  13    5  28.00   0.00  19.28  33.99  55.45   0.00   1.50   1.50   4.00   4.00   8.00
279  13    5  27.61   4.61  19.28  33.99  55.45   9.47   1.50   1.50   4.00   4.00   8.00
280  13    5  26.48   9.09  19.28  33.99  55.45  18.94   1.50   1.50   4.00   4.00   8.00
281  13    5  24.62  13.32  19.28  33.99  55.45  28.42   1.50   1.50   4.00   4.00   8.00
282  13    5  22.09  17.19  19.28  33.99  55.45  37.89   1.50   1.50   4.00   4.00   8.00
283  13    5  18.96  20.59  19.28  33.99  55.45  47.36   1.50   1.50   4.00   4.00   8.00
284  13    5  15.32  23.43  19.28  33.99  55.45  56.83   1.50   1.50   4.00   4.00   8.00
285  13    5  11.25  25.63  19.28  33.99  55.45  66.30   1.50   1.50   4.00   4.00   8.00
286  13    5   6.88  27.14  19.28  33.99  55.45  75.78   1.50   1.50   4.00   4.00   8.00
287  13    5   2.32  27.90  19.28  33.99  55.45  85.25   1.50   1.50   4.00   4.00   8.00
288  13    5  -2.30  27.90  19.28  33.99  55.45  94.72   1.50   1.50   4.00   4.00   8.00
289  13    5  -6.86  27.14  19.28  33.99  55.45 104.19   1.50   1.50   4.00   4.00   8.00
290  13    5 -11.24  25.64  19.28  33.99  55.45 113.66   1.50   1.50   4.00   4.00   8.00
291  13    5 -15.30  23.44  19.28  33.99  55.45 123.14   1.50   1.50   4.00   4.00   8.00
292  13    5 -18.95  20.60  19.28  33.99  55.45 132.61   1.50   1.50   4.00   4.00   8.00
293  13    5 -22.08  17.20  19.28  33.99  55.45 142.08   1.50   1.50   4.00   4.00   8.00
294  13    5 -24.61  13.34  19.28  33.99  55.45 151.55   1.50   1.50   4.00   4.00   8.00
295  13    5 -26.47   9.10  19.28  33.99  55.45 161.02   1.50   1.50   4.00   4.00   8.00
296  13    5 -27.61   4.62  19.28  33.99  55.45 170.50   1.50   1.50   4.00   4.00   8.00
297  13    5 -28.00   0.02  19.28  33.99  55.45 179.97   1.50   1.50   4.00   4.00   8.00
298  13    5 -27.62  -4.59  19.28  33.99  55.45 189.44   1.50   1.50   4.00   4.00   8.00
299  13    5 -26.48  -9.07  19.28  33.99  55.45 198.91   1.50   1.50   4.00   4.00   8.00
300  13    5 -24.63 -13.31  19.28  33.99  55.45 208.38   1.50   1.50   4.00   4.00   8.00
301  13    5 -22.10 -17.18  19.28  33.99  55.45 217.86   1.50   1.50   4.00   4.00   8.00
302  13    5 -18.97 -20.58  19.28  33.99  55.45 227.33   1.50   1.50   4.00   4.00   8.00
303  13    5 -15.33 -23.43  19.28  33.99  55.45 236.80   1.50   1.50   4.00   4.00   8.00
304  13    5 -11.26 -25.63  19.28  33.99  55.45 246.27   1.50   1.50   4.00   4.00   8.00
305  13    5  -6.89 -27.13  19.28  33.99  55.45 255.75   1.50   1.50   4.00   4.00   8.00
306  13    5  -2.33 -27.90  19.28  33.99  55.45 265.22   1.50   1.50   4.00   4.00   8.00
307  13    5   2.29 -27.90  19.28  33.99  55.45 274.69   1.50   1.50   4.00   4.00   8.00
308  13    5   6.85 -27.14  19.28  33.99  55.45 284.16   1.50   1.50   4.00   4.00   8.00
309  13    5  11.22 -25.65  19.28  33.99  55.45 293.63   1.50   1.50   4.00   4.00   8.00
310  13    5  15.29 -23.45  19.28  33.99  55.45 303.11   1.50   1.50   4.00   4.00   8.00
311  13    5  18.94 -20.61  19.28  33.99  55.45 312.58   1.50   1.50   4.00   4.00   8.00
312  13    5  22.08 -17.22  19.28  33.99  55.45 322.05   1.50   1.50   4.00   4.00   8.00
313  13    5  24.61 -13.35  19.28  33.99  55.45 331.52   1.50   1.50   4.00   4.00   8.00
314  13    5  26.47  -9.12  19.28  33.99  55.45 340.99   1.50   1.50   4.00   4.00   8.00
315  13    5  27.61  -4.64  19.28  33.99  55.45 350.47   1.50   1.50   4.00   4.00   8.00
316  14    5  28.72   0.00  17.63  33.69  58.46   0.00   1.50   1.50   4.00   4.00   8.00
317  14    5  28.34   4.61  17.63  33.69  58.46   9.23   1.50   1.50   4.00   4.00   8.00
318  14    5  27.24   9.09  17.63  33.69  58.46  18.46   1.50   1.50   4.00   4.00   8.00
319  14    5  25.43  13.34  17.63  33.69  58.46  27.69   1.50   1.50   4.00   4.00   8.00
320  14    5  22.96  17.25  17.63  33.69  58.46  36.92   1.50   1.50   4.00   4.00   8.00
321  14    5  19.89  20.71  17.63  33.69  58.46  46.15   1.50   1.50   4.00   4.00   8.00
322  14    5  16.31  23.63  17.63  33.69  58.46  55.38   1.50   1.50   4.00   4.00   8.00
323  14    5  12.31  25.94  17.63  33.69  58.46  64.61   1.50   1.50   4.00   4.00   8.00
324  14    5   7.99  27.58  17.63  33.69  58.46  73.84   1.50   1.50   4.00   4.00   8.00
325  14    5   3.47  28.51  17.63  33.69  58.46  83.07   1.50   1.50   4.00   4.00   8.00
326  14    5  -1.15  28.69  17.63  33.69  58.46  92.30   1.50   1.50   4.00   4.00   8.00
327  14    5  -5.74  28.14  17.63  33.69  58.46 101.53   1.50   1.50   4.00   4.00   8.00
328  14    5 -10.18  26.85  17.63  33.69  58.46 110.76   1.50   1.50   4.00   4.00   8.00
329  14    5 -14.35  24.87  17.63  33.69  58.46 119.99   1.50   1.50   4.00   4.00   8.00
330  14    5 -18.16  22.25  17.63  33.69  58.46 129.22   1.50   1.50   4.00   4.00   8.00
331  14    5 -21.49  19.05  17.63  33.69  58.46 138.45   1.50   1.50   4.00   4.00   8.00
332  14    5 -24.27  15.35  17.63  33.69  58.46 147.68   1.50   1.50   4.00   4.00   8.00
333  14    5 -26.42  11.26  17.63  33.69  58.46 156.91   1.50   1.50   4.00   4.00   8.00
334  14    5 -27.88   6.88  17.63  33.69  58.46 166.14   1.50   1.50   4.00   4.00   8.00
335  14    5 -28.62   2.32  17.63  33.69  58.46 175.37   1.50   1.50   4.00   4.00   8.00
336  14    5 -28.62  -2.30  17.63  33.69  58.46 184.60   1.50   1.50   4.00   4.00   8.00
337  14    5 -27.88  -6.86  17.63  33.69  58.46 193.83   1.50   1.50   4.00   4.00   8.00
338  14    5 -26.42 -11.25  17.63  33.69  58.46 203.06   1.50   1.50   4.00   4.00   8.00
339  14    5 -24.28 -15.34  17.63  33.69  58.46 212.29   1.50   1.50   4.00   4.00   8.00
340  14    5 -21.50 -19.03  17.63  33.69  58.46 221.52   1.50   1.50   4.00   4.00   8.00
341  14    5 -18.17 -22.24  17.63  33.69  58.46 230.75   1.50   1.50   4.00   4.00   8.00
342  14    5 -14.37 -24.86  17.63  33.69  58.46 239.98   1.50   1.50   4.00   4.00   8.00
343  14    5 -10.19 -26.85  17.63  33.69  58.46 249.21   1.50   1.50   4.00   4.00   8.00
344  14    5  -5.76 -28.13  17.63  33.69  58.46 258.44   1.50   1.50   4.00   4.00   8.00
345  14    5  -1.17 -28.69  17.63  33.69  58.46 267.67   1.50   1.50   4.00   4.00   8.00
346  14    5   3.45 -28.51  17.63  33.69  58.46 276.90   1.50   1.50   4.00   4.00   8.00
347  14    5   7.98 -27.59  17.63  33.69  58.46 286.13   1.50   1.50   4.00   4.00   8.00
348  14    5  12.30 -25.95  17.63  33.69  58.46 295.36   1.50   1.50   4.00   4.00   8.00
349  14    5  16.30 -23.64  17.63  33.69  58.46 304.59   1.50   1.50   4.00   4.00   8.00
350  14    5  19.88 -20.72  17.63  33.69  58.46 313.82   1.50   1.50   4.00   4.00   8.00
351  14    5  22.95 -17.26  17.63  33.69  58.46 323.05   1.50   1.50   4.00   4.00   8.00
352  14    5  25.42 -13.36  17.63  33.69  58.46 332.28   1.50   1.50   4.00   4.00   8.00
353  14    5  27.23  -9.11  17.63  33.69  58.46 341.51   1.50   1.50   4.00   4.00   8.00
354  14    5  28.34  -4.62  17.63  33.69  58.46 350.74   1.50   1.50   4.00   4.00   8.00
355  15    5  28.79   0.00  15.62  32.75  61.52   0.00   1.50   1.50   4.00   4.00   8.00
356  15    5  28.41   4.62  15.62  32.75  61.52   9.23   1.50   1.50   4.00   4.00   8.00
357  15    5  27.30   9.12  15.62  32.75  61.52  18.46   1.50   1.50   4.00   4.00   8.00
358  15    5  25.49  13.38  15.62  32.75  61.52  27.69   1.50   1.50   4.00   4.00   8.00
359  15    5  23.01  17.29  15.62  32.75  61.52  36.92   1.50   1.50   4.00   4.00   8.00
360  15    5  19.94  20.76  15.62  32.75  61.52  46.15   1.50   1.50   4.00   4.00   8.00
361  15    5  16.35  23.69  15.62  32.75  61.52  55.38   1.50   1.50   4.00   4.00   8.00
362  15    5  12.34  26.01  15.62  32.75  61.52  64.61   1.50   1.50   4.00   4.00   8.00
363  15    5   8.01  27.65  15.62  32.75  61.52  73.84   1.50   1.50   4.00   4.00   8.00
364  15    5   3.47  28.58  15.62  32.75  61.52  83.08   1.50   1.50   4.00   4.00   8.00
365  15    5  -1.16  28.76  15.62  32.75  61.52  92.31   1.50   1.50   4.00   4.00   8.00
366  15    5  -5.76  28.20  15.62  32.75  61.52 101.54   1.50   1.50   4.00   4.00   8.00
367  15    5 -10.21  26.92  15.62  32.75  61.52 110.77   1.50   1.50   4.00   4.00   8.00
368  15    5 -14.39  24.93  15.62  32.75  61.52 120.00   1.50   1.50   4.00   4.00   8.00
369  15    5 -18.20  22.30  15.62  32.75  61.52 129.23   1.50   1.50   4.00   4.00   8.00
370  15    5 -21.55  19.09  15.62  32.75  61.52 138.46   1.50   1.50   4.00   4.00   8.00
371  15    5 -24.33  15.39  15.62  32.75  61.52 147.69   1.50   1.50   4.00   4.00   8.00
372  15    5 -26.48  11.28  15.62  32.75  61.52 156.92   1.50   1.50   4.00   4.00   8.00
373  15    5 -27.95   6.89  15.62  32.75  61.52 166.15   1.50   1.50   4.00   4.00   8.00
374  15    5 -28.69   2.32  15.62  32.75  61.52 175.38   1.50   1.50   4.00   4.00   8.00
375  15    5 -28.69  -2.31  15.62  32.75  61.52 184.61   1.50   1.50   4.00   4.00   8.00
376  15    5 -27.95  -6.89  15.62  32.75  61.52 193.84   1.50   1.50   4.00   4.00   8.00
377  15    5 -26.48 -11.28  15.62  32.75  61.52 203.07   1.50   1.50   4.00   4.00   8.00
378  15    5 -24.33 -15.38  15.62  32.75  61.52 212.30   1.50   1.50   4.00   4.00   8.00
379  15    5 -21.55 -19.09  15.62  32.75  61.52 221.53   1.50   1.50   4.00   4.00   8.00
380  15    5 -18.21 -22.30  15.62  32.75  61.52 230.76   1.50   1.50   4.00   4.00   8.00
381  15    5 -14.40 -24.93  15.62  32.75  61.52 240.00   1.50   1.50   4.00   4.00   8.00
382  15    5 -10.21 -26.91  15.62  32.75  61.52 249.23   1.50   1.50   4.00   4.00   8.00
383  15    5  -5.76 -28.20  15.62  32.75  61.52 258.46   1.50   1.50   4.00   4.00   8.00
384  15    5  -1.16 -28.76  15.62  32.75  61.52 267.69   1.50   1.50   4.00   4.00   8.00
385  15    5   3.47 -28.58  15.62  32.75  61.52 276.92   1.50   1.50   4.00   4.00   8.00
386  15    5   8.01 -27.65  15.62  32.75  61.52 286.15   1.50   1.50   4.00   4.00   8.00
387  15    5  12.34 -26.01  15.62  32.75  61.52 295.38   1.50   1.50   4.00   4.00   8.00
388  15    5  16.35 -23.69  15.62  32.75  61.52 304.61   1.50   1.50   4.00   4.00   8.00
389  15    5  19.94 -20.76  15.62  32.75  61.52 313.84   1.50   1.50   4.00   4.00   8.00
390  15    5  23.01 -17.30  15.62  32.75  61.52 323.07   1.50   1.50   4.00   4.00   8.00
391  15    5  25.49 -13.38  15.62  32.75  61.52 332.30   1.50   1.50   4.00   4.00   8.00
392  15    5  27.30  -9.12  15.62  32.75  61.52 341.53   1.50   1.50   4.00   4.00   8.00
393  15    5  28.41  -4.62  15.62  32.75  61.52 350.76   1.50   1.50   4.00   4.00   8.00
394  16    5  29.49   0.00  13.98  32.64  64.63   0.00   1.50   1.50   4.00   4.00   8.00
395  16    5  29.13   4.61  13.98  32.64  64.63   9.00   1.50   1.50   4.00   4.00   8.00
396  16    5  28.05   9.11  13.98  32.64  64.63  18.00   1.50   1.50   4.00   4.00   8.00
397  16    5  26.27  13.39  13.98  32.64  64.63  27.00   1.50   1.50   4.00   4.00   8.00
398  16    5  23.86  17.33  13.98  32.64  64.63  36.00   1.50   1.50   4.00   4.00   8.00
399  16    5  20.85  20.85  13.98  32.64  64.63  45.00   1.50   1.50   4.00   4.00   8.00
400  16    5  17.33  23.86  13.98  32.64  64.63  54.00   1.50   1.50   4.00   4.00   8.00
401  16    5  13.39  26.27  13.98  32.64  64.63  63.00   1.50   1.50   4.00   4.00   8.00
402  16    5   9.11  28.05  13.98  32.64  64.63  72.00   1.50   1.50   4.00   4.00   8.00
403  16    5   4.61  29.13  13.98  32.64  64.63  81.00   1.50   1.50   4.00   4.00   8.00
404  16    5   0.00  29.49  13.98  32.64  64.63  90.00   1.50   1.50   4.00   4.00   8.00
405  16    5  -4.61  29.13  13.98  32.64  64.63  99.00   1.50   1.50   4.00   4.00   8.00
406  16    5  -9.11  28.05  13.98  32.64  64.63 108.00   1.50   1.50   4.00   4.00   8.00
407  16    5 -13.39  26.28  13.98  32.64  64.63 117.00   1.50   1.50   4.00   4.00   8.00
408  16    5 -17.33  23.86  13.98  32.64  64.63 126.00   1.50   1.50   4.00   4.00   8.00
409  16    5 -20.85  20.85  13.98  32.64  64.63 135.00   1.50   1.50   4.00   4.00   8.00
410  16    5 -23.86  17.33  13.98  32.64  64.63 144.00   1.50   1.50   4.00   4.00   8.00
411  16    5 -26.27  13.39  13.98  32.64  64.63 153.00   1.50   1.50   4.00   4.00   8.00
412  16    5 -28.05   9.11  13.98  32.64  64.63 162.00   1.50   1.50   4.00   4.00   8.00
413  16    5 -29.13   4.61  13.98  32.64  64.63 171.00   1.50   1.50   4.00   4.00   8.00
414  16    5 -29.49   0.00  13.98  32.64  64.63 180.00   1.50   1.50   4.00   4.00   8.00
415  16    5 -29.13  -4.61  13.98  32.64  64.63 189.00   1.50   1.50   4.00   4.00   8.00
416  16    5 -28.05  -9.11  13.98  32.64  64.63 198.00   1.50   1.50   4.00   4.00   8.00
417  16    5 -26.28 -13.39  13.98  32.64  64.63 207.00   1.50   1.50   4.00   4.00   8.00
418  16    5 -23.86 -17.33  13.98  32.64  64.63 216.00   1.50   1.50   4.00   4.00   8.00
419  16    5 -20.85 -20.85  13.98  32.64  64.63 225.00   1.50   1.50   4.00   4.00   8.00
420  16    5 -17.33 -23.86  13.98  32.64  64.63 234.00   1.50   1.50   4.00   4.00   8.00
421  16    5 -13.39 -26.27  13.98  32.64  64.63 243.00   1.50   1.50   4.00   4.00   8.00
422  16    5  -9.11 -28.04  13.98  32.64  64.63 252.00   1.50   1.50   4.00   4.00   8.00
423  16    5  -4.61 -29.13  13.98  32.64  64.63 261.00   1.50   1.50   4.00   4.00   8.00
424  16    5  -0.00 -29.49  13.98  32.64  64.63 270.00   1.50   1.50   4.00   4.00   8.00
425  16    5   4.61 -29.13  13.98  32.64  64.63 279.00   1.50   1.50   4.00   4.00   8.00
426  16    5   9.11 -28.05  13.98  32.64  64.63 288.00   1.50   1.50   4.00   4.00   8.00
427  16    5  13.39 -26.28  13.98  32.64  64.63 297.00   1.50   1.50   4.00   4.00   8.00
428  16    5  17.33 -23.86  13.98  32.64  64.63 306.00   1.50   1.50   4.00   4.00   8.00
429  16    5  20.85 -20.85  13.98  32.64  64.63 315.00   1.50   1.50   4.00   4.00   8.00
430  16    5  23.86 -17.33  13.98  32.64  64.63 324.00   1.50   1.50   4.00   4.00   8.00
431  16    5  26.27 -13.39  13.98  32.64  64.63 333.00   1.50   1.50   4.00   4.00   8.00
432  16    5  28.04  -9.11  13.98  32.64  64.63 342.00   1.50   1.50   4.00   4.00   8.00
433  16    5  29.13  -4.62  13.98  32.64  64.63 351.00   1.50   1.50   4.00   4.00   8.00
434  17    5  29.54   0.00  12.07  31.91  67.78   0.00   1.50   1.50   4.00   4.00   8.00
435  17    5  29.18   4.62  12.07  31.91  67.78   9.00   1.50   1.50   4.00   4.00   8.00
436  17    5  28.10   9.13  12.07  31.91  67.78  18.00   1.50   1.50   4.00   4.00   8.00
437  17    5  26.32  13.41  12.07  31.91  67.78  27.00   1.50   1.50   4.00   4.00   8.00
438  17    5  23.90  17.36  12.07  31.91  67.78  35.99   1.50   1.50   4.00   4.00   8.00
439  17    5  20.89  20.89  12.07  31.91  67.78  44.99   1.50   1.50   4.00   4.00   8.00
440  17    5  17.37  23.90  12.07  31.91  67.78  53.99   1.50   1.50   4.00   4.00   8.00
441  17    5  13.42  26.32  12.07  31.91  67.78  62.99   1.50   1.50   4.00   4.00   8.00
442  17    5   9.14  28.10  12.07  31.91  67.78  71.99   1.50   1.50   4.00   4.00   8.00
443  17    5   4.63  29.18  12.07  31.91  67.78  80.99   1.50   1.50   4.00   4.00   8.00
444  17    5   0.01  29.54  12.07  31.91  67.78  89.99   1.50   1.50   4.00   4.00   8.00
445  17    5  -4.61  29.18  12.07  31.91  67.78  98.98   1.50   1.50   4.00   4.00   8.00
446  17    5  -9.12  28.10  12.07  31.91  67.78 107.98   1.50   1.50   4.00   4.00   8.00
447  17    5 -13.40  26.33  12.07  31.91  67.78 116.98   1.50   1.50   4.00   4.00   8.00
448  17    5 -17.36  23.91  12.07  31.91  67.78 125.98   1.50   1.50   4.00   4.00   8.00
449  17    5 -20.88  20.90  12.07  31.91  67.78 134.98   1.50   1.50   4.00   4.00   8.00
450  17    5 -23.89  17.38  12.07  31.91  67.78 143.98   1.50   1.50   4.00   4.00   8.00
451  17    5 -26.32  13.42  12.07  31.91  67.78 152.97   1.50   1.50   4.00   4.00   8.00
452  17    5 -28.09   9.14  12.07  31.91  67.78 161.97   1.50   1.50   4.00   4.00   8.00
453  17    5 -29.18   4.64  12.07  31.91  67.78 170.97   1.50   1.50   4.00   4.00   8.00
454  17    5 -29.54   0.02  12.07  31.91  67.78 179.97   1.50   1.50   4.00   4.00   8.00
455  17    5 -29.18  -4.61  12.07  31.91  67.78 188.97   1.50   1.50   4.00   4.00   8.00
456  17    5 -28.10  -9.11  12.07  31.91  67.78 197.97   1.50   1.50   4.00   4.00   8.00
457  17    5 -26.33 -13.40  12.07  31.91  67.78 206.97   1.50   1.50   4.00   4.00   8.00
458  17    5 -23.91 -17.35  12.07  31.91  67.78 215.96   1.50   1.50   4.00   4.00   8.00
459  17    5 -20.90 -20.88  12.07  31.91  67.78 224.96   1.50   1.50   4.00   4.00   8.00
460  17    5 -17.38 -23.89  12.07  31.91  67.78 233.96   1.50   1.50   4.00   4.00   8.00
461  17    5 -13.43 -26.31  12.07  31.91  67.78 242.96   1.50   1.50   4.00   4.00   8.00
462  17    5  -9.15 -28.09  12.07  31.91  67.78 251.96   1.50   1.50   4.00   4.00   8.00
463  17    5  -4.64 -29.18  12.07  31.91  67.78 260.96   1.50   1.50   4.00   4.00   8.00
464  17    5  -0.02 -29.54  12.07  31.91  67.78 269.96   1.50   1.50   4.00   4.00   8.00
465  17    5   4.60 -29.18  12.07  31.91  67.78 278.95   1.50   1.50   4.00   4.00   8.00
466  17    5   9.11 -28.10  12.07  31.91  67.78 287.95   1.50   1.50   4.00   4.00   8.00
467  17    5  13.39 -26.33  12.07  31.91  67.78 296.95   1.50   1.50   4.00   4.00   8.00
468  17    5  17.34 -23.92  12.07  31.91  67.78 305.95   1.50   1.50   4.00   4.00   8.00
469  17    5  20.87 -20.91  12.07  31.91  67.78 314.95   1.50   1.50   4.00   4.00   8.00
470  17    5  23.88 -17.39  12.07  31.91  67.78 323.95   1.50   1.50   4.00   4.00   8.00
471  17    5  26.31 -13.44  12.07  31.91  67.78 332.94   1.50   1.50   4.00   4.00   8.00
472  17    5  28.09  -9.16  12.07  31.91  67.78 341.94   1.50   1.50   4.00   4.00   8.00
473  17    5  29.17  -4.65  12.07  31.91  67.78 350.94   1.50   1.50   4.00   4.00   8.00
474  18    5  29.58   0.00  10.19  31.29  71.00   0.00   1.50   1.50   4.00   4.00   8.00
475  18    5  29.22   4.63  10.19  31.29  71.00   9.00   1.50   1.50   4.00   4.00   8.00
476  18    5  28.13   9.14  10.19  31.29  71.00  18.00   1.50   1.50   4.00   4.00   8.00
477  18    5  26.36  13.43  10.19  31.29  71.00  27.00   1.50   1.50   4.00   4.00   8.00
478  18    5  23.93  17.39  10.19  31.29  71.00  36.00   1.50   1.50   4.00   4.00   8.00
479  18    5  20.92  20.92  10.19  31.29  71.00  44.99   1.50   1.50   4.00   4.00   8.00
480  18    5  17.39  23.93  10.19  31.29  71.00  53.99   1.50   1.50   4.00   4.00   8.00
481  18    5  13.43  26.36  10.19  31.29  71.00  62.99   1.50   1.50   4.00   4.00   8.00
482  18    5   9.15  28.13  10.19  31.29  71.00  71.99   1.50   1.50   4.00   4.00   8.00
483  18    5   4.63  29.22  10.19  31.29  71.00  80.99   1.50   1.50   4.00   4.00   8.00
484  18    5   0.01  29.58  10.19  31.29  71.00  89.99   1.50   1.50   4.00   4.00   8.00
485  18    5  -4.62  29.22  10.19  31.29  71.00  98.99   1.50   1.50   4.00   4.00   8.00
486  18    5  -9.13  28.14  10.19  31.29  71.00 107.99   1.50   1.50   4.00   4.00   8.00
487  18    5 -13.42  26.36  10.19  31.29  71.00 116.99   1.50   1.50   4.00   4.00   8.00
488  18    5 -17.38  23.94  10.19  31.29  71.00 125.99   1.50   1.50   4.00   4.00   8.00
489  18    5 -20.91  20.92  10.19  31.29  71.00 134.98   1.50   1.50   4.00   4.00   8.00
490  18    5 -23.93  17.39  10.19  31.29  71.00 143.98   1.50   1.50   4.00   4.00   8.00
491  18    5 -26.35  13.44  10.19  31.29  71.00 152.98   1.50   1.50   4.00   4.00   8.00
492  18    5 -28.13   9.15  10.19  31.29  71.00 161.98   1.50   1.50   4.00   4.00   8.00
493  18    5 -29.22   4.64  10.19  31.29  71.00 170.98   1.50   1.50   4.00   4.00   8.00
494  18    5 -29.58   0.01  10.19  31.29  71.00 179.98   1.50   1.50   4.00   4.00   8.00
495  18    5 -29.22  -4.62  10.19  31.29  71.00 188.98   1.50   1.50   4.00   4.00   8.00
496  18    5 -28.14  -9.13  10.19  31.29  71.00 197.98   1.50   1.50   4.00   4.00   8.00
497  18    5 -26.36 -13.42  10.19  31.29  71.00 206.98   1.50   1.50   4.00   4.00   8.00
498  18    5 -23.94 -17.38  10.19  31.29  71.00 215.97   1.50   1.50   4.00   4.00   8.00
499  18    5 -20.93 -20.91  10.19  31.29  71.00 224.97   1.50   1.50   4.00   4.00   8.00
500  18    5 -17.40 -23.92  10.19  31.29  71.00 233.97   1.50   1.50   4.00   4.00   8.00
501  18    5 -13.44 -26.35  10.19  31.29  71.00 242.97   1.50   1.50   4.00   4.00   8.00
502  18    5  -9.16 -28.13  10.19  31.29  71.00 251.97   1.50   1.50   4.00   4.00   8.00
503  18    5  -4.64 -29.21  10.19  31.29  71.00 260.97   1.50   1.50   4.00   4.00   8.00
504  18    5  -0.02 -29.58  10.19  31.29  71.00 269.97   1.50   1.50   4.00   4.00   8.00
505  18    5   4.61 -29.22  10.19  31.29  71.00 278.97   1.50   1.50   4.00   4.00   8.00
506  18    5   9.12 -28.14  10.19  31.29  71.00 287.97   1.50   1.50   4.00   4.00   8.00
507  18    5  13.41 -26.37  10.19  31.29  71.00 296.97   1.50   1.50   4.00   4.00   8.00
508  18    5  17.37 -23.94  10.19  31.29  71.00 305.96   1.50   1.50   4.00   4.00   8.00
509  18    5  20.90 -20.93  10.19  31.29  71.00 314.96   1.50   1.50   4.00   4.00   8.00
510  18    5  23.92 -17.40  10.19  31.29  71.00 323.96   1.50   1.50   4.00   4.00   8.00
511  18    5  26.35 -13.45  10.19  31.29  71.00 332.96   1.50   1.50   4.00   4.00   8.00
512  18    5  28.13  -9.16  10.19  31.29  71.00 341.96   1.50   1.50   4.00   4.00   8.00
513  18    5  29.21  -4.65  10.19  31.29  71.00 350.96   1.50   1.50   4.00   4.00   8.00
514  19    5  29.61   0.00   8.34  30.76  74.27   0.00   1.50   1.50   4.00   4.00   8.00
515  19    5  29.24   4.63   8.34  30.76  74.27   9.00   1.50   1.50   4.00   4.00   8.00
516  19    5  28.16   9.15   8.34  30.76  74.27  18.00   1.50   1.50   4.00   4.00   8.00
517  19    5  26.38  13.44   8.34  30.76  74.27  27.00   1.50   1.50   4.00   4.00   8.00
518  19    5  23.95  17.40   8.34  30.76  74.27  36.00   1.50   1.50   4.00   4.00   8.00
519  19    5  20.94  20.93   8.34  30.76  74.27  45.00   1.50   1.50   4.00   4.00   8.00
520  19    5  17.40  23.95   8.34  30.76  74.27  54.00   1.50   1.50   4.00   4.00   8.00
521  19    5  13.44  26.38   8.34  30.76  74.27  63.00   1.50   1.50   4.00   4.00   8.00
522  19    5   9.15  28.16   8.34  30.76  74.27  72.00   1.50   1.50   4.00   4.00   8.00
523  19    5   4.63  29.24   8.34  30.76  74.27  81.00   1.50   1.50   4.00   4.00   8.00
524  19    5   0.00  29.61   8.34  30.76  74.27  90.00   1.50   1.50   4.00   4.00   8.00
525  19    5  -4.63  29.24   8.34  30.76  74.27  99.00   1.50   1.50   4.00   4.00   8.00
526  19    5  -9.15  28.16   8.34  30.76  74.27 108.00   1.50   1.50   4.00   4.00   8.00
527  19    5 -13.44  26.38   8.34  30.76  74.27 117.00   1.50   1.50   4.00   4.00   8.00
528  19    5 -17.40  23.95   8.34  30.76  74.27 126.00   1.50   1.50   4.00   4.00   8.00
529  19    5 -20.93  20.94   8.34  30.76  74.27 135.00   1.50   1.50   4.00   4.00   8.00
530  19    5 -23.95  17.40   8.34  30.76  74.27 143.99   1.50   1.50   4.00   4.00   8.00
531  19    5 -26.38  13.44   8.34  30.76  74.27 152.99   1.50   1.50   4.00   4.00   8.00
532  19    5 -28.16   9.15   8.34  30.76  74.27 161.99   1.50   1.50   4.00   4.00   8.00
533  19    5 -29.24   4.63   8.34  30.76  74.27 170.99   1.50   1.50   4.00   4.00   8.00
534  19    5 -29.61   0.00   8.34  30.76  74.27 179.99   1.50   1.50   4.00   4.00   8.00
535  19    5 -29.24  -4.63   8.34  30.76  74.27 188.99   1.50   1.50   4.00   4.00   8.00
536  19    5 -28.16  -9.15   8.34  30.76  74.27 197.99   1.50   1.50   4.00   4.00   8.00
537  19    5 -26.38 -13.44   8.34  30.76  74.27 206.99   1.50   1.50   4.00   4.00   8.00
538  19    5 -23.95 -17.40   8.34  30.76  74.27 215.99   1.50   1.50   4.00   4.00   8.00
539  19    5 -20.94 -20.93   8.34  30.76  74.27 224.99   1.50   1.50   4.00   4.00   8.00
540  19    5 -17.41 -23.95   8.34  30.76  74.27 233.99   1.50   1.50   4.00   4.00   8.00
541  19    5 -13.44 -26.38   8.34  30.76  74.27 242.99   1.50   1.50   4.00   4.00   8.00
542  19    5  -9.15 -28.16   8.34  30.76  74.27 251.99   1.50   1.50   4.00   4.00   8.00
543  19    5  -4.64 -29.24   8.34  30.76  74.27 260.99   1.50   1.50   4.00   4.00   8.00
544  19    5  -0.00 -29.61   8.34  30.76  74.27 269.99   1.50   1.50   4.00   4.00   8.00
545  19    5   4.63 -29.24   8.34  30.76  74.27 278.99   1.50   1.50   4.00   4.00   8.00
546  19    5   9.14 -28.16   8.34  30.76  74.27 287.99   1.50   1.50   4.00   4.00   8.00
547  19    5  13.44 -26.38   8.34  30.76  74.27 296.99   1.50   1.50   4.00   4.00   8.00
548  19    5  17.40 -23.96   8.34  30.76  74.27 305.99   1.50   1.50   4.00   4.00   8.00
549  19    5  20.93 -20.94   8.34  30.76  74.27 314.99   1.50   1.50   4.00   4.00   8.00
550  19    5  23.95 -17.41   8.34  30.76  74.27 323.99   1.50   1.50   4.00   4.00   8.00
551  19    5  26.38 -13.45   8.34  30.76  74.27 332.99   1.50   1.50   4.00   4.00   8.00
552  19    5  28.16  -9.15   8.34  30.76  74.27 341.99   1.50   1.50   4.00   4.00   8.00
553  19    5  29.24  -4.64   8.34  30.76  74.27 350.99   1.50   1.50   4.00   4.00   8.00
554  20    5  29.62   0.00   6.51  30.33  77.61   0.00   1.50   1.50   4.00   4.00   8.00
555  20    5  29.26   4.63   6.51  30.33  77.61   9.00   1.50   1.50   4.00   4.00   8.00
556  20    5  28.17   9.15   6.51  30.33  77.61  18.00   1.50   1.50   4.00   4.00   8.00
557  20    5  26.39  13.45   6.51  30.33  77.61  27.00   1.50   1.50   4.00   4.00   8.00
558  20    5  23.97  17.41   6.51  30.33  77.61  36.00   1.50   1.50   4.00   4.00   8.00
559  20    5  20.95  20.94   6.51  30.33  77.61  44.99   1.50   1.50   4.00   4.00   8.00
560  20    5  17.41  23.96   6.51  30.33  77.61  53.99   1.50   1.50   4.00   4.00   8.00
561  20    5  13.45  26.39   6.51  30.33  77.61  62.99   1.50   1.50   4.00   4.00   8.00
562  20    5   9.16  28.17   6.51  30.33  77.61  71.99   1.50   1.50   4.00   4.00   8.00
563  20    5   4.64  29.26   6.51  30.33  77.61  80.99   1.50   1.50   4.00   4.00   8.00
564  20    5   0.01  29.62   6.51  30.33  77.61  89.99   1.50   1.50   4.00   4.00   8.00
565  20    5  -4.63  29.26   6.51  30.33  77.61  98.99   1.50   1.50   4.00   4.00   8.00
566  20    5  -9.15  28.17   6.51  30.33  77.61 107.99   1.50   1.50   4.00   4.00   8.00
567  20    5 -13.44  26.40   6.51  30.33  77.61 116.99   1.50   1.50   4.00   4.00   8.00
568  20    5 -17.41  23.97   6.51  30.33  77.61 125.98   1.50   1.50   4.00   4.00   8.00
569  20    5 -20.94  20.95   6.51  30.33  77.61 134.98   1.50   1.50   4.00   4.00   8.00
570  20    5 -23.96  17.42   6.51  30.33  77.61 143.98   1.50   1.50   4.00   4.00   8.00
571  20    5 -26.39  13.46   6.51  30.33  77.61 152.98   1.50   1.50   4.00   4.00   8.00
572  20    5 -28.17   9.16   6.51  30.33  77.61 161.98   1.50   1.50   4.00   4.00   8.00
573  20    5 -29.26   4.64   6.51  30.33  77.61 170.98   1.50   1.50   4.00   4.00   8.00
574  20    5 -29.62   0.01   6.51  30.33  77.61 179.98   1.50   1.50   4.00   4.00   8.00
575  20    5 -29.26  -4.62   6.51  30.33  77.61 188.98   1.50   1.50   4.00   4.00   8.00
576  20    5 -28.18  -9.14   6.51  30.33  77.61 197.98   1.50   1.50   4.00   4.00   8.00
577  20    5 -26.40 -13.44   6.51  30.33  77.61 206.97   1.50   1.50   4.00   4.00   8.00
578  20    5 -23.97 -17.40   6.51  30.33  77.61 215.97   1.50   1.50   4.00   4.00   8.00
579  20    5 -20.96 -20.94   6.51  30.33  77.61 224.97   1.50   1.50   4.00   4.00   8.00
580  20    5 -17.42 -23.96   6.51  30.33  77.61 233.97   1.50   1.50   4.00   4.00   8.00
581  20    5 -13.46 -26.39   6.51  30.33  77.61 242.97   1.50   1.50   4.00   4.00   8.00
582  20    5  -9.17 -28.17   6.51  30.33  77.61 251.97   1.50   1.50   4.00   4.00   8.00
583  20    5  -4.65 -29.25   6.51  30.33  77.61 260.97   1.50   1.50   4.00   4.00   8.00
584  20    5  -0.02 -29.62   6.51  30.33  77.61 269.97   1.50   1.50   4.00   4.00   8.00
585  20    5   4.62 -29.26   6.51  30.33  77.61 278.97   1.50   1.50   4.00   4.00   8.00
586  20    5   9.14 -28.18   6.51  30.33  77.61 287.96   1.50   1.50   4.00   4.00   8.00
587  20    5  13.43 -26.40   6.51  30.33  77.61 296.96   1.50   1.50   4.00   4.00   8.00
588  20    5  17.40 -23.98   6.51  30.33  77.61 305.96   1.50   1.50   4.00   4.00   8.00
589  20    5  20.93 -20.96   6.51  30.33  77.61 314.96   1.50   1.50   4.00   4.00   8.00
590  20    5  23.95 -17.43   6.51  30.33  77.61 323.96   1.50   1.50   4.00   4.00   8.00
591  20    5  26.38 -13.47   6.51  30.33  77.61 332.96   1.50   1.50   4.00   4.00   8.00
592  20    5  28.17  -9.17   6.51  30.33  77.61 341.96   1.50   1.50   4.00   4.00   8.00
593  20    5  29.25  -4.66   6.51  30.33  77.61 350.96   1.50   1.50   4.00   4.00   8.00
594  21    5  28.98   0.00   4.58  29.34  81.02   0.00   1.50   1.50   4.00   4.00   8.00
595  21    5  28.60   4.65   4.58  29.34  81.02   9.23   1.50   1.50   4.00   4.00   8.00
596  21    5  27.49   9.18   4.58  29.34  81.02  18.46   1.50   1.50   4.00   4.00   8.00
597  21    5  25.66  13.47   4.58  29.34  81.02  27.69   1.50   1.50   4.00   4.00   8.00
598  21    5  23.17  17.41   4.58  29.34  81.02  36.92   1.50   1.50   4.00   4.00   8.00
599  21    5  20.08  20.90   4.58  29.34  81.02  46.15   1.50   1.50   4.00   4.00   8.00
600  21    5  16.46  23.85   4.58  29.34  81.02  55.38   1.50   1.50   4.00   4.00   8.00
601  21    5  12.43  26.18   4.58  29.34  81.02  64.61   1.50   1.50   4.00   4.00   8.00
602  21    5   8.07  27.83   4.58  29.34  81.02  73.84   1.50   1.50   4.00   4.00   8.00
603  21    5   3.50  28.77   4.58  29.34  81.02  83.07   1.50   1.50   4.00   4.00   8.00
604  21    5  -1.16  28.96   4.58  29.34  81.02  92.30   1.50   1.50   4.00   4.00   8.00
605  21    5  -5.79  28.40   4.58  29.34  81.02 101.53   1.50   1.50   4.00   4.00   8.00
606  21    5 -10.27  27.10   4.58  29.34  81.02 110.76   1.50   1.50   4.00   4.00   8.00
607  21    5 -14.49  25.10   4.58  29.34  81.02 119.99   1.50   1.50   4.00   4.00   8.00
608  21    5 -18.32  22.45   4.58  29.34  81.02 129.22   1.50   1.50   4.00   4.00   8.00
609  21    5 -21.69  19.22   4.58  29.34  81.02 138.45   1.50   1.50   4.00   4.00   8.00
610  21    5 -24.49  15.49   4.58  29.34  81.02 147.68   1.50   1.50   4.00   4.00   8.00
611  21    5 -26.66  11.37   4.58  29.34  81.02 156.91   1.50   1.50   4.00   4.00   8.00
612  21    5 -28.14   6.94   4.58  29.34  81.02 166.14   1.50   1.50   4.00   4.00   8.00
613  21    5 -28.89   2.34   4.58  29.34  81.02 175.37   1.50   1.50   4.00   4.00   8.00
614  21    5 -28.89  -2.32   4.58  29.34  81.02 184.60   1.50   1.50   4.00   4.00   8.00
615  21    5 -28.14  -6.93   4.58  29.34  81.02 193.83   1.50   1.50   4.00   4.00   8.00
616  21    5 -26.66 -11.35   4.58  29.34  81.02 203.06   1.50   1.50   4.00   4.00   8.00
617  21    5 -24.50 -15.48   4.58  29.34  81.02 212.29   1.50   1.50   4.00   4.00   8.00
618  21    5 -21.70 -19.21   4.58  29.34  81.02 221.52   1.50   1.50   4.00   4.00   8.00
619  21    5 -18.34 -22.44   4.58  29.34  81.02 230.75   1.50   1.50   4.00   4.00   8.00
620  21    5 -14.50 -25.09   4.58  29.34  81.02 239.98   1.50   1.50   4.00   4.00   8.00
621  21    5 -10.29 -27.09   4.58  29.34  81.02 249.21   1.50   1.50   4.00   4.00   8.00
622  21    5  -5.81 -28.39   4.58  29.34  81.02 258.44   1.50   1.50   4.00   4.00   8.00
623  21    5  -1.18 -28.96   4.58  29.34  81.02 267.67   1.50   1.50   4.00   4.00   8.00
624  21    5   3.48 -28.77   4.58  29.34  81.02 276.90   1.50   1.50   4.00   4.00   8.00
625  21    5   8.05 -27.84   4.58  29.34  81.02 286.13   1.50   1.50   4.00   4.00   8.00
626  21    5  12.41 -26.19   4.58  29.34  81.02 295.36   1.50   1.50   4.00   4.00   8.00
627  21    5  16.45 -23.86   4.58  29.34  81.02 304.59   1.50   1.50   4.00   4.00   8.00
628  21    5  20.07 -20.91   4.58  29.34  81.02 313.82   1.50   1.50   4.00   4.00   8.00
629  21    5  23.16 -17.42   4.58  29.34  81.02 323.05   1.50   1.50   4.00   4.00   8.00
630  21    5  25.65 -13.48   4.58  29.34  81.02 332.28   1.50   1.50   4.00   4.00   8.00
631  21    5  27.48  -9.19   4.58  29.34  81.02 341.51   1.50   1.50   4.00   4.00   8.00
632  21    5  28.60  -4.66   4.58  29.34  81.02 350.74   1.50   1.50   4.00   4.00   8.00
633  22    5  28.32   0.00   2.70  28.45  84.55   0.00   1.50   1.50   4.00   4.00   8.00
634  22    5  27.94   4.66   2.70  28.45  84.55   9.47   1.50   1.50   4.00   4.00   8.00
635  22    5  26.79   9.20   2.70  28.45  84.55  18.95   1.50   1.50   4.00   4.00   8.00
636  22    5  24.91  13.48   2.70  28.45  84.55  28.42   1.50   1.50   4.00   4.00   8.00
637  22    5  22.35  17.40   2.70  28.45  84.55  37.89   1.50   1.50   4.00   4.00   8.00
638  22    5  19.18  20.84   2.70  28.45  84.55  47.36   1.50   1.50   4.00   4.00   8.00
639  22    5  15.49  23.71   2.70  28.45  84.55  56.84   1.50   1.50   4.00   4.00   8.00
640  22    5  11.38  25.94   2.70  28.45  84.55  66.31   1.50   1.50   4.00   4.00   8.00
641  22    5   6.96  27.46   2.70  28.45  84.55  75.78   1.50   1.50   4.00   4.00   8.00
642  22    5   2.34  28.23   2.70  28.45  84.55  85.26   1.50   1.50   4.00   4.00   8.00
643  22    5  -2.33  28.23   2.70  28.45  84.55  94.73   1.50   1.50   4.00   4.00   8.00
644  22    5  -6.95  27.46   2.70  28.45  84.55 104.20   1.50   1.50   4.00   4.00   8.00
645  22    5 -11.37  25.94   2.70  28.45  84.55 113.67   1.50   1.50   4.00   4.00   8.00
646  22    5 -15.49  23.71   2.70  28.45  84.55 123.15   1.50   1.50   4.00   4.00   8.00
647  22    5 -19.18  20.84   2.70  28.45  84.55 132.62   1.50   1.50   4.00   4.00   8.00
648  22    5 -22.35  17.40   2.70  28.45  84.55 142.09   1.50   1.50   4.00   4.00   8.00
649  22    5 -24.91  13.49   2.70  28.45  84.55 151.57   1.50   1.50   4.00   4.00   8.00
650  22    5 -26.79   9.20   2.70  28.45  84.55 161.04   1.50   1.50   4.00   4.00   8.00
651  22    5 -27.94   4.67   2.70  28.45  84.55 170.51   1.50   1.50   4.00   4.00   8.00
652  22    5 -28.32   0.01   2.70  28.45  84.55 179.98   1.50   1.50   4.00   4.00   8.00
653  22    5 -27.94  -4.65   2.70  28.45  84.55 189.46   1.50   1.50   4.00   4.00   8.00
654  22    5 -26.79  -9.19   2.70  28.45  84.55 198.93   1.50   1.50   4.00   4.00   8.00
655  22    5 -24.91 -13.47   2.70  28.45  84.55 208.40   1.50   1.50   4.00   4.00   8.00
656  22    5 -22.36 -17.39   2.70  28.45  84.55 217.88   1.50   1.50   4.00   4.00   8.00
657  22    5 -19.19 -20.83   2.70  28.45  84.55 227.35   1.50   1.50   4.00   4.00   8.00
658  22    5 -15.50 -23.71   2.70  28.45  84.55 236.82   1.50   1.50   4.00   4.00   8.00
659  22    5 -11.39 -25.93   2.70  28.45  84.55 246.29   1.50   1.50   4.00   4.00   8.00
660  22    5  -6.96 -27.45   2.70  28.45  84.55 255.77   1.50   1.50   4.00   4.00   8.00
661  22    5  -2.35 -28.23   2.70  28.45  84.55 265.24   1.50   1.50   4.00   4.00   8.00
662  22    5   2.33 -28.23   2.70  28.45  84.55 274.71   1.50   1.50   4.00   4.00   8.00
663  22    5   6.94 -27.46   2.70  28.45  84.55 284.19   1.50   1.50   4.00   4.00   8.00
664  22    5  11.37 -25.94   2.70  28.45  84.55 293.66   1.50   1.50   4.00   4.00   8.00
665  22    5  15.48 -23.72   2.70  28.45  84.55 303.13   1.50   1.50   4.00   4.00   8.00
666  22    5  19.17 -20.85   2.70  28.45  84.55 312.60   1.50   1.50   4.00   4.00   8.00
667  22    5  22.34 -17.41   2.70  28.45  84.55 322.08   1.50   1.50   4.00   4.00   8.00
668  22    5  24.90 -13.49   2.70  28.45  84.55 331.55   1.50   1.50   4.00   4.00   8.00
669  22    5  26.78  -9.21   2.70  28.45  84.55 341.02   1.50   1.50   4.00   4.00   8.00
670  22    5  27.93  -4.68   2.70  28.45  84.55 350.50   1.50   1.50   4.00   4.00   8.00
671  23    5  27.65   0.00   0.87  27.66  88.19   0.00   1.50   1.50   4.00   4.00   8.00
672  23    5  27.25   4.67   0.87  27.66  88.19   9.73   1.50   1.50   4.00   4.00   8.00
673  23    5  26.07   9.21   0.87  27.66  88.19  19.46   1.50   1.50   4.00   4.00   8.00
674  23    5  24.14  13.48   0.87  27.66  88.19  29.19   1.50   1.50   4.00   4.00   8.00
675  23    5  21.51  17.37   0.87  27.66  88.19  38.92   1.50   1.50   4.00   4.00   8.00
676  23    5  18.27  20.75   0.87  27.66  88.19  48.65   1.50   1.50   4.00   4.00   8.00
677  23    5  14.50  23.54   0.87  27.66  88.19  58.38   1.50   1.50   4.00   4.00   8.00
678  23    5  10.31  25.65   0.87  27.66  88.19  68.11   1.50   1.50   4.00   4.00   8.00
679  23    5   5.83  27.03   0.87  27.66  88.19  77.84   1.50   1.50   4.00   4.00   8.00
680  23    5   1.17  27.62   0.87  27.66  88.19  87.57   1.50   1.50   4.00   4.00   8.00
681  23    5  -3.51  27.42   0.87  27.66  88.19  97.30   1.50   1.50   4.00   4.00   8.00
682  23    5  -8.10  26.44   0.87  27.66  88.19 107.02   1.50   1.50   4.00   4.00   8.00
683  23    5 -12.45  24.69   0.87  27.66  88.19 116.75   1.50   1.50   4.00   4.00   8.00
684  23    5 -16.44  22.23   0.87  27.66  88.19 126.48   1.50   1.50   4.00   4.00   8.00
685  23    5 -19.96  19.13   0.87  27.66  88.19 136.21   1.50   1.50   4.00   4.00   8.00
686  23    5 -22.91  15.48   0.87  27.66  88.19 145.94   1.50   1.50   4.00   4.00   8.00
687  23    5 -25.19  11.39   0.87  27.66  88.19 155.67   1.50   1.50   4.00   4.00   8.00
688  23    5 -26.76   6.97   0.87  27.66  88.19 165.40   1.50   1.50   4.00   4.00   8.00
689  23    5 -27.55   2.35   0.87  27.66  88.19 175.13   1.50   1.50   4.00   4.00   8.00
690  23    5 -27.55  -2.34   0.87  27.66  88.19 184.86   1.50   1.50   4.00   4.00   8.00
691  23    5 -26.76  -6.96   0.87  27.66  88.19 194.59   1.50   1.50   4.00   4.00   8.00
692  23    5 -25.19 -11.39   0.87  27.66  88.19 204.32   1.50   1.50   4.00   4.00   8.00
693  23    5 -22.91 -15.48   0.87  27.66  88.19 214.05   1.50   1.50   4.00   4.00   8.00
694  23    5 -19.96 -19.13   0.87  27.66  88.19 223.78   1.50   1.50   4.00   4.00   8.00
695  23    5 -16.44 -22.23   0.87  27.66  88.19 233.51   1.50   1.50   4.00   4.00   8.00
696  23    5 -12.45 -24.69   0.87  27.66  88.19 243.24   1.50   1.50   4.00   4.00   8.00
697  23    5  -8.10 -26.44   0.87  27.66  88.19 252.97   1.50   1.50   4.00   4.00   8.00
698  23    5  -3.51 -27.42   0.87  27.66  88.19 262.70   1.50   1.50   4.00   4.00   8.00
699  23    5   1.17 -27.62   0.87  27.66  88.19 272.43   1.50   1.50   4.00   4.00   8.00
700  23    5   5.82 -27.03   0.87  27.66  88.19 282.16   1.50   1.50   4.00   4.00   8.00
701  23    5  10.31 -25.66   0.87  27.66  88.19 291.89   1.50   1.50   4.00   4.00   8.00
702  23    5  14.49 -23.54   0.87  27.66  88.19 301.62   1.50   1.50   4.00   4.00   8.00
703  23    5  18.26 -20.76   0.87  27.66  88.19 311.35   1.50   1.50   4.00   4.00   8.00
704  23    5  21.51 -17.37   0.87  27.66  88.19 321.07   1.50   1.50   4.00   4.00   8.00
705  23    5  24.14 -13.49   0.87  27.66  88.19 330.80   1.50   1.50   4.00   4.00   8.00
706  23    5  26.07  -9.21   0.87  27.66  88.19 340.53   1.50   1.50   4.00   4.00   8.00
707  23    5  27.25  -4.68   0.87  27.66  88.19 350.26   1.50   1.50   4.00   4.00   8.00
708  24    5  26.37   0.00  -0.91  26.38  91.99   0.00   1.50   1.50   4.00   4.00   8.00
709  24    5  25.94   4.71  -0.91  26.38  91.99  10.29   1.50   1.50   4.00   4.00   8.00
710  24    5  24.69   9.26  -0.91  26.38  91.99  20.57   1.50   1.50   4.00   4.00   8.00
711  24    5  22.63  13.52  -0.91  26.38  91.99  30.86   1.50   1.50   4.00   4.00   8.00
712  24    5  19.86  17.35  -0.91  26.38  91.99  41.14   1.50   1.50   4.00   4.00   8.00
713  24    5  16.44  20.61  -0.91  26.38  91.99  51.43   1.50   1.50   4.00   4.00   8.00
714  24    5  12.49  23.22  -0.91  26.38  91.99  61.71   1.50   1.50   4.00   4.00   8.00
715  24    5   8.15  25.08  -0.91  26.38  91.99  72.00   1.50   1.50   4.00   4.00   8.00
716  24    5   3.54  26.13  -0.91  26.38  91.99  82.29   1.50   1.50   4.00   4.00   8.00
717  24    5  -1.18  26.34  -0.91  26.38  91.99  92.57   1.50   1.50   4.00   4.00   8.00
718  24    5  -5.87  25.71  -0.91  26.38  91.99 102.86   1.50   1.50   4.00   4.00   8.00
719  24    5 -10.36  24.25  -0.91  26.38  91.99 113.14   1.50   1.50   4.00   4.00   8.00
720  24    5 -14.53  22.01  -0.91  26.38  91.99 123.43   1.50   1.50   4.00   4.00   8.00
721  24    5 -18.22  19.06  -0.91  26.38  91.99 133.71   1.50   1.50   4.00   4.00   8.00
722  24    5 -21.33  15.50  -0.91  26.38  91.99 144.00   1.50   1.50   4.00   4.00   8.00
723  24    5 -23.76  11.44  -0.91  26.38  91.99 154.29   1.50   1.50   4.00   4.00   8.00
724  24    5 -25.42   7.01  -0.91  26.38  91.99 164.57   1.50   1.50   4.00   4.00   8.00
725  24    5 -26.26   2.36  -0.91  26.38  91.99 174.86   1.50   1.50   4.00   4.00   8.00
726  24    5 -26.26  -2.36  -0.91  26.38  91.99 185.14   1.50   1.50   4.00   4.00   8.00
727  24    5 -25.42  -7.01  -0.91  26.38  91.99 195.43   1.50   1.50   4.00   4.00   8.00
728  24    5 -23.76 -11.44  -0.91  26.38  91.99 205.71   1.50   1.50   4.00   4.00   8.00
729  24    5 -21.33 -15.50  -0.91  26.38  91.99 216.00   1.50   1.50   4.00   4.00   8.00
730  24    5 -18.22 -19.06  -0.91  26.38  91.99 226.29   1.50   1.50   4.00   4.00   8.00
731  24    5 -14.53 -22.01  -0.91  26.38  91.99 236.57   1.50   1.50   4.00   4.00   8.00
732  24    5 -10.36 -24.25  -0.91  26.38  91.99 246.86   1.50   1.50   4.00   4.00   8.00
733  24    5  -5.87 -25.71  -0.91  26.38  91.99 257.14   1.50   1.50   4.00   4.00   8.00
734  24    5  -1.18 -26.34  -0.91  26.38  91.99 267.43   1.50   1.50   4.00   4.00   8.00
735  24    5   3.54 -26.13  -0.91  26.38  91.99 277.71   1.50   1.50   4.00   4.00   8.00
736  24    5   8.15 -25.08  -0.91  26.38  91.99 288.00   1.50   1.50   4.00   4.00   8.00
737  24    5  12.49 -23.22  -0.91  26.38  91.99 298.29   1.50   1.50   4.00   4.00   8.00
738  24    5  16.44 -20.61  -0.91  26.38  91.99 308.57   1.50   1.50   4.00   4.00   8.00
739  24    5  19.86 -17.35  -0.91  26.38  91.99 318.86   1.50   1.50   4.00   4.00   8.00
740  24    5  22.63 -13.52  -0.91  26.38  91.99 329.14   1.50   1.50   4.00   4.00   8.00
741  24    5  24.69  -9.26  -0.91  26.38  91.99 339.43   1.50   1.50   4.00   4.00   8.00
742  24    5  25.94  -4.71  -0.91  26.38  91.99 349.71   1.50   1.50   4.00   4.00   8.00
743  25    5  25.76   0.00  -2.69  25.90  95.96   0.00   1.50   1.50   4.00   4.00   8.00
744  25    5  25.32   4.73  -2.69  25.90  95.96  10.59   1.50   1.50   4.00   4.00   8.00
745  25    5  24.02   9.30  -2.69  25.90  95.96  21.17   1.50   1.50   4.00   4.00   8.00
746  25    5  21.90  13.56  -2.69  25.90  95.96  31.76   1.50   1.50   4.00   4.00   8.00
747  25    5  19.04  17.35  -2.69  25.90  95.96  42.35   1.50   1.50   4.00   4.00   8.00
748  25    5  15.53  20.56  -2.69  25.90  95.96  52.93   1.50   1.50   4.00   4.00   8.00
749  25    5  11.49  23.06  -2.69  25.90  95.96  63.52   1.50   1.50   4.00   4.00   8.00
750  25    5   7.05  24.78  -2.69  25.90  95.96  74.11   1.50   1.50   4.00   4.00   8.00
751  25    5   2.38  25.65  -2.69  25.90  95.96  84.69   1.50   1.50   4.00   4.00   8.00
752  25    5  -2.37  25.65  -2.69  25.90  95.96  95.28   1.50   1.50   4.00   4.00   8.00
753  25    5  -7.04  24.78  -2.69  25.90  95.96 105.87   1.50   1.50   4.00   4.00   8.00
754  25    5 -11.48  23.06  -2.69  25.90  95.96 116.45   1.50   1.50   4.00   4.00   8.00
755  25    5 -15.52  20.56  -2.69  25.90  95.96 127.04   1.50   1.50   4.00   4.00   8.00
756  25    5 -19.03  17.36  -2.69  25.90  95.96 137.63   1.50   1.50   4.00   4.00   8.00
757  25    5 -21.90  13.57  -2.69  25.90  95.96 148.21   1.50   1.50   4.00   4.00   8.00
758  25    5 -24.02   9.32  -2.69  25.90  95.96 158.80   1.50   1.50   4.00   4.00   8.00
759  25    5 -25.32   4.74  -2.69  25.90  95.96 169.39   1.50   1.50   4.00   4.00   8.00
760  25    5 -25.76   0.01  -2.69  25.90  95.96 179.97   1.50   1.50   4.00   4.00   8.00
761  25    5 -25.33  -4.72  -2.69  25.90  95.96 190.56   1.50   1.50   4.00   4.00   8.00
762  25    5 -24.03  -9.29  -2.69  25.90  95.96 201.15   1.50   1.50   4.00   4.00   8.00
763  25    5 -21.91 -13.55  -2.69  25.90  95.96 211.74   1.50   1.50   4.00   4.00   8.00
764  25    5 -19.05 -17.35  -2.69  25.90  95.96 222.32   1.50   1.50   4.00   4.00   8.00
765  25    5 -15.54 -20.55  -2.69  25.90  95.96 232.91   1.50   1.50   4.00   4.00   8.00
766  25    5 -11.50 -23.05  -2.69  25.90  95.96 243.50   1.50   1.50   4.00   4.00   8.00
767  25    5  -7.07 -24.77  -2.69  25.90  95.96 254.08   1.50   1.50   4.00   4.00   8.00
768  25    5  -2.39 -25.65  -2.69  25.90  95.96 264.67   1.50   1.50   4.00   4.00   8.00
769  25    5   2.36 -25.65  -2.69  25.90  95.96 275.26   1.50   1.50   4.00   4.00   8.00
770  25    5   7.03 -24.78  -2.69  25.90  95.96 285.84   1.50   1.50   4.00   4.00   8.00
771  25    5  11.47 -23.07  -2.69  25.90  95.96 296.43   1.50   1.50   4.00   4.00   8.00
772  25    5  15.51 -20.57  -2.69  25.90  95.96 307.02   1.50   1.50   4.00   4.00   8.00
773  25    5  19.02 -17.37  -2.69  25.90  95.96 317.60   1.50   1.50   4.00   4.00   8.00
774  25    5  21.89 -13.58  -2.69  25.90  95.96 328.19   1.50   1.50   4.00   4.00   8.00
775  25    5  24.01  -9.33  -2.69  25.90  95.96 338.78   1.50   1.50   4.00   4.00   8.00
776  25    5  25.32  -4.76  -2.69  25.90  95.96 349.36   1.50   1.50   4.00   4.00   8.00
777  26    5  24.49   0.00  -4.36  24.88 100.09   0.00   1.50   1.50   4.00   4.00   8.00
778  26    5  24.02   4.78  -4.36  24.88 100.09  11.25   1.50   1.50   4.00   4.00   8.00
779  26    5  22.63   9.37  -4.36  24.88 100.09  22.50   1.50   1.50   4.00   4.00   8.00
780  26    5  20.36  13.61  -4.36  24.88 100.09  33.75   1.50   1.50   4.00   4.00   8.00
781  26    5  17.32  17.32  -4.36  24.88 100.09  45.00   1.50   1.50   4.00   4.00   8.00
782  26    5  13.61  20.36  -4.36  24.88 100.09  56.24   1.50   1.50   4.00   4.00   8.00
783  26    5   9.37  22.63  -4.36  24.88 100.09  67.49   1.50   1.50   4.00   4.00   8.00
784  26    5   4.78  24.02  -4.36  24.88 100.09  78.74   1.50   1.50   4.00   4.00   8.00
785  26    5   0.00  24.49  -4.36  24.88 100.09  89.99   1.50   1.50   4.00   4.00   8.00
786  26    5  -4.77  24.02  -4.36  24.88 100.09 101.24   1.50   1.50   4.00   4.00   8.00
787  26    5  -9.37  22.63  -4.36  24.88 100.09 112.49   1.50   1.50   4.00   4.00   8.00
788  26    5 -13.60  20.37  -4.36  24.88 100.09 123.74   1.50   1.50   4.00   4.00   8.00
789  26    5 -17.31  17.32  -4.36  24.88 100.09 134.99   1.50   1.50   4.00   4.00   8.00
790  26    5 -20.36  13.61  -4.36  24.88 100.09 146.24   1.50   1.50   4.00   4.00   8.00
791  26    5 -22.62   9.38  -4.36  24.88 100.09 157.49   1.50   1.50   4.00   4.00   8.00
792  26    5 -24.02   4.78  -4.36  24.88 100.09 168.73   1.50   1.50   4.00   4.00   8.00
793  26    5 -24.49   0.01  -4.36  24.88 100.09 179.98   1.50   1.50   4.00   4.00   8.00
794  26    5 -24.02  -4.77  -4.36  24.88 100.09 191.23   1.50   1.50   4.00   4.00   8.00
795  26    5 -22.63  -9.36  -4.36  24.88 100.09 202.48   1.50   1.50   4.00   4.00   8.00
796  26    5 -20.37 -13.60  -4.36  24.88 100.09 213.73   1.50   1.50   4.00   4.00   8.00
797  26    5 -17.32 -17.31  -4.36  24.88 100.09 224.98   1.50   1.50   4.00   4.00   8.00
798  26    5 -13.61 -20.36  -4.36  24.88 100.09 236.23   1.50   1.50   4.00   4.00   8.00
799  26    5  -9.38 -22.62  -4.36  24.88 100.09 247.48   1.50   1.50   4.00   4.00   8.00
800  26    5  -4.79 -24.02  -4.36  24.88 100.09 258.73   1.50   1.50   4.00   4.00   8.00
801  26    5  -0.01 -24.49  -4.36  24.88 100.09 269.97   1.50   1.50   4.00   4.00   8.00
802  26    5   4.77 -24.02  -4.36  24.88 100.09 281.22   1.50   1.50   4.00   4.00   8.00
803  26    5   9.36 -22.63  -4.36  24.88 100.09 292.47   1.50   1.50   4.00   4.00   8.00
804  26    5  13.60 -20.37  -4.36  24.88 100.09 303.72   1.50   1.50   4.00   4.00   8.00
805  26    5  17.31 -17.33  -4.36  24.88 100.09 314.97   1.50   1.50   4.00   4.00   8.00
806  26    5  20.36 -13.62  -4.36  24.88 100.09 326.22   1.50   1.50   4.00   4.00   8.00
807  26    5  22.62  -9.38  -4.36  24.88 100.09 337.47   1.50   1.50   4.00   4.00   8.00
808  26    5  24.02  -4.79  -4.36  24.88 100.09 348.72   1.50   1.50   4.00   4.00   8.00
809  27    5  23.20   0.00  -5.97  23.95 104.44   0.00   1.50   1.50   4.00   4.00   8.00
810  27    5  22.69   4.82  -5.97  23.95 104.44  12.00   1.50   1.50   4.00   4.00   8.00
811  27    5  21.19   9.43  -5.97  23.95 104.44  24.00   1.50   1.50   4.00   4.00   8.00
812  27    5  18.77  13.63  -5.97  23.95 104.44  36.00   1.50   1.50   4.00   4.00   8.00
813  27    5  15.52  17.24  -5.97  23.95 104.44  48.00   1.50   1.50   4.00   4.00   8.00
814  27    5  11.60  20.09  -5.97  23.95 104.44  60.00   1.50   1.50   4.00   4.00   8.00
815  27    5   7.17  22.06  -5.97  23.95 104.44  72.00   1.50   1.50   4.00   4.00   8.00
816  27    5   2.43  23.07  -5.97  23.95 104.44  84.00   1.50   1.50   4.00   4.00   8.00
817  27    5  -2.42  23.07  -5.97  23.95 104.44  96.00   1.50   1.50   4.00   4.00   8.00
818  27    5  -7.17  22.06  -5.97  23.95 104.44 108.00   1.50   1.50   4.00   4.00   8.00
819  27    5 -11.60  20.09  -5.97  23.95 104.44 120.00   1.50   1.50   4.00   4.00   8.00
820  27    5 -15.52  17.24  -5.97  23.95 104.44 132.00   1.50   1.50   4.00   4.00   8.00
821  27    5 -18.77  13.64  -5.97  23.95 104.44 144.00   1.50   1.50   4.00   4.00   8.00
822  27    5 -21.19   9.44  -5.97  23.95 104.44 156.00   1.50   1.50   4.00   4.00   8.00
823  27    5 -22.69   4.82  -5.97  23.95 104.44 168.00   1.50   1.50   4.00   4.00   8.00
824  27    5 -23.20   0.00  -5.97  23.95 104.44 180.00   1.50   1.50   4.00   4.00   8.00
825  27    5 -22.69  -4.82  -5.97  23.95 104.44 192.00   1.50   1.50   4.00   4.00   8.00
826  27    5 -21.19  -9.43  -5.97  23.95 104.44 204.00   1.50   1.50   4.00   4.00   8.00
827  27    5 -18.77 -13.63  -5.97  23.95 104.44 216.00   1.50   1.50   4.00   4.00   8.00
828  27    5 -15.52 -17.24  -5.97  23.95 104.44 228.00   1.50   1.50   4.00   4.00   8.00
829  27    5 -11.60 -20.09  -5.97  23.95 104.44 240.00   1.50   1.50   4.00   4.00   8.00
830  27    5  -7.17 -22.06  -5.97  23.95 104.44 252.00   1.50   1.50   4.00   4.00   8.00
831  27    5  -2.43 -23.07  -5.97  23.95 104.44 264.00   1.50   1.50   4.00   4.00   8.00
832  27    5   2.42 -23.07  -5.97  23.95 104.44 276.00   1.50   1.50   4.00   4.00   8.00
833  27    5   7.17 -22.06  -5.97  23.95 104.44 287.99   1.50   1.50   4.00   4.00   8.00
834  27    5  11.60 -20.09  -5.97  23.95 104.44 299.99   1.50   1.50   4.00   4.00   8.00
835  27    5  15.52 -17.24  -5.97  23.95 104.44 311.99   1.50   1.50   4.00   4.00   8.00
836  27    5  18.77 -13.64  -5.97  23.95 104.44 323.99   1.50   1.50   4.00   4.00   8.00
837  27    5  21.19  -9.44  -5.97  23.95 104.44 335.99   1.50   1.50   4.00   4.00   8.00
838  27    5  22.69  -4.83  -5.97  23.95 104.44 347.99   1.50   1.50   4.00   4.00   8.00
839  28    5  21.24   0.00  -7.35  22.47 109.10   0.00   1.50   1.50   4.00   4.00   8.00
840  28    5  20.66   4.90  -7.35  22.47 109.10  13.33   1.50   1.50   4.00   4.00   8.00
841  28    5  18.98   9.53  -7.35  22.47 109.10  26.66   1.50   1.50   4.00   4.00   8.00
842  28    5  16.27  13.65  -7.35  22.47 109.10  40.00   1.50   1.50   4.00   4.00   8.00
843  28    5  12.68  17.03  -7.35  22.47 109.10  53.33   1.50   1.50   4.00   4.00   8.00
844  28    5   8.41  19.50  -7.35  22.47 109.10  66.66   1.50   1.50   4.00   4.00   8.00
845  28    5   3.69  20.91  -7.35  22.47 109.10  79.99   1.50   1.50   4.00   4.00   8.00
846  28    5  -1.23  21.20  -7.35  22.47 109.10  93.32   1.50   1.50   4.00   4.00   8.00
847  28    5  -6.09  20.35  -7.35  22.47 109.10 106.66   1.50   1.50   4.00   4.00   8.00
848  28    5 -10.61  18.39  -7.35  22.47 109.10 119.99   1.50   1.50   4.00   4.00   8.00
849  28    5 -14.57  15.45  -7.35  22.47 109.10 133.32   1.50   1.50   4.00   4.00   8.00
850  28    5 -17.74  11.67  -7.35  22.47 109.10 146.65   1.50   1.50   4.00   4.00   8.00
851  28    5 -19.95   7.27  -7.35  22.47 109.10 159.98   1.50   1.50   4.00   4.00   8.00
852  28    5 -21.09   2.47  -7.35  22.47 109.10 173.32   1.50   1.50   4.00   4.00   8.00
853  28    5 -21.09  -2.46  -7.35  22.47 109.10 186.65   1.50   1.50   4.00   4.00   8.00
854  28    5 -19.96  -7.26  -7.35  22.47 109.10 199.98   1.50   1.50   4.00   4.00   8.00
855  28    5 -17.75 -11.66  -7.35  22.47 109.10 213.31   1.50   1.50   4.00   4.00   8.00
856  28    5 -14.58 -15.44  -7.35  22.47 109.10 226.64   1.50   1.50   4.00   4.00   8.00
857  28    5 -10.63 -18.39  -7.35  22.47 109.10 239.98   1.50   1.50   4.00   4.00   8.00
858  28    5  -6.10 -20.34  -7.35  22.47 109.10 253.31   1.50   1.50   4.00   4.00   8.00
859  28    5  -1.24 -21.20  -7.35  22.47 109.10 266.64   1.50   1.50   4.00   4.00   8.00
860  28    5   3.68 -20.92  -7.35  22.47 109.10 279.97   1.50   1.50   4.00   4.00   8.00
861  28    5   8.40 -19.50  -7.35  22.47 109.10 293.30   1.50   1.50   4.00   4.00   8.00
862  28    5  12.67 -17.04  -7.35  22.47 109.10 306.64   1.50   1.50   4.00   4.00   8.00
863  28    5  16.26 -13.66  -7.35  22.47 109.10 319.97   1.50   1.50   4.00   4.00   8.00
864  28    5  18.97  -9.54  -7.35  22.47 109.10 333.30   1.50   1.50   4.00   4.00   8.00
865  28    5  20.66  -4.91  -7.35  22.47 109.10 346.63   1.50   1.50   4.00   4.00   8.00
866  29    5  19.88   0.00  -8.88  21.78 114.07   0.00   1.50   1.50   4.00   4.00   8.00
867  29    5  19.26   4.94  -8.88  21.78 114.07  14.40   1.50   1.50   4.00   4.00   8.00
868  29    5  17.42   9.58  -8.88  21.78 114.07  28.80   1.50   1.50   4.00   4.00   8.00
869  29    5  14.50  13.61  -8.88  21.78 114.07  43.20   1.50   1.50   4.00   4.00   8.00
870  29    5  10.66  16.79  -8.88  21.78 114.07  57.59   1.50   1.50   4.00   4.00   8.00
871  29    5   6.15  18.91  -8.88  21.78 114.07  71.99   1.50   1.50   4.00   4.00   8.00
872  29    5   1.25  19.84  -8.88  21.78 114.07  86.39   1.50   1.50   4.00   4.00   8.00
873  29    5  -3.72  19.53  -8.88  21.78 114.07 100.79   1.50   1.50   4.00   4.00   8.00
874  29    5  -8.46  17.99  -8.88  21.78 114.07 115.19   1.50   1.50   4.00   4.00   8.00
875  29    5 -12.67  15.32  -8.88  21.78 114.07 129.59   1.50   1.50   4.00   4.00   8.00
876  29    5 -16.08  11.69  -8.88  21.78 114.07 143.98   1.50   1.50   4.00   4.00   8.00
877  29    5 -18.49   7.33  -8.88  21.78 114.07 158.38   1.50   1.50   4.00   4.00   8.00
878  29    5 -19.73   2.50  -8.88  21.78 114.07 172.78   1.50   1.50   4.00   4.00   8.00
879  29    5 -19.73  -2.49  -8.88  21.78 114.07 187.18   1.50   1.50   4.00   4.00   8.00
880  29    5 -18.49  -7.31  -8.88  21.78 114.07 201.58   1.50   1.50   4.00   4.00   8.00
881  29    5 -16.09 -11.68  -8.88  21.78 114.07 215.98   1.50   1.50   4.00   4.00   8.00
882  29    5 -12.68 -15.32  -8.88  21.78 114.07 230.38   1.50   1.50   4.00   4.00   8.00
883  29    5  -8.47 -17.99  -8.88  21.78 114.07 244.77   1.50   1.50   4.00   4.00   8.00
884  29    5  -3.74 -19.53  -8.88  21.78 114.07 259.17   1.50   1.50   4.00   4.00   8.00
885  29    5   1.24 -19.85  -8.88  21.78 114.07 273.57   1.50   1.50   4.00   4.00   8.00
886  29    5   6.13 -18.91  -8.88  21.78 114.07 287.97   1.50   1.50   4.00   4.00   8.00
887  29    5  10.64 -16.79  -8.88  21.78 114.07 302.37   1.50   1.50   4.00   4.00   8.00
888  29    5  14.49 -13.62  -8.88  21.78 114.07 316.77   1.50   1.50   4.00   4.00   8.00
889  29    5  17.42  -9.59  -8.88  21.78 114.07 331.16   1.50   1.50   4.00   4.00   8.00
890  29    5  19.26  -4.96  -8.88  21.78 114.07 345.56   1.50   1.50   4.00   4.00   8.00
891  30    5  17.85   0.00 -10.06  20.49 119.41   0.00   1.50   1.50   4.00   4.00   8.00
892  30    5  17.12   5.03 -10.06  20.49 119.41  16.36   1.50   1.50   4.00   4.00   8.00
893  30    5  15.01   9.65 -10.06  20.49 119.41  32.73   1.50   1.50   4.00   4.00   8.00
894  30    5  11.69  13.49 -10.06  20.49 119.41  49.09   1.50   1.50   4.00   4.00   8.00
895  30    5   7.41  16.23 -10.06  20.49 119.41  65.45   1.50   1.50   4.00   4.00   8.00
896  30    5   2.54  17.66 -10.06  20.49 119.41  81.82   1.50   1.50   4.00   4.00   8.00
897  30    5  -2.54  17.66 -10.06  20.49 119.41  98.18   1.50   1.50   4.00   4.00   8.00
898  30    5  -7.41  16.23 -10.06  20.49 119.41 114.55   1.50   1.50   4.00   4.00   8.00
899  30    5 -11.69  13.49 -10.06  20.49 119.41 130.91   1.50   1.50   4.00   4.00   8.00
900  30    5 -15.01   9.65 -10.06  20.49 119.41 147.27   1.50   1.50   4.00   4.00   8.00
901  30    5 -17.12   5.03 -10.06  20.49 119.41 163.64   1.50   1.50   4.00   4.00   8.00
902  30    5 -17.85   0.00 -10.06  20.49 119.41 180.00   1.50   1.50   4.00   4.00   8.00
903  30    5 -17.12  -5.03 -10.06  20.49 119.41 196.36   1.50   1.50   4.00   4.00   8.00
904  30    5 -15.01  -9.65 -10.06  20.49 119.41 212.73   1.50   1.50   4.00   4.00   8.00
905  30    5 -11.69 -13.49 -10.06  20.49 119.41 229.09   1.50   1.50   4.00   4.00   8.00
906  30    5  -7.41 -16.23 -10.06  20.49 119.41 245.45   1.50   1.50   4.00   4.00   8.00
907  30    5  -2.54 -17.66 -10.06  20.49 119.41 261.82   1.50   1.50   4.00   4.00   8.00
908  30    5   2.54 -17.66 -10.06  20.49 119.41 278.18   1.50   1.50   4.00   4.00   8.00
909  30    5   7.41 -16.23 -10.06  20.49 119.41 294.54   1.50   1.50   4.00   4.00   8.00
910  30    5  11.69 -13.49 -10.06  20.49 119.41 310.91   1.50   1.50   4.00   4.00   8.00
911  30    5  15.01  -9.65 -10.06  20.49 119.41 327.27   1.50   1.50   4.00   4.00   8.00
912  30    5  17.12  -5.03 -10.06  20.49 119.41 343.64   1.50   1.50   4.00   4.00   8.00
913  31    5  15.76   0.00 -11.13  19.30 125.24   0.00   1.50   1.50   4.00   4.00   8.00
914  31    5  14.91   5.12 -11.13  19.30 125.24  18.95   1.50   1.50   4.00   4.00   8.00
915  31    5  12.44   9.68 -11.13  19.30 125.24  37.89   1.50   1.50   4.00   4.00   8.00
916  31    5   8.62  13.19 -11.13  19.30 125.24  56.84   1.50   1.50   4.00   4.00   8.00
917  31    5   3.87  15.28 -11.13  19.30 125.24  75.78   1.50   1.50   4.00   4.00   8.00
918  31    5  -1.30  15.71 -11.13  19.30 125.24  94.73   1.50   1.50   4.00   4.00   8.00
919  31    5  -6.33  14.43 -11.13  19.30 125.24 113.68   1.50   1.50   4.00   4.00   8.00
920  31    5 -10.67  11.60 -11.13  19.30 125.24 132.62   1.50   1.50   4.00   4.00   8.00
921  31    5 -13.86   7.50 -11.13  19.30 125.24 151.57   1.50   1.50   4.00   4.00   8.00
922  31    5 -15.54   2.60 -11.13  19.30 125.24 170.52   1.50   1.50   4.00   4.00   8.00
923  31    5 -15.55  -2.59 -11.13  19.30 125.24 189.46   1.50   1.50   4.00   4.00   8.00
924  31    5 -13.86  -7.50 -11.13  19.30 125.24 208.41   1.50   1.50   4.00   4.00   8.00
925  31    5 -10.68 -11.59 -11.13  19.30 125.24 227.35   1.50   1.50   4.00   4.00   8.00
926  31    5  -6.33 -14.43 -11.13  19.30 125.24 246.30   1.50   1.50   4.00   4.00   8.00
927  31    5  -1.31 -15.71 -11.13  19.30 125.24 265.25   1.50   1.50   4.00   4.00   8.00
928  31    5   3.86 -15.28 -11.13  19.30 125.24 284.19   1.50   1.50   4.00   4.00   8.00
929  31    5   8.62 -13.20 -11.13  19.30 125.24 303.14   1.50   1.50   4.00   4.00   8.00
930  31    5  12.43  -9.68 -11.13  19.30 125.24 322.08   1.50   1.50   4.00   4.00   8.00
931  31    5  14.90  -5.12 -11.13  19.30 125.24 341.03   1.50   1.50   4.00   4.00   8.00
932  32    5  12.95   0.00 -11.60  17.39 131.86   0.00   1.50   1.50   4.00   4.00   8.00
933  32    5  11.83   5.27 -11.60  17.39 131.86  24.00   1.50   1.50   4.00   4.00   8.00
934  32    5   8.67   9.62 -11.60  17.39 131.86  48.00   1.50   1.50   4.00   4.00   8.00
935  32    5   4.00  12.32 -11.60  17.39 131.86  72.00   1.50   1.50   4.00   4.00   8.00
936  32    5  -1.35  12.88 -11.60  17.39 131.86  96.00   1.50   1.50   4.00   4.00   8.00
937  32    5  -6.47  11.22 -11.60  17.39 131.86 119.99   1.50   1.50   4.00   4.00   8.00
938  32    5 -10.48   7.61 -11.60  17.39 131.86 143.99   1.50   1.50   4.00   4.00   8.00
939  32    5 -12.67   2.69 -11.60  17.39 131.86 167.99   1.50   1.50   4.00   4.00   8.00
940  32    5 -12.67  -2.69 -11.60  17.39 131.86 191.99   1.50   1.50   4.00   4.00   8.00
941  32    5 -10.48  -7.61 -11.60  17.39 131.86 215.99   1.50   1.50   4.00   4.00   8.00
942  32    5  -6.48 -11.21 -11.60  17.39 131.86 239.99   1.50   1.50   4.00   4.00   8.00
943  32    5  -1.36 -12.88 -11.60  17.39 131.86 263.99   1.50   1.50   4.00   4.00   8.00
944  32    5   4.00 -12.32 -11.60  17.39 131.86 287.99   1.50   1.50   4.00   4.00   8.00
945  32    5   8.66  -9.63 -11.60  17.39 131.86 311.98   1.50   1.50   4.00   4.00   8.00
946  32    5  11.83  -5.27 -11.60  17.39 131.86 335.98   1.50   1.50   4.00   4.00   8.00
947  33    5  10.01   0.00 -11.85  15.51 139.79   0.00   1.50   1.50   4.00   4.00   8.00
948  33    5   8.42   5.41 -11.85  15.51 139.79  32.73   1.50   1.50   4.00   4.00   8.00
949  33    5   4.16   9.11 -11.85  15.51 139.79  65.45   1.50   1.50   4.00   4.00   8.00
950  33    5  -1.43   9.91 -11.85  15.51 139.79  98.18   1.50   1.50   4.00   4.00   8.00
951  33    5  -6.56   7.57 -11.85  15.51 139.79 130.91   1.50   1.50   4.00   4.00   8.00
952  33    5  -9.61   2.82 -11.85  15.51 139.79 163.64   1.50   1.50   4.00   4.00   8.00
953  33    5  -9.61  -2.82 -11.85  15.51 139.79 196.36   1.50   1.50   4.00   4.00   8.00
954  33    5  -6.56  -7.57 -11.85  15.51 139.79 229.09   1.50   1.50   4.00   4.00   8.00
955  33    5  -1.43  -9.91 -11.85  15.51 139.79 261.82   1.50   1.50   4.00   4.00   8.00
956  33    5   4.16  -9.11 -11.85  15.51 139.79 294.54   1.50   1.50   4.00   4.00   8.00
957  33    5   8.42  -5.41 -11.85  15.51 139.79 327.27   1.50   1.50   4.00   4.00   8.00
958  34    5   6.85   0.00 -11.78  13.62 149.83   0.00   1.50   1.50   4.00   4.00   8.00
959  34    5   4.27   5.35 -11.78  13.62 149.83  51.42   1.50   1.50   4.00   4.00   8.00
960  34    5  -1.52   6.68 -11.78  13.62 149.83 102.85   1.50   1.50   4.00   4.00   8.00
961  34    5  -6.17   2.97 -11.78  13.62 149.83 154.27   1.50   1.50   4.00   4.00   8.00
962  34    5  -6.17  -2.97 -11.78  13.62 149.83 205.70   1.50   1.50   4.00   4.00   8.00
963  34    5  -1.53  -6.67 -11.78  13.62 149.83 257.12   1.50   1.50   4.00   4.00   8.00
964  34    5   4.27  -5.35 -11.78  13.62 149.83 308.54   1.50   1.50   4.00   4.00   8.00
965  35    5   2.94   0.00 -10.99  11.37 165.03   0.00   1.50   1.50   4.00   4.00   8.00
966  35    5  -1.45   2.55 -10.99  11.37 165.03 119.68   1.50   1.50   4.00   4.00   8.00
967  35    5  -1.50  -2.53 -10.99  11.37 165.03 239.37   1.50   1.50   4.00   4.00   8.00
-1
 
