  1   1    5   5.25   0.00  24.11  24.68  12.29   0.00   1.50   1.50   4.00   4.00   8.00      1      1
  2   1    5   2.63   4.55  24.11  24.68  12.29  60.00   1.50   1.50   4.00   4.00   8.00      1      1
  3   1    5  -2.63   4.55  24.11  24.68  12.29 120.00   1.50   1.50   4.00   4.00   8.00      1      1
  4   1    5  -5.25   0.00  24.11  24.68  12.29 179.99   1.50   1.50   4.00   4.00   8.00      1      1
  5   1    5  -2.63  -4.55  24.11  24.68  12.29 239.99   1.50   1.50   4.00   4.00   8.00      1      1
  6   1    5   2.63  -4.55  24.11  24.68  12.29 299.99   1.50   1.50   4.00   4.00   8.00      1      1
  7   2    5   7.72   0.00  23.92  25.14  17.88   0.00   1.50   1.50   4.00   4.00   8.00      1      1
  8   2    5   5.91   4.96  23.92  25.14  17.88  40.00   1.50   1.50   4.00   4.00   8.00      1      1
  9   2    5   1.34   7.60  23.92  25.14  17.88  80.00   1.50   1.50   4.00   4.00   8.00      1      1
 10   2    5  -3.86   6.68  23.92  25.14  17.88 119.99   1.50   1.50   4.00   4.00   8.00      1      1
 11   2    5  -7.25   2.64  23.92  25.14  17.88 159.99   1.50   1.50   4.00   4.00   8.00      1      1
 12   2    5  -7.25  -2.64  23.92  25.14  17.88 199.99   1.50   1.50   4.00   4.00   8.00      1      1
 13   2    5  -3.86  -6.68  23.92  25.14  17.88 239.99   1.50   1.50   4.00   4.00   8.00      1      1
 14   2    5   1.34  -7.60  23.92  25.14  17.88 279.99   1.50   1.50   4.00   4.00   8.00      1      1
 15   2    5   5.91  -4.96  23.92  25.14  17.88 319.99   1.50   1.50   4.00   4.00   8.00      1      1
 16   3    5  10.84   0.00  25.40  27.61  24.67   0.00   1.50   1.50   4.00   4.00   8.00      2      1
 17   3    5   9.60   5.04  25.40  27.61  24.67  27.69   1.50   1.50   4.00   4.00   8.00      2      1
 18   3    5   6.16   8.92  25.40  27.61  24.67  55.38   1.50   1.50   4.00   4.00   8.00      2      1
 19   3    5   1.31  10.76  25.40  27.61  24.67  83.07   1.50   1.50   4.00   4.00   8.00      2      1
 20   3    5  -3.84  10.14  25.40  27.61  24.67 110.76   1.50   1.50   4.00   4.00   8.00      2      1
 21   3    5  -8.11   7.19  25.40  27.61  24.67 138.45   1.50   1.50   4.00   4.00   8.00      2      1
 22   3    5 -10.53   2.60  25.40  27.61  24.67 166.14   1.50   1.50   4.00   4.00   8.00      2      1
 23   3    5 -10.53  -2.59  25.40  27.61  24.67 193.83   1.50   1.50   4.00   4.00   8.00      2      1
 24   3    5  -8.12  -7.19  25.40  27.61  24.67 221.53   1.50   1.50   4.00   4.00   8.00      2      1
 25   3    5  -3.85 -10.14  25.40  27.61  24.67 249.22   1.50   1.50   4.00   4.00   8.00      2      1
 26   3    5   1.30 -10.76  25.40  27.61  24.67 276.91   1.50   1.50   4.00   4.00   8.00      2      1
 27   3    5   6.16  -8.93  25.40  27.61  24.67 304.60   1.50   1.50   4.00   4.00   8.00      2      1
 28   3    5   9.60  -5.04  25.40  27.61  24.67 332.29   1.50   1.50   4.00   4.00   8.00      2      1
 29   4    5  12.21   0.00  24.78  27.61  24.67   0.00   1.50   1.50   4.00   4.00   8.00      2      2
 30   4    5  10.81   5.67  24.78  27.61  24.67  27.69   1.50   1.50   4.00   4.00   8.00      2      2
 31   4    5   6.93  10.04  24.78  27.61  24.67  55.38   1.50   1.50   4.00   4.00   8.00      2      2
 32   4    5   1.47  12.12  24.78  27.61  24.67  83.07   1.50   1.50   4.00   4.00   8.00      2      2
 33   4    5  -4.33  11.41  24.78  27.61  24.67 110.76   1.50   1.50   4.00   4.00   8.00      2      2
 34   4    5  -9.14   8.10  24.78  27.61  24.67 138.45   1.50   1.50   4.00   4.00   8.00      2      2
 35   4    5 -11.85   2.92  24.78  27.61  24.67 166.14   1.50   1.50   4.00   4.00   8.00      2      2
 36   4    5 -11.85  -2.92  24.78  27.61  24.67 193.83   1.50   1.50   4.00   4.00   8.00      2      2
 37   4    5  -9.14  -8.09  24.78  27.61  24.67 221.53   1.50   1.50   4.00   4.00   8.00      2      2
 38   4    5  -4.33 -11.41  24.78  27.61  24.67 249.22   1.50   1.50   4.00   4.00   8.00      2      2
 39   4    5   1.47 -12.12  24.78  27.61  24.67 276.91   1.50   1.50   4.00   4.00   8.00      2      2
 40   4    5   6.93 -10.05  24.78  27.61  24.67 304.60   1.50   1.50   4.00   4.00   8.00      2      2
 41   4    5  10.81  -5.68  24.78  27.61  24.67 332.29   1.50   1.50   4.00   4.00   8.00      2      2
 42   5    5  15.93   0.00  26.68  31.07  32.23   0.00   1.50   1.50   4.00   4.00   8.00      2      1
 43   5    5  15.15   4.92  26.68  31.07  32.23  18.00   1.50   1.50   4.00   4.00   8.00      2      1
 44   5    5  12.89   9.37  26.68  31.07  32.23  36.00   1.50   1.50   4.00   4.00   8.00      2      1
 45   5    5   9.37  12.89  26.68  31.07  32.23  54.00   1.50   1.50   4.00   4.00   8.00      2      1
 46   5    5   4.93  15.15  26.68  31.07  32.23  71.99   1.50   1.50   4.00   4.00   8.00      2      1
 47   5    5   0.00  15.93  26.68  31.07  32.23  89.99   1.50   1.50   4.00   4.00   8.00      2      1
 48   5    5  -4.92  15.16  26.68  31.07  32.23 107.99   1.50   1.50   4.00   4.00   8.00      2      1
 49   5    5  -9.36  12.89  26.68  31.07  32.23 125.99   1.50   1.50   4.00   4.00   8.00      2      1
 50   5    5 -12.89   9.37  26.68  31.07  32.23 143.99   1.50   1.50   4.00   4.00   8.00      2      1
 51   5    5 -15.15   4.93  26.68  31.07  32.23 161.99   1.50   1.50   4.00   4.00   8.00      2      1
 52   5    5 -15.93   0.00  26.68  31.07  32.23 179.99   1.50   1.50   4.00   4.00   8.00      2      1
 53   5    5 -15.16  -4.92  26.68  31.07  32.23 197.99   1.50   1.50   4.00   4.00   8.00      2      1
 54   5    5 -12.89  -9.36  26.68  31.07  32.23 215.98   1.50   1.50   4.00   4.00   8.00      2      1
 55   5    5  -9.37 -12.89  26.68  31.07  32.23 233.98   1.50   1.50   4.00   4.00   8.00      2      1
 56   5    5  -4.93 -15.15  26.68  31.07  32.23 251.98   1.50   1.50   4.00   4.00   8.00      2      1
 57   5    5  -0.01 -15.93  26.68  31.07  32.23 269.98   1.50   1.50   4.00   4.00   8.00      2      1
 58   5    5   4.92 -15.16  26.68  31.07  32.23 287.98   1.50   1.50   4.00   4.00   8.00      2      1
 59   5    5   9.36 -12.89  26.68  31.07  32.23 305.98   1.50   1.50   4.00   4.00   8.00      2      1
 60   5    5  12.89  -9.37  26.68  31.07  32.23 323.98   1.50   1.50   4.00   4.00   8.00      2      1
 61   5    5  15.15  -4.93  26.68  31.07  32.23 341.98   1.50   1.50   4.00   4.00   8.00      2      1
 62   6    5  17.20   0.00  25.88  31.07  32.23   0.00   1.50   1.50   4.00   4.00   8.00      2      2
 63   6    5  16.36   5.32  25.88  31.07  32.23  18.00   1.50   1.50   4.00   4.00   8.00      2      2
 64   6    5  13.92  10.11  25.88  31.07  32.23  36.00   1.50   1.50   4.00   4.00   8.00      2      2
 65   6    5  10.11  13.92  25.88  31.07  32.23  54.00   1.50   1.50   4.00   4.00   8.00      2      2
 66   6    5   5.32  16.36  25.88  31.07  32.23  71.99   1.50   1.50   4.00   4.00   8.00      2      2
 67   6    5   0.00  17.20  25.88  31.07  32.23  89.99   1.50   1.50   4.00   4.00   8.00      2      2
 68   6    5  -5.31  16.36  25.88  31.07  32.23 107.99   1.50   1.50   4.00   4.00   8.00      2      2
 69   6    5 -10.11  13.92  25.88  31.07  32.23 125.99   1.50   1.50   4.00   4.00   8.00      2      2
 70   6    5 -13.92  10.11  25.88  31.07  32.23 143.99   1.50   1.50   4.00   4.00   8.00      2      2
 71   6    5 -16.36   5.32  25.88  31.07  32.23 161.99   1.50   1.50   4.00   4.00   8.00      2      2
 72   6    5 -17.20   0.00  25.88  31.07  32.23 179.99   1.50   1.50   4.00   4.00   8.00      2      2
 73   6    5 -16.36  -5.31  25.88  31.07  32.23 197.99   1.50   1.50   4.00   4.00   8.00      2      2
 74   6    5 -13.92 -10.11  25.88  31.07  32.23 215.98   1.50   1.50   4.00   4.00   8.00      2      2
 75   6    5 -10.12 -13.91  25.88  31.07  32.23 233.98   1.50   1.50   4.00   4.00   8.00      2      2
 76   6    5  -5.32 -16.36  25.88  31.07  32.23 251.98   1.50   1.50   4.00   4.00   8.00      2      2
 77   6    5  -0.01 -17.20  25.88  31.07  32.23 269.98   1.50   1.50   4.00   4.00   8.00      2      2
 78   6    5   5.31 -16.36  25.88  31.07  32.23 287.98   1.50   1.50   4.00   4.00   8.00      2      2
 79   6    5  10.11 -13.92  25.88  31.07  32.23 305.98   1.50   1.50   4.00   4.00   8.00      2      2
 80   6    5  13.91 -10.12  25.88  31.07  32.23 323.98   1.50   1.50   4.00   4.00   8.00      2      2
 81   6    5  16.36  -5.32  25.88  31.07  32.23 341.98   1.50   1.50   4.00   4.00   8.00      2      2
 82   7    5  20.31   0.00  26.22  33.13  40.36   0.00   1.50   1.50   4.00   4.00   8.00      3      1
 83   7    5  19.72   4.86  26.22  33.13  40.36  13.85   1.50   1.50   4.00   4.00   8.00      3      1
 84   7    5  17.98   9.44  26.22  33.13  40.36  27.69   1.50   1.50   4.00   4.00   8.00      3      1
 85   7    5  15.20  13.47  26.22  33.13  40.36  41.54   1.50   1.50   4.00   4.00   8.00      3      1
 86   7    5  11.54  16.71  26.22  33.13  40.36  55.38   1.50   1.50   4.00   4.00   8.00      3      1
 87   7    5   7.20  18.99  26.22  33.13  40.36  69.23   1.50   1.50   4.00   4.00   8.00      3      1
 88   7    5   2.45  20.16  26.22  33.13  40.36  83.08   1.50   1.50   4.00   4.00   8.00      3      1
 89   7    5  -2.45  20.16  26.22  33.13  40.36  96.92   1.50   1.50   4.00   4.00   8.00      3      1
 90   7    5  -7.20  18.99  26.22  33.13  40.36 110.77   1.50   1.50   4.00   4.00   8.00      3      1
 91   7    5 -11.54  16.71  26.22  33.13  40.36 124.61   1.50   1.50   4.00   4.00   8.00      3      1
 92   7    5 -15.20  13.47  26.22  33.13  40.36 138.46   1.50   1.50   4.00   4.00   8.00      3      1
 93   7    5 -17.98   9.44  26.22  33.13  40.36 152.30   1.50   1.50   4.00   4.00   8.00      3      1
 94   7    5 -19.72   4.86  26.22  33.13  40.36 166.15   1.50   1.50   4.00   4.00   8.00      3      1
 95   7    5 -20.31   0.00  26.22  33.13  40.36 180.00   1.50   1.50   4.00   4.00   8.00      3      1
 96   7    5 -19.72  -4.86  26.22  33.13  40.36 193.84   1.50   1.50   4.00   4.00   8.00      3      1
 97   7    5 -17.98  -9.44  26.22  33.13  40.36 207.69   1.50   1.50   4.00   4.00   8.00      3      1
 98   7    5 -15.20 -13.47  26.22  33.13  40.36 221.53   1.50   1.50   4.00   4.00   8.00      3      1
 99   7    5 -11.54 -16.71  26.22  33.13  40.36 235.38   1.50   1.50   4.00   4.00   8.00      3      1
100   7    5  -7.20 -18.99  26.22  33.13  40.36 249.23   1.50   1.50   4.00   4.00   8.00      3      1
101   7    5  -2.45 -20.16  26.22  33.13  40.36 263.07   1.50   1.50   4.00   4.00   8.00      3      1
102   7    5   2.45 -20.16  26.22  33.13  40.36 276.92   1.50   1.50   4.00   4.00   8.00      3      1
103   7    5   7.20 -18.99  26.22  33.13  40.36 290.76   1.50   1.50   4.00   4.00   8.00      3      1
104   7    5  11.53 -16.71  26.22  33.13  40.36 304.61   1.50   1.50   4.00   4.00   8.00      3      1
105   7    5  15.20 -13.47  26.22  33.13  40.36 318.46   1.50   1.50   4.00   4.00   8.00      3      1
106   7    5  17.98  -9.44  26.22  33.13  40.36 332.30   1.50   1.50   4.00   4.00   8.00      3      1
107   7    5  19.72  -4.86  26.22  33.13  40.36 346.15   1.50   1.50   4.00   4.00   8.00      3      1
108   8    5  21.45   0.00  25.24  33.13  40.36   0.00   1.50   1.50   4.00   4.00   8.00      3      2
109   8    5  20.83   5.13  25.24  33.13  40.36  13.85   1.50   1.50   4.00   4.00   8.00      3      2
110   8    5  18.99   9.97  25.24  33.13  40.36  27.69   1.50   1.50   4.00   4.00   8.00      3      2
111   8    5  16.06  14.22  25.24  33.13  40.36  41.54   1.50   1.50   4.00   4.00   8.00      3      2
112   8    5  12.19  17.65  25.24  33.13  40.36  55.38   1.50   1.50   4.00   4.00   8.00      3      2
113   8    5   7.61  20.06  25.24  33.13  40.36  69.23   1.50   1.50   4.00   4.00   8.00      3      2
114   8    5   2.59  21.30  25.24  33.13  40.36  83.08   1.50   1.50   4.00   4.00   8.00      3      2
115   8    5  -2.59  21.30  25.24  33.13  40.36  96.92   1.50   1.50   4.00   4.00   8.00      3      2
116   8    5  -7.61  20.06  25.24  33.13  40.36 110.77   1.50   1.50   4.00   4.00   8.00      3      2
117   8    5 -12.19  17.65  25.24  33.13  40.36 124.61   1.50   1.50   4.00   4.00   8.00      3      2
118   8    5 -16.06  14.23  25.24  33.13  40.36 138.46   1.50   1.50   4.00   4.00   8.00      3      2
119   8    5 -18.99   9.97  25.24  33.13  40.36 152.30   1.50   1.50   4.00   4.00   8.00      3      2
120   8    5 -20.83   5.13  25.24  33.13  40.36 166.15   1.50   1.50   4.00   4.00   8.00      3      2
121   8    5 -21.45   0.00  25.24  33.13  40.36 180.00   1.50   1.50   4.00   4.00   8.00      3      2
122   8    5 -20.83  -5.13  25.24  33.13  40.36 193.84   1.50   1.50   4.00   4.00   8.00      3      2
123   8    5 -19.00  -9.97  25.24  33.13  40.36 207.69   1.50   1.50   4.00   4.00   8.00      3      2
124   8    5 -16.06 -14.22  25.24  33.13  40.36 221.53   1.50   1.50   4.00   4.00   8.00      3      2
125   8    5 -12.19 -17.65  25.24  33.13  40.36 235.38   1.50   1.50   4.00   4.00   8.00      3      2
126   8    5  -7.61 -20.06  25.24  33.13  40.36 249.23   1.50   1.50   4.00   4.00   8.00      3      2
127   8    5  -2.59 -21.30  25.24  33.13  40.36 263.07   1.50   1.50   4.00   4.00   8.00      3      2
128   8    5   2.58 -21.30  25.24  33.13  40.36 276.92   1.50   1.50   4.00   4.00   8.00      3      2
129   8    5   7.60 -20.06  25.24  33.13  40.36 290.76   1.50   1.50   4.00   4.00   8.00      3      2
130   8    5  12.18 -17.66  25.24  33.13  40.36 304.61   1.50   1.50   4.00   4.00   8.00      3      2
131   8    5  16.06 -14.23  25.24  33.13  40.36 318.46   1.50   1.50   4.00   4.00   8.00      3      2
132   8    5  18.99  -9.97  25.24  33.13  40.36 332.30   1.50   1.50   4.00   4.00   8.00      3      2
133   8    5  20.83  -5.14  25.24  33.13  40.36 346.15   1.50   1.50   4.00   4.00   8.00      3      2
134   9    5  22.59   0.00  24.27  33.13  40.36   0.00   1.50   1.50   4.00   4.00   8.00      3      3
135   9    5  21.94   5.41  24.27  33.13  40.36  13.85   1.50   1.50   4.00   4.00   8.00      3      3
136   9    5  20.01  10.50  24.27  33.13  40.36  27.69   1.50   1.50   4.00   4.00   8.00      3      3
137   9    5  16.91  14.98  24.27  33.13  40.36  41.54   1.50   1.50   4.00   4.00   8.00      3      3
138   9    5  12.84  18.59  24.27  33.13  40.36  55.38   1.50   1.50   4.00   4.00   8.00      3      3
139   9    5   8.01  21.13  24.27  33.13  40.36  69.23   1.50   1.50   4.00   4.00   8.00      3      3
140   9    5   2.72  22.43  24.27  33.13  40.36  83.08   1.50   1.50   4.00   4.00   8.00      3      3
141   9    5  -2.72  22.43  24.27  33.13  40.36  96.92   1.50   1.50   4.00   4.00   8.00      3      3
142   9    5  -8.01  21.13  24.27  33.13  40.36 110.77   1.50   1.50   4.00   4.00   8.00      3      3
143   9    5 -12.83  18.60  24.27  33.13  40.36 124.61   1.50   1.50   4.00   4.00   8.00      3      3
144   9    5 -16.91  14.98  24.27  33.13  40.36 138.46   1.50   1.50   4.00   4.00   8.00      3      3
145   9    5 -20.01  10.50  24.27  33.13  40.36 152.30   1.50   1.50   4.00   4.00   8.00      3      3
146   9    5 -21.94   5.41  24.27  33.13  40.36 166.15   1.50   1.50   4.00   4.00   8.00      3      3
147   9    5 -22.59   0.00  24.27  33.13  40.36 180.00   1.50   1.50   4.00   4.00   8.00      3      3
148   9    5 -21.94  -5.41  24.27  33.13  40.36 193.84   1.50   1.50   4.00   4.00   8.00      3      3
149   9    5 -20.01 -10.50  24.27  33.13  40.36 207.69   1.50   1.50   4.00   4.00   8.00      3      3
150   9    5 -16.91 -14.98  24.27  33.13  40.36 221.53   1.50   1.50   4.00   4.00   8.00      3      3
151   9    5 -12.84 -18.59  24.27  33.13  40.36 235.38   1.50   1.50   4.00   4.00   8.00      3      3
152   9    5  -8.01 -21.13  24.27  33.13  40.36 249.23   1.50   1.50   4.00   4.00   8.00      3      3
153   9    5  -2.73 -22.43  24.27  33.13  40.36 263.07   1.50   1.50   4.00   4.00   8.00      3      3
154   9    5   2.72 -22.43  24.27  33.13  40.36 276.92   1.50   1.50   4.00   4.00   8.00      3      3
155   9    5   8.01 -21.13  24.27  33.13  40.36 290.76   1.50   1.50   4.00   4.00   8.00      3      3
156   9    5  12.83 -18.60  24.27  33.13  40.36 304.61   1.50   1.50   4.00   4.00   8.00      3      3
157   9    5  16.91 -14.98  24.27  33.13  40.36 318.46   1.50   1.50   4.00   4.00   8.00      3      3
158   9    5  20.01 -10.50  24.27  33.13  40.36 332.30   1.50   1.50   4.00   4.00   8.00      3      3
159   9    5  21.94  -5.41  24.27  33.13  40.36 346.15   1.50   1.50   4.00   4.00   8.00      3      3
160  10    5  24.65   0.00  22.98  33.66  49.56   0.00   1.50   1.50   4.00   4.00   8.00      3      1
161  10    5  24.17   4.81  22.98  33.66  49.56  11.25   1.50   1.50   4.00   4.00   8.00      3      1
162  10    5  22.77   9.43  22.98  33.66  49.56  22.50   1.50   1.50   4.00   4.00   8.00      3      1
163  10    5  20.49  13.69  22.98  33.66  49.56  33.75   1.50   1.50   4.00   4.00   8.00      3      1
164  10    5  17.43  17.43  22.98  33.66  49.56  45.00   1.50   1.50   4.00   4.00   8.00      3      1
165  10    5  13.69  20.49  22.98  33.66  49.56  56.25   1.50   1.50   4.00   4.00   8.00      3      1
166  10    5   9.43  22.77  22.98  33.66  49.56  67.50   1.50   1.50   4.00   4.00   8.00      3      1
167  10    5   4.81  24.17  22.98  33.66  49.56  78.75   1.50   1.50   4.00   4.00   8.00      3      1
168  10    5   0.00  24.65  22.98  33.66  49.56  90.00   1.50   1.50   4.00   4.00   8.00      3      1
169  10    5  -4.81  24.17  22.98  33.66  49.56 101.25   1.50   1.50   4.00   4.00   8.00      3      1
170  10    5  -9.43  22.77  22.98  33.66  49.56 112.50   1.50   1.50   4.00   4.00   8.00      3      1
171  10    5 -13.69  20.49  22.98  33.66  49.56 123.75   1.50   1.50   4.00   4.00   8.00      3      1
172  10    5 -17.43  17.43  22.98  33.66  49.56 135.00   1.50   1.50   4.00   4.00   8.00      3      1
173  10    5 -20.49  13.69  22.98  33.66  49.56 146.25   1.50   1.50   4.00   4.00   8.00      3      1
174  10    5 -22.77   9.43  22.98  33.66  49.56 157.50   1.50   1.50   4.00   4.00   8.00      3      1
175  10    5 -24.17   4.81  22.98  33.66  49.56 168.75   1.50   1.50   4.00   4.00   8.00      3      1
176  10    5 -24.65   0.00  22.98  33.66  49.56 180.00   1.50   1.50   4.00   4.00   8.00      3      1
177  10    5 -24.17  -4.81  22.98  33.66  49.56 191.25   1.50   1.50   4.00   4.00   8.00      3      1
178  10    5 -22.77  -9.43  22.98  33.66  49.56 202.50   1.50   1.50   4.00   4.00   8.00      3      1
179  10    5 -20.49 -13.69  22.98  33.66  49.56 213.75   1.50   1.50   4.00   4.00   8.00      3      1
180  10    5 -17.43 -17.43  22.98  33.66  49.56 225.00   1.50   1.50   4.00   4.00   8.00      3      1
181  10    5 -13.69 -20.49  22.98  33.66  49.56 236.25   1.50   1.50   4.00   4.00   8.00      3      1
182  10    5  -9.43 -22.77  22.98  33.66  49.56 247.50   1.50   1.50   4.00   4.00   8.00      3      1
183  10    5  -4.81 -24.17  22.98  33.66  49.56 258.75   1.50   1.50   4.00   4.00   8.00      3      1
184  10    5  -0.00 -24.65  22.98  33.66  49.56 270.00   1.50   1.50   4.00   4.00   8.00      3      1
185  10    5   4.81 -24.17  22.98  33.66  49.56 281.25   1.50   1.50   4.00   4.00   8.00      3      1
186  10    5   9.43 -22.77  22.98  33.66  49.56 292.50   1.50   1.50   4.00   4.00   8.00      3      1
187  10    5  13.69 -20.49  22.98  33.66  49.56 303.75   1.50   1.50   4.00   4.00   8.00      3      1
188  10    5  17.43 -17.43  22.98  33.66  49.56 315.00   1.50   1.50   4.00   4.00   8.00      3      1
189  10    5  20.49 -13.69  22.98  33.66  49.56 326.25   1.50   1.50   4.00   4.00   8.00      3      1
190  10    5  22.77  -9.43  22.98  33.66  49.56 337.50   1.50   1.50   4.00   4.00   8.00      3      1
191  10    5  24.17  -4.81  22.98  33.66  49.56 348.75   1.50   1.50   4.00   4.00   8.00      3      1
192  11    5  25.62   0.00  21.83  33.66  49.56   0.00   1.50   1.50   4.00   4.00   8.00      3      2
193  11    5  25.13   5.00  21.83  33.66  49.56  11.25   1.50   1.50   4.00   4.00   8.00      3      2
194  11    5  23.67   9.80  21.83  33.66  49.56  22.50   1.50   1.50   4.00   4.00   8.00      3      2
195  11    5  21.30  14.23  21.83  33.66  49.56  33.75   1.50   1.50   4.00   4.00   8.00      3      2
196  11    5  18.12  18.12  21.83  33.66  49.56  45.00   1.50   1.50   4.00   4.00   8.00      3      2
197  11    5  14.23  21.30  21.83  33.66  49.56  56.25   1.50   1.50   4.00   4.00   8.00      3      2
198  11    5   9.80  23.67  21.83  33.66  49.56  67.50   1.50   1.50   4.00   4.00   8.00      3      2
199  11    5   5.00  25.13  21.83  33.66  49.56  78.75   1.50   1.50   4.00   4.00   8.00      3      2
200  11    5   0.00  25.62  21.83  33.66  49.56  90.00   1.50   1.50   4.00   4.00   8.00      3      2
201  11    5  -5.00  25.13  21.83  33.66  49.56 101.25   1.50   1.50   4.00   4.00   8.00      3      2
202  11    5  -9.80  23.67  21.83  33.66  49.56 112.50   1.50   1.50   4.00   4.00   8.00      3      2
203  11    5 -14.23  21.30  21.83  33.66  49.56 123.75   1.50   1.50   4.00   4.00   8.00      3      2
204  11    5 -18.12  18.12  21.83  33.66  49.56 135.00   1.50   1.50   4.00   4.00   8.00      3      2
205  11    5 -21.30  14.23  21.83  33.66  49.56 146.25   1.50   1.50   4.00   4.00   8.00      3      2
206  11    5 -23.67   9.80  21.83  33.66  49.56 157.50   1.50   1.50   4.00   4.00   8.00      3      2
207  11    5 -25.13   5.00  21.83  33.66  49.56 168.75   1.50   1.50   4.00   4.00   8.00      3      2
208  11    5 -25.62   0.00  21.83  33.66  49.56 180.00   1.50   1.50   4.00   4.00   8.00      3      2
209  11    5 -25.13  -5.00  21.83  33.66  49.56 191.25   1.50   1.50   4.00   4.00   8.00      3      2
210  11    5 -23.67  -9.80  21.83  33.66  49.56 202.50   1.50   1.50   4.00   4.00   8.00      3      2
211  11    5 -21.30 -14.23  21.83  33.66  49.56 213.75   1.50   1.50   4.00   4.00   8.00      3      2
212  11    5 -18.12 -18.12  21.83  33.66  49.56 225.00   1.50   1.50   4.00   4.00   8.00      3      2
213  11    5 -14.23 -21.30  21.83  33.66  49.56 236.25   1.50   1.50   4.00   4.00   8.00      3      2
214  11    5  -9.80 -23.67  21.83  33.66  49.56 247.50   1.50   1.50   4.00   4.00   8.00      3      2
215  11    5  -5.00 -25.13  21.83  33.66  49.56 258.75   1.50   1.50   4.00   4.00   8.00      3      2
216  11    5  -0.00 -25.62  21.83  33.66  49.56 270.00   1.50   1.50   4.00   4.00   8.00      3      2
217  11    5   5.00 -25.13  21.83  33.66  49.56 281.25   1.50   1.50   4.00   4.00   8.00      3      2
218  11    5   9.80 -23.67  21.83  33.66  49.56 292.50   1.50   1.50   4.00   4.00   8.00      3      2
219  11    5  14.23 -21.30  21.83  33.66  49.56 303.75   1.50   1.50   4.00   4.00   8.00      3      2
220  11    5  18.12 -18.12  21.83  33.66  49.56 315.00   1.50   1.50   4.00   4.00   8.00      3      2
221  11    5  21.30 -14.23  21.83  33.66  49.56 326.25   1.50   1.50   4.00   4.00   8.00      3      2
222  11    5  23.67  -9.81  21.83  33.66  49.56 337.50   1.50   1.50   4.00   4.00   8.00      3      2
223  11    5  25.13  -5.00  21.83  33.66  49.56 348.75   1.50   1.50   4.00   4.00   8.00      3      2
224  12    5  26.59   0.00  20.69  33.66  49.56   0.00   1.50   1.50   4.00   4.00   8.00      3      3
225  12    5  26.08   5.19  20.69  33.66  49.56  11.25   1.50   1.50   4.00   4.00   8.00      3      3
226  12    5  24.57  10.18  20.69  33.66  49.56  22.50   1.50   1.50   4.00   4.00   8.00      3      3
227  12    5  22.11  14.77  20.69  33.66  49.56  33.75   1.50   1.50   4.00   4.00   8.00      3      3
228  12    5  18.80  18.80  20.69  33.66  49.56  45.00   1.50   1.50   4.00   4.00   8.00      3      3
229  12    5  14.77  22.11  20.69  33.66  49.56  56.25   1.50   1.50   4.00   4.00   8.00      3      3
230  12    5  10.18  24.57  20.69  33.66  49.56  67.50   1.50   1.50   4.00   4.00   8.00      3      3
231  12    5   5.19  26.08  20.69  33.66  49.56  78.75   1.50   1.50   4.00   4.00   8.00      3      3
232  12    5   0.00  26.59  20.69  33.66  49.56  90.00   1.50   1.50   4.00   4.00   8.00      3      3
233  12    5  -5.19  26.08  20.69  33.66  49.56 101.25   1.50   1.50   4.00   4.00   8.00      3      3
234  12    5 -10.18  24.57  20.69  33.66  49.56 112.50   1.50   1.50   4.00   4.00   8.00      3      3
235  12    5 -14.77  22.11  20.69  33.66  49.56 123.75   1.50   1.50   4.00   4.00   8.00      3      3
236  12    5 -18.80  18.80  20.69  33.66  49.56 135.00   1.50   1.50   4.00   4.00   8.00      3      3
237  12    5 -22.11  14.77  20.69  33.66  49.56 146.25   1.50   1.50   4.00   4.00   8.00      3      3
238  12    5 -24.57  10.18  20.69  33.66  49.56 157.50   1.50   1.50   4.00   4.00   8.00      3      3
239  12    5 -26.08   5.19  20.69  33.66  49.56 168.75   1.50   1.50   4.00   4.00   8.00      3      3
240  12    5 -26.59   0.00  20.69  33.66  49.56 180.00   1.50   1.50   4.00   4.00   8.00      3      3
241  12    5 -26.08  -5.19  20.69  33.66  49.56 191.25   1.50   1.50   4.00   4.00   8.00      3      3
242  12    5 -24.57 -10.18  20.69  33.66  49.56 202.50   1.50   1.50   4.00   4.00   8.00      3      3
243  12    5 -22.11 -14.77  20.69  33.66  49.56 213.75   1.50   1.50   4.00   4.00   8.00      3      3
244  12    5 -18.80 -18.80  20.69  33.66  49.56 225.00   1.50   1.50   4.00   4.00   8.00      3      3
245  12    5 -14.77 -22.11  20.69  33.66  49.56 236.25   1.50   1.50   4.00   4.00   8.00      3      3
246  12    5 -10.18 -24.57  20.69  33.66  49.56 247.50   1.50   1.50   4.00   4.00   8.00      3      3
247  12    5  -5.19 -26.08  20.69  33.66  49.56 258.75   1.50   1.50   4.00   4.00   8.00      3      3
248  12    5  -0.00 -26.59  20.69  33.66  49.56 270.00   1.50   1.50   4.00   4.00   8.00      3      3
249  12    5   5.19 -26.08  20.69  33.66  49.56 281.25   1.50   1.50   4.00   4.00   8.00      3      3
250  12    5  10.18 -24.57  20.69  33.66  49.56 292.50   1.50   1.50   4.00   4.00   8.00      3      3
251  12    5  14.77 -22.11  20.69  33.66  49.56 303.75   1.50   1.50   4.00   4.00   8.00      3      3
252  12    5  18.80 -18.80  20.69  33.66  49.56 315.00   1.50   1.50   4.00   4.00   8.00      3      3
253  12    5  22.11 -14.77  20.69  33.66  49.56 326.25   1.50   1.50   4.00   4.00   8.00      3      3
254  12    5  24.57 -10.18  20.69  33.66  49.56 337.50   1.50   1.50   4.00   4.00   8.00      3      3
255  12    5  26.08  -5.19  20.69  33.66  49.56 348.75   1.50   1.50   4.00   4.00   8.00      3      3
256  13    5  27.57   0.00  18.51  33.17  58.71   0.00   1.50   1.50   4.00   4.00   8.00      3      1
257  13    5  27.15   4.79  18.51  33.17  58.71  10.00   1.50   1.50   4.00   4.00   8.00      3      1
258  13    5  25.90   9.43  18.51  33.17  58.71  20.00   1.50   1.50   4.00   4.00   8.00      3      1
259  13    5  23.87  13.78  18.51  33.17  58.71  30.00   1.50   1.50   4.00   4.00   8.00      3      1
260  13    5  21.12  17.72  18.51  33.17  58.71  40.00   1.50   1.50   4.00   4.00   8.00      3      1
261  13    5  17.72  21.12  18.51  33.17  58.71  50.00   1.50   1.50   4.00   4.00   8.00      3      1
262  13    5  13.78  23.87  18.51  33.17  58.71  60.00   1.50   1.50   4.00   4.00   8.00      3      1
263  13    5   9.43  25.90  18.51  33.17  58.71  70.00   1.50   1.50   4.00   4.00   8.00      3      1
264  13    5   4.79  27.15  18.51  33.17  58.71  80.00   1.50   1.50   4.00   4.00   8.00      3      1
265  13    5   0.00  27.57  18.51  33.17  58.71  90.00   1.50   1.50   4.00   4.00   8.00      3      1
266  13    5  -4.78  27.15  18.51  33.17  58.71 100.00   1.50   1.50   4.00   4.00   8.00      3      1
267  13    5  -9.43  25.90  18.51  33.17  58.71 110.00   1.50   1.50   4.00   4.00   8.00      3      1
268  13    5 -13.78  23.87  18.51  33.17  58.71 119.99   1.50   1.50   4.00   4.00   8.00      3      1
269  13    5 -17.72  21.12  18.51  33.17  58.71 129.99   1.50   1.50   4.00   4.00   8.00      3      1
270  13    5 -21.11  17.72  18.51  33.17  58.71 139.99   1.50   1.50   4.00   4.00   8.00      3      1
271  13    5 -23.87  13.79  18.51  33.17  58.71 149.99   1.50   1.50   4.00   4.00   8.00      3      1
272  13    5 -25.90   9.43  18.51  33.17  58.71 159.99   1.50   1.50   4.00   4.00   8.00      3      1
273  13    5 -27.15   4.79  18.51  33.17  58.71 169.99   1.50   1.50   4.00   4.00   8.00      3      1
274  13    5 -27.57   0.00  18.51  33.17  58.71 179.99   1.50   1.50   4.00   4.00   8.00      3      1
275  13    5 -27.15  -4.78  18.51  33.17  58.71 189.99   1.50   1.50   4.00   4.00   8.00      3      1
276  13    5 -25.90  -9.42  18.51  33.17  58.71 199.99   1.50   1.50   4.00   4.00   8.00      3      1
277  13    5 -23.87 -13.78  18.51  33.17  58.71 209.99   1.50   1.50   4.00   4.00   8.00      3      1
278  13    5 -21.12 -17.71  18.51  33.17  58.71 219.99   1.50   1.50   4.00   4.00   8.00      3      1
279  13    5 -17.72 -21.11  18.51  33.17  58.71 229.99   1.50   1.50   4.00   4.00   8.00      3      1
280  13    5 -13.79 -23.87  18.51  33.17  58.71 239.99   1.50   1.50   4.00   4.00   8.00      3      1
281  13    5  -9.43 -25.90  18.51  33.17  58.71 249.99   1.50   1.50   4.00   4.00   8.00      3      1
282  13    5  -4.79 -27.15  18.51  33.17  58.71 259.99   1.50   1.50   4.00   4.00   8.00      3      1
283  13    5  -0.01 -27.57  18.51  33.17  58.71 269.99   1.50   1.50   4.00   4.00   8.00      3      1
284  13    5   4.78 -27.15  18.51  33.17  58.71 279.99   1.50   1.50   4.00   4.00   8.00      3      1
285  13    5   9.42 -25.90  18.51  33.17  58.71 289.99   1.50   1.50   4.00   4.00   8.00      3      1
286  13    5  13.78 -23.88  18.51  33.17  58.71 299.99   1.50   1.50   4.00   4.00   8.00      3      1
287  13    5  17.71 -21.12  18.51  33.17  58.71 309.99   1.50   1.50   4.00   4.00   8.00      3      1
288  13    5  21.11 -17.72  18.51  33.17  58.71 319.99   1.50   1.50   4.00   4.00   8.00      3      1
289  13    5  23.87 -13.79  18.51  33.17  58.71 329.99   1.50   1.50   4.00   4.00   8.00      3      1
290  13    5  25.90  -9.43  18.51  33.17  58.71 339.98   1.50   1.50   4.00   4.00   8.00      3      1
291  13    5  27.15  -4.79  18.51  33.17  58.71 349.98   1.50   1.50   4.00   4.00   8.00      3      1
292  14    5  28.34   0.00  17.23  33.17  58.71   0.00   1.50   1.50   4.00   4.00   8.00      3      2
293  14    5  27.91   4.92  17.23  33.17  58.71  10.00   1.50   1.50   4.00   4.00   8.00      3      2
294  14    5  26.63   9.69  17.23  33.17  58.71  20.00   1.50   1.50   4.00   4.00   8.00      3      2
295  14    5  24.55  14.17  17.23  33.17  58.71  30.00   1.50   1.50   4.00   4.00   8.00      3      2
296  14    5  21.71  18.22  17.23  33.17  58.71  40.00   1.50   1.50   4.00   4.00   8.00      3      2
297  14    5  18.22  21.71  17.23  33.17  58.71  50.00   1.50   1.50   4.00   4.00   8.00      3      2
298  14    5  14.17  24.55  17.23  33.17  58.71  60.00   1.50   1.50   4.00   4.00   8.00      3      2
299  14    5   9.70  26.63  17.23  33.17  58.71  70.00   1.50   1.50   4.00   4.00   8.00      3      2
300  14    5   4.92  27.91  17.23  33.17  58.71  80.00   1.50   1.50   4.00   4.00   8.00      3      2
301  14    5   0.00  28.34  17.23  33.17  58.71  90.00   1.50   1.50   4.00   4.00   8.00      3      2
302  14    5  -4.92  27.91  17.23  33.17  58.71 100.00   1.50   1.50   4.00   4.00   8.00      3      2
303  14    5  -9.69  26.64  17.23  33.17  58.71 110.00   1.50   1.50   4.00   4.00   8.00      3      2
304  14    5 -14.17  24.55  17.23  33.17  58.71 119.99   1.50   1.50   4.00   4.00   8.00      3      2
305  14    5 -18.22  21.71  17.23  33.17  58.71 129.99   1.50   1.50   4.00   4.00   8.00      3      2
306  14    5 -21.71  18.22  17.23  33.17  58.71 139.99   1.50   1.50   4.00   4.00   8.00      3      2
307  14    5 -24.55  14.17  17.23  33.17  58.71 149.99   1.50   1.50   4.00   4.00   8.00      3      2
308  14    5 -26.63   9.70  17.23  33.17  58.71 159.99   1.50   1.50   4.00   4.00   8.00      3      2
309  14    5 -27.91   4.93  17.23  33.17  58.71 169.99   1.50   1.50   4.00   4.00   8.00      3      2
310  14    5 -28.34   0.00  17.23  33.17  58.71 179.99   1.50   1.50   4.00   4.00   8.00      3      2
311  14    5 -27.91  -4.92  17.23  33.17  58.71 189.99   1.50   1.50   4.00   4.00   8.00      3      2
312  14    5 -26.64  -9.69  17.23  33.17  58.71 199.99   1.50   1.50   4.00   4.00   8.00      3      2
313  14    5 -24.55 -14.17  17.23  33.17  58.71 209.99   1.50   1.50   4.00   4.00   8.00      3      2
314  14    5 -21.72 -18.22  17.23  33.17  58.71 219.99   1.50   1.50   4.00   4.00   8.00      3      2
315  14    5 -18.22 -21.71  17.23  33.17  58.71 229.99   1.50   1.50   4.00   4.00   8.00      3      2
316  14    5 -14.18 -24.54  17.23  33.17  58.71 239.99   1.50   1.50   4.00   4.00   8.00      3      2
317  14    5  -9.70 -26.63  17.23  33.17  58.71 249.99   1.50   1.50   4.00   4.00   8.00      3      2
318  14    5  -4.93 -27.91  17.23  33.17  58.71 259.99   1.50   1.50   4.00   4.00   8.00      3      2
319  14    5  -0.01 -28.34  17.23  33.17  58.71 269.99   1.50   1.50   4.00   4.00   8.00      3      2
320  14    5   4.92 -27.91  17.23  33.17  58.71 279.99   1.50   1.50   4.00   4.00   8.00      3      2
321  14    5   9.69 -26.64  17.23  33.17  58.71 289.99   1.50   1.50   4.00   4.00   8.00      3      2
322  14    5  14.17 -24.55  17.23  33.17  58.71 299.99   1.50   1.50   4.00   4.00   8.00      3      2
323  14    5  18.21 -21.72  17.23  33.17  58.71 309.99   1.50   1.50   4.00   4.00   8.00      3      2
324  14    5  21.71 -18.22  17.23  33.17  58.71 319.99   1.50   1.50   4.00   4.00   8.00      3      2
325  14    5  24.54 -14.18  17.23  33.17  58.71 329.99   1.50   1.50   4.00   4.00   8.00      3      2
326  14    5  26.63  -9.70  17.23  33.17  58.71 339.98   1.50   1.50   4.00   4.00   8.00      3      2
327  14    5  27.91  -4.93  17.23  33.17  58.71 349.98   1.50   1.50   4.00   4.00   8.00      3      2
328  15    5  29.12   0.00  15.95  33.17  58.71   0.00   1.50   1.50   4.00   4.00   8.00      3      3
329  15    5  28.68   5.06  15.95  33.17  58.71  10.00   1.50   1.50   4.00   4.00   8.00      3      3
330  15    5  27.37   9.96  15.95  33.17  58.71  20.00   1.50   1.50   4.00   4.00   8.00      3      3
331  15    5  25.22  14.56  15.95  33.17  58.71  30.00   1.50   1.50   4.00   4.00   8.00      3      3
332  15    5  22.31  18.72  15.95  33.17  58.71  40.00   1.50   1.50   4.00   4.00   8.00      3      3
333  15    5  18.72  22.31  15.95  33.17  58.71  50.00   1.50   1.50   4.00   4.00   8.00      3      3
334  15    5  14.56  25.22  15.95  33.17  58.71  60.00   1.50   1.50   4.00   4.00   8.00      3      3
335  15    5   9.96  27.37  15.95  33.17  58.71  70.00   1.50   1.50   4.00   4.00   8.00      3      3
336  15    5   5.06  28.68  15.95  33.17  58.71  80.00   1.50   1.50   4.00   4.00   8.00      3      3
337  15    5   0.00  29.12  15.95  33.17  58.71  90.00   1.50   1.50   4.00   4.00   8.00      3      3
338  15    5  -5.05  28.68  15.95  33.17  58.71 100.00   1.50   1.50   4.00   4.00   8.00      3      3
339  15    5  -9.96  27.37  15.95  33.17  58.71 110.00   1.50   1.50   4.00   4.00   8.00      3      3
340  15    5 -14.56  25.22  15.95  33.17  58.71 119.99   1.50   1.50   4.00   4.00   8.00      3      3
341  15    5 -18.72  22.31  15.95  33.17  58.71 129.99   1.50   1.50   4.00   4.00   8.00      3      3
342  15    5 -22.31  18.72  15.95  33.17  58.71 139.99   1.50   1.50   4.00   4.00   8.00      3      3
343  15    5 -25.22  14.56  15.95  33.17  58.71 149.99   1.50   1.50   4.00   4.00   8.00      3      3
344  15    5 -27.37   9.96  15.95  33.17  58.71 159.99   1.50   1.50   4.00   4.00   8.00      3      3
345  15    5 -28.68   5.06  15.95  33.17  58.71 169.99   1.50   1.50   4.00   4.00   8.00      3      3
346  15    5 -29.12   0.00  15.95  33.17  58.71 179.99   1.50   1.50   4.00   4.00   8.00      3      3
347  15    5 -28.68  -5.05  15.95  33.17  58.71 189.99   1.50   1.50   4.00   4.00   8.00      3      3
348  15    5 -27.37  -9.96  15.95  33.17  58.71 199.99   1.50   1.50   4.00   4.00   8.00      3      3
349  15    5 -25.22 -14.56  15.95  33.17  58.71 209.99   1.50   1.50   4.00   4.00   8.00      3      3
350  15    5 -22.31 -18.72  15.95  33.17  58.71 219.99   1.50   1.50   4.00   4.00   8.00      3      3
351  15    5 -18.72 -22.31  15.95  33.17  58.71 229.99   1.50   1.50   4.00   4.00   8.00      3      3
352  15    5 -14.57 -25.22  15.95  33.17  58.71 239.99   1.50   1.50   4.00   4.00   8.00      3      3
353  15    5  -9.97 -27.37  15.95  33.17  58.71 249.99   1.50   1.50   4.00   4.00   8.00      3      3
354  15    5  -5.06 -28.68  15.95  33.17  58.71 259.99   1.50   1.50   4.00   4.00   8.00      3      3
355  15    5  -0.01 -29.12  15.95  33.17  58.71 269.99   1.50   1.50   4.00   4.00   8.00      3      3
356  15    5   5.05 -28.68  15.95  33.17  58.71 279.99   1.50   1.50   4.00   4.00   8.00      3      3
357  15    5   9.95 -27.37  15.95  33.17  58.71 289.99   1.50   1.50   4.00   4.00   8.00      3      3
358  15    5  14.56 -25.22  15.95  33.17  58.71 299.99   1.50   1.50   4.00   4.00   8.00      3      3
359  15    5  18.71 -22.31  15.95  33.17  58.71 309.99   1.50   1.50   4.00   4.00   8.00      3      3
360  15    5  22.31 -18.73  15.95  33.17  58.71 319.99   1.50   1.50   4.00   4.00   8.00      3      3
361  15    5  25.22 -14.57  15.95  33.17  58.71 329.99   1.50   1.50   4.00   4.00   8.00      3      3
362  15    5  27.36  -9.97  15.95  33.17  58.71 339.98   1.50   1.50   4.00   4.00   8.00      3      3
363  15    5  28.68  -5.06  15.95  33.17  58.71 349.98   1.50   1.50   4.00   4.00   8.00      3      3
364  16    5  29.06   0.00  13.30  31.93  68.11   0.00   1.50   1.50   4.00   4.00   8.00      3      1
365  16    5  28.67   4.78  13.30  31.93  68.11   9.47   1.50   1.50   4.00   4.00   8.00      3      1
366  16    5  27.49   9.44  13.30  31.93  68.11  18.95   1.50   1.50   4.00   4.00   8.00      3      1
367  16    5  25.56  13.83  13.30  31.93  68.11  28.42   1.50   1.50   4.00   4.00   8.00      3      1
368  16    5  22.94  17.85  13.30  31.93  68.11  37.89   1.50   1.50   4.00   4.00   8.00      3      1
369  16    5  19.69  21.38  13.30  31.93  68.11  47.37   1.50   1.50   4.00   4.00   8.00      3      1
370  16    5  15.90  24.33  13.30  31.93  68.11  56.84   1.50   1.50   4.00   4.00   8.00      3      1
371  16    5  11.68  26.62  13.30  31.93  68.11  66.31   1.50   1.50   4.00   4.00   8.00      3      1
372  16    5   7.14  28.18  13.30  31.93  68.11  75.78   1.50   1.50   4.00   4.00   8.00      3      1
373  16    5   2.40  28.97  13.30  31.93  68.11  85.26   1.50   1.50   4.00   4.00   8.00      3      1
374  16    5  -2.40  28.97  13.30  31.93  68.11  94.73   1.50   1.50   4.00   4.00   8.00      3      1
375  16    5  -7.13  28.18  13.30  31.93  68.11 104.20   1.50   1.50   4.00   4.00   8.00      3      1
376  16    5 -11.67  26.62  13.30  31.93  68.11 113.68   1.50   1.50   4.00   4.00   8.00      3      1
377  16    5 -15.89  24.33  13.30  31.93  68.11 123.15   1.50   1.50   4.00   4.00   8.00      3      1
378  16    5 -19.68  21.39  13.30  31.93  68.11 132.62   1.50   1.50   4.00   4.00   8.00      3      1
379  16    5 -22.93  17.86  13.30  31.93  68.11 142.10   1.50   1.50   4.00   4.00   8.00      3      1
380  16    5 -25.56  13.84  13.30  31.93  68.11 151.57   1.50   1.50   4.00   4.00   8.00      3      1
381  16    5 -27.49   9.44  13.30  31.93  68.11 161.04   1.50   1.50   4.00   4.00   8.00      3      1
382  16    5 -28.67   4.79  13.30  31.93  68.11 170.52   1.50   1.50   4.00   4.00   8.00      3      1
383  16    5 -29.06   0.01  13.30  31.93  68.11 179.99   1.50   1.50   4.00   4.00   8.00      3      1
384  16    5 -28.67  -4.78  13.30  31.93  68.11 189.46   1.50   1.50   4.00   4.00   8.00      3      1
385  16    5 -27.49  -9.43  13.30  31.93  68.11 198.94   1.50   1.50   4.00   4.00   8.00      3      1
386  16    5 -25.57 -13.83  13.30  31.93  68.11 208.41   1.50   1.50   4.00   4.00   8.00      3      1
387  16    5 -22.94 -17.85  13.30  31.93  68.11 217.88   1.50   1.50   4.00   4.00   8.00      3      1
388  16    5 -19.69 -21.38  13.30  31.93  68.11 227.35   1.50   1.50   4.00   4.00   8.00      3      1
389  16    5 -15.90 -24.33  13.30  31.93  68.11 236.83   1.50   1.50   4.00   4.00   8.00      3      1
390  16    5 -11.68 -26.61  13.30  31.93  68.11 246.30   1.50   1.50   4.00   4.00   8.00      3      1
391  16    5  -7.14 -28.17  13.30  31.93  68.11 255.77   1.50   1.50   4.00   4.00   8.00      3      1
392  16    5  -2.41 -28.97  13.30  31.93  68.11 265.25   1.50   1.50   4.00   4.00   8.00      3      1
393  16    5   2.39 -28.97  13.30  31.93  68.11 274.72   1.50   1.50   4.00   4.00   8.00      3      1
394  16    5   7.13 -28.18  13.30  31.93  68.11 284.19   1.50   1.50   4.00   4.00   8.00      3      1
395  16    5  11.67 -26.62  13.30  31.93  68.11 293.67   1.50   1.50   4.00   4.00   8.00      3      1
396  16    5  15.89 -24.34  13.30  31.93  68.11 303.14   1.50   1.50   4.00   4.00   8.00      3      1
397  16    5  19.68 -21.39  13.30  31.93  68.11 312.61   1.50   1.50   4.00   4.00   8.00      3      1
398  16    5  22.93 -17.86  13.30  31.93  68.11 322.09   1.50   1.50   4.00   4.00   8.00      3      1
399  16    5  25.56 -13.84  13.30  31.93  68.11 331.56   1.50   1.50   4.00   4.00   8.00      3      1
400  16    5  27.49  -9.45  13.30  31.93  68.11 341.03   1.50   1.50   4.00   4.00   8.00      3      1
401  16    5  28.67  -4.79  13.30  31.93  68.11 350.50   1.50   1.50   4.00   4.00   8.00      3      1
402  17    5  29.62   0.00  11.90  31.93  68.11   0.00   1.50   1.50   4.00   4.00   8.00      3      2
403  17    5  29.22   4.88  11.90  31.93  68.11   9.47   1.50   1.50   4.00   4.00   8.00      3      2
404  17    5  28.02   9.62  11.90  31.93  68.11  18.95   1.50   1.50   4.00   4.00   8.00      3      2
405  17    5  26.05  14.10  11.90  31.93  68.11  28.42   1.50   1.50   4.00   4.00   8.00      3      2
406  17    5  23.38  18.19  11.90  31.93  68.11  37.89   1.50   1.50   4.00   4.00   8.00      3      2
407  17    5  20.07  21.79  11.90  31.93  68.11  47.37   1.50   1.50   4.00   4.00   8.00      3      2
408  17    5  16.20  24.80  11.90  31.93  68.11  56.84   1.50   1.50   4.00   4.00   8.00      3      2
409  17    5  11.90  27.13  11.90  31.93  68.11  66.31   1.50   1.50   4.00   4.00   8.00      3      2
410  17    5   7.27  28.72  11.90  31.93  68.11  75.78   1.50   1.50   4.00   4.00   8.00      3      2
411  17    5   2.45  29.52  11.90  31.93  68.11  85.26   1.50   1.50   4.00   4.00   8.00      3      2
412  17    5  -2.44  29.52  11.90  31.93  68.11  94.73   1.50   1.50   4.00   4.00   8.00      3      2
413  17    5  -7.27  28.72  11.90  31.93  68.11 104.20   1.50   1.50   4.00   4.00   8.00      3      2
414  17    5 -11.90  27.13  11.90  31.93  68.11 113.68   1.50   1.50   4.00   4.00   8.00      3      2
415  17    5 -16.20  24.80  11.90  31.93  68.11 123.15   1.50   1.50   4.00   4.00   8.00      3      2
416  17    5 -20.06  21.80  11.90  31.93  68.11 132.62   1.50   1.50   4.00   4.00   8.00      3      2
417  17    5 -23.37  18.20  11.90  31.93  68.11 142.10   1.50   1.50   4.00   4.00   8.00      3      2
418  17    5 -26.05  14.10  11.90  31.93  68.11 151.57   1.50   1.50   4.00   4.00   8.00      3      2
419  17    5 -28.02   9.62  11.90  31.93  68.11 161.04   1.50   1.50   4.00   4.00   8.00      3      2
420  17    5 -29.22   4.88  11.90  31.93  68.11 170.52   1.50   1.50   4.00   4.00   8.00      3      2
421  17    5 -29.62   0.01  11.90  31.93  68.11 179.99   1.50   1.50   4.00   4.00   8.00      3      2
422  17    5 -29.22  -4.87  11.90  31.93  68.11 189.46   1.50   1.50   4.00   4.00   8.00      3      2
423  17    5 -28.02  -9.61  11.90  31.93  68.11 198.94   1.50   1.50   4.00   4.00   8.00      3      2
424  17    5 -26.06 -14.09  11.90  31.93  68.11 208.41   1.50   1.50   4.00   4.00   8.00      3      2
425  17    5 -23.38 -18.19  11.90  31.93  68.11 217.88   1.50   1.50   4.00   4.00   8.00      3      2
426  17    5 -20.07 -21.79  11.90  31.93  68.11 227.35   1.50   1.50   4.00   4.00   8.00      3      2
427  17    5 -16.21 -24.80  11.90  31.93  68.11 236.83   1.50   1.50   4.00   4.00   8.00      3      2
428  17    5 -11.91 -27.13  11.90  31.93  68.11 246.30   1.50   1.50   4.00   4.00   8.00      3      2
429  17    5  -7.28 -28.72  11.90  31.93  68.11 255.77   1.50   1.50   4.00   4.00   8.00      3      2
430  17    5  -2.45 -29.52  11.90  31.93  68.11 265.25   1.50   1.50   4.00   4.00   8.00      3      2
431  17    5   2.44 -29.52  11.90  31.93  68.11 274.72   1.50   1.50   4.00   4.00   8.00      3      2
432  17    5   7.26 -28.72  11.90  31.93  68.11 284.19   1.50   1.50   4.00   4.00   8.00      3      2
433  17    5  11.89 -27.13  11.90  31.93  68.11 293.67   1.50   1.50   4.00   4.00   8.00      3      2
434  17    5  16.19 -24.81  11.90  31.93  68.11 303.14   1.50   1.50   4.00   4.00   8.00      3      2
435  17    5  20.06 -21.80  11.90  31.93  68.11 312.61   1.50   1.50   4.00   4.00   8.00      3      2
436  17    5  23.37 -18.20  11.90  31.93  68.11 322.09   1.50   1.50   4.00   4.00   8.00      3      2
437  17    5  26.05 -14.11  11.90  31.93  68.11 331.56   1.50   1.50   4.00   4.00   8.00      3      2
438  17    5  28.02  -9.63  11.90  31.93  68.11 341.03   1.50   1.50   4.00   4.00   8.00      3      2
439  17    5  29.22  -4.89  11.90  31.93  68.11 350.50   1.50   1.50   4.00   4.00   8.00      3      2
440  18    5  30.18   0.00  10.51  31.93  68.11   0.00   1.50   1.50   4.00   4.00   8.00      3      3
441  18    5  29.77   4.97  10.51  31.93  68.11   9.47   1.50   1.50   4.00   4.00   8.00      3      3
442  18    5  28.55   9.80  10.51  31.93  68.11  18.95   1.50   1.50   4.00   4.00   8.00      3      3
443  18    5  26.55  14.36  10.51  31.93  68.11  28.42   1.50   1.50   4.00   4.00   8.00      3      3
444  18    5  23.82  18.54  10.51  31.93  68.11  37.89   1.50   1.50   4.00   4.00   8.00      3      3
445  18    5  20.44  22.21  10.51  31.93  68.11  47.37   1.50   1.50   4.00   4.00   8.00      3      3
446  18    5  16.51  25.27  10.51  31.93  68.11  56.84   1.50   1.50   4.00   4.00   8.00      3      3
447  18    5  12.13  27.64  10.51  31.93  68.11  66.31   1.50   1.50   4.00   4.00   8.00      3      3
448  18    5   7.41  29.26  10.51  31.93  68.11  75.78   1.50   1.50   4.00   4.00   8.00      3      3
449  18    5   2.50  30.08  10.51  31.93  68.11  85.26   1.50   1.50   4.00   4.00   8.00      3      3
450  18    5  -2.49  30.08  10.51  31.93  68.11  94.73   1.50   1.50   4.00   4.00   8.00      3      3
451  18    5  -7.41  29.26  10.51  31.93  68.11 104.20   1.50   1.50   4.00   4.00   8.00      3      3
452  18    5 -12.12  27.64  10.51  31.93  68.11 113.68   1.50   1.50   4.00   4.00   8.00      3      3
453  18    5 -16.51  25.27  10.51  31.93  68.11 123.15   1.50   1.50   4.00   4.00   8.00      3      3
454  18    5 -20.44  22.21  10.51  31.93  68.11 132.62   1.50   1.50   4.00   4.00   8.00      3      3
455  18    5 -23.82  18.54  10.51  31.93  68.11 142.10   1.50   1.50   4.00   4.00   8.00      3      3
456  18    5 -26.54  14.37  10.51  31.93  68.11 151.57   1.50   1.50   4.00   4.00   8.00      3      3
457  18    5 -28.55   9.81  10.51  31.93  68.11 161.04   1.50   1.50   4.00   4.00   8.00      3      3
458  18    5 -29.77   4.97  10.51  31.93  68.11 170.52   1.50   1.50   4.00   4.00   8.00      3      3
459  18    5 -30.18   0.01  10.51  31.93  68.11 179.99   1.50   1.50   4.00   4.00   8.00      3      3
460  18    5 -29.77  -4.96  10.51  31.93  68.11 189.46   1.50   1.50   4.00   4.00   8.00      3      3
461  18    5 -28.55  -9.79  10.51  31.93  68.11 198.94   1.50   1.50   4.00   4.00   8.00      3      3
462  18    5 -26.55 -14.36  10.51  31.93  68.11 208.41   1.50   1.50   4.00   4.00   8.00      3      3
463  18    5 -23.82 -18.53  10.51  31.93  68.11 217.88   1.50   1.50   4.00   4.00   8.00      3      3
464  18    5 -20.45 -22.20  10.51  31.93  68.11 227.35   1.50   1.50   4.00   4.00   8.00      3      3
465  18    5 -16.52 -25.26  10.51  31.93  68.11 236.83   1.50   1.50   4.00   4.00   8.00      3      3
466  18    5 -12.13 -27.64  10.51  31.93  68.11 246.30   1.50   1.50   4.00   4.00   8.00      3      3
467  18    5  -7.42 -29.26  10.51  31.93  68.11 255.77   1.50   1.50   4.00   4.00   8.00      3      3
468  18    5  -2.50 -30.08  10.51  31.93  68.11 265.25   1.50   1.50   4.00   4.00   8.00      3      3
469  18    5   2.48 -30.08  10.51  31.93  68.11 274.72   1.50   1.50   4.00   4.00   8.00      3      3
470  18    5   7.40 -29.26  10.51  31.93  68.11 284.19   1.50   1.50   4.00   4.00   8.00      3      3
471  18    5  12.12 -27.65  10.51  31.93  68.11 293.67   1.50   1.50   4.00   4.00   8.00      3      3
472  18    5  16.50 -25.27  10.51  31.93  68.11 303.14   1.50   1.50   4.00   4.00   8.00      3      3
473  18    5  20.44 -22.21  10.51  31.93  68.11 312.61   1.50   1.50   4.00   4.00   8.00      3      3
474  18    5  23.81 -18.55  10.51  31.93  68.11 322.09   1.50   1.50   4.00   4.00   8.00      3      3
475  18    5  26.54 -14.38  10.51  31.93  68.11 331.56   1.50   1.50   4.00   4.00   8.00      3      3
476  18    5  28.54  -9.81  10.51  31.93  68.11 341.03   1.50   1.50   4.00   4.00   8.00      3      3
477  18    5  29.77  -4.98  10.51  31.93  68.11 350.50   1.50   1.50   4.00   4.00   8.00      3      3
478  19    5  29.13   0.00   7.72  30.10  78.02   0.00   1.50   1.50   4.00   4.00   8.00      3      1
479  19    5  28.74   4.80   7.72  30.10  78.02   9.47   1.50   1.50   4.00   4.00   8.00      3      1
480  19    5  27.56   9.46   7.72  30.10  78.02  18.95   1.50   1.50   4.00   4.00   8.00      3      1
481  19    5  25.62  13.87   7.72  30.10  78.02  28.42   1.50   1.50   4.00   4.00   8.00      3      1
482  19    5  22.99  17.89   7.72  30.10  78.02  37.89   1.50   1.50   4.00   4.00   8.00      3      1
483  19    5  19.73  21.43   7.72  30.10  78.02  47.37   1.50   1.50   4.00   4.00   8.00      3      1
484  19    5  15.94  24.39   7.72  30.10  78.02  56.84   1.50   1.50   4.00   4.00   8.00      3      1
485  19    5  11.70  26.68   7.72  30.10  78.02  66.31   1.50   1.50   4.00   4.00   8.00      3      1
486  19    5   7.15  28.24   7.72  30.10  78.02  75.79   1.50   1.50   4.00   4.00   8.00      3      1
487  19    5   2.41  29.03   7.72  30.10  78.02  85.26   1.50   1.50   4.00   4.00   8.00      3      1
488  19    5  -2.40  29.03   7.72  30.10  78.02  94.73   1.50   1.50   4.00   4.00   8.00      3      1
489  19    5  -7.15  28.24   7.72  30.10  78.02 104.21   1.50   1.50   4.00   4.00   8.00      3      1
490  19    5 -11.70  26.68   7.72  30.10  78.02 113.68   1.50   1.50   4.00   4.00   8.00      3      1
491  19    5 -15.93  24.39   7.72  30.10  78.02 123.15   1.50   1.50   4.00   4.00   8.00      3      1
492  19    5 -19.73  21.44   7.72  30.10  78.02 132.63   1.50   1.50   4.00   4.00   8.00      3      1
493  19    5 -22.99  17.90   7.72  30.10  78.02 142.10   1.50   1.50   4.00   4.00   8.00      3      1
494  19    5 -25.62  13.87   7.72  30.10  78.02 151.57   1.50   1.50   4.00   4.00   8.00      3      1
495  19    5 -27.55   9.46   7.72  30.10  78.02 161.05   1.50   1.50   4.00   4.00   8.00      3      1
496  19    5 -28.74   4.80   7.72  30.10  78.02 170.52   1.50   1.50   4.00   4.00   8.00      3      1
497  19    5 -29.13   0.00   7.72  30.10  78.02 179.99   1.50   1.50   4.00   4.00   8.00      3      1
498  19    5 -28.74  -4.79   7.72  30.10  78.02 189.47   1.50   1.50   4.00   4.00   8.00      3      1
499  19    5 -27.56  -9.46   7.72  30.10  78.02 198.94   1.50   1.50   4.00   4.00   8.00      3      1
500  19    5 -25.62 -13.86   7.72  30.10  78.02 208.41   1.50   1.50   4.00   4.00   8.00      3      1
501  19    5 -22.99 -17.89   7.72  30.10  78.02 217.89   1.50   1.50   4.00   4.00   8.00      3      1
502  19    5 -19.74 -21.43   7.72  30.10  78.02 227.36   1.50   1.50   4.00   4.00   8.00      3      1
503  19    5 -15.94 -24.39   7.72  30.10  78.02 236.83   1.50   1.50   4.00   4.00   8.00      3      1
504  19    5 -11.71 -26.68   7.72  30.10  78.02 246.30   1.50   1.50   4.00   4.00   8.00      3      1
505  19    5  -7.16 -28.24   7.72  30.10  78.02 255.78   1.50   1.50   4.00   4.00   8.00      3      1
506  19    5  -2.41 -29.03   7.72  30.10  78.02 265.25   1.50   1.50   4.00   4.00   8.00      3      1
507  19    5   2.40 -29.03   7.72  30.10  78.02 274.72   1.50   1.50   4.00   4.00   8.00      3      1
508  19    5   7.15 -28.24   7.72  30.10  78.02 284.20   1.50   1.50   4.00   4.00   8.00      3      1
509  19    5  11.70 -26.68   7.72  30.10  78.02 293.67   1.50   1.50   4.00   4.00   8.00      3      1
510  19    5  15.93 -24.39   7.72  30.10  78.02 303.14   1.50   1.50   4.00   4.00   8.00      3      1
511  19    5  19.73 -21.44   7.72  30.10  78.02 312.62   1.50   1.50   4.00   4.00   8.00      3      1
512  19    5  22.99 -17.90   7.72  30.10  78.02 322.09   1.50   1.50   4.00   4.00   8.00      3      1
513  19    5  25.62 -13.87   7.72  30.10  78.02 331.56   1.50   1.50   4.00   4.00   8.00      3      1
514  19    5  27.55  -9.47   7.72  30.10  78.02 341.04   1.50   1.50   4.00   4.00   8.00      3      1
515  19    5  28.74  -4.80   7.72  30.10  78.02 350.51   1.50   1.50   4.00   4.00   8.00      3      1
516  20    5  29.45   0.00   6.25  30.10  78.02   0.00   1.50   1.50   4.00   4.00   8.00      3      2
517  20    5  29.04   4.85   6.25  30.10  78.02   9.47   1.50   1.50   4.00   4.00   8.00      3      2
518  20    5  27.85   9.56   6.25  30.10  78.02  18.95   1.50   1.50   4.00   4.00   8.00      3      2
519  20    5  25.90  14.01   6.25  30.10  78.02  28.42   1.50   1.50   4.00   4.00   8.00      3      2
520  20    5  23.24  18.08   6.25  30.10  78.02  37.89   1.50   1.50   4.00   4.00   8.00      3      2
521  20    5  19.94  21.66   6.25  30.10  78.02  47.37   1.50   1.50   4.00   4.00   8.00      3      2
522  20    5  16.11  24.65   6.25  30.10  78.02  56.84   1.50   1.50   4.00   4.00   8.00      3      2
523  20    5  11.83  26.96   6.25  30.10  78.02  66.31   1.50   1.50   4.00   4.00   8.00      3      2
524  20    5   7.23  28.54   6.25  30.10  78.02  75.79   1.50   1.50   4.00   4.00   8.00      3      2
525  20    5   2.43  29.34   6.25  30.10  78.02  85.26   1.50   1.50   4.00   4.00   8.00      3      2
526  20    5  -2.43  29.34   6.25  30.10  78.02  94.73   1.50   1.50   4.00   4.00   8.00      3      2
527  20    5  -7.23  28.54   6.25  30.10  78.02 104.21   1.50   1.50   4.00   4.00   8.00      3      2
528  20    5 -11.83  26.97   6.25  30.10  78.02 113.68   1.50   1.50   4.00   4.00   8.00      3      2
529  20    5 -16.10  24.65   6.25  30.10  78.02 123.15   1.50   1.50   4.00   4.00   8.00      3      2
530  20    5 -19.94  21.67   6.25  30.10  78.02 132.63   1.50   1.50   4.00   4.00   8.00      3      2
531  20    5 -23.23  18.09   6.25  30.10  78.02 142.10   1.50   1.50   4.00   4.00   8.00      3      2
532  20    5 -25.89  14.02   6.25  30.10  78.02 151.57   1.50   1.50   4.00   4.00   8.00      3      2
533  20    5 -27.85   9.56   6.25  30.10  78.02 161.05   1.50   1.50   4.00   4.00   8.00      3      2
534  20    5 -29.04   4.85   6.25  30.10  78.02 170.52   1.50   1.50   4.00   4.00   8.00      3      2
535  20    5 -29.45   0.00   6.25  30.10  78.02 179.99   1.50   1.50   4.00   4.00   8.00      3      2
536  20    5 -29.04  -4.84   6.25  30.10  78.02 189.47   1.50   1.50   4.00   4.00   8.00      3      2
537  20    5 -27.85  -9.56   6.25  30.10  78.02 198.94   1.50   1.50   4.00   4.00   8.00      3      2
538  20    5 -25.90 -14.01   6.25  30.10  78.02 208.41   1.50   1.50   4.00   4.00   8.00      3      2
539  20    5 -23.24 -18.08   6.25  30.10  78.02 217.89   1.50   1.50   4.00   4.00   8.00      3      2
540  20    5 -19.95 -21.66   6.25  30.10  78.02 227.36   1.50   1.50   4.00   4.00   8.00      3      2
541  20    5 -16.11 -24.65   6.25  30.10  78.02 236.83   1.50   1.50   4.00   4.00   8.00      3      2
542  20    5 -11.83 -26.96   6.25  30.10  78.02 246.30   1.50   1.50   4.00   4.00   8.00      3      2
543  20    5  -7.23 -28.54   6.25  30.10  78.02 255.78   1.50   1.50   4.00   4.00   8.00      3      2
544  20    5  -2.44 -29.34   6.25  30.10  78.02 265.25   1.50   1.50   4.00   4.00   8.00      3      2
545  20    5   2.43 -29.35   6.25  30.10  78.02 274.72   1.50   1.50   4.00   4.00   8.00      3      2
546  20    5   7.22 -28.55   6.25  30.10  78.02 284.20   1.50   1.50   4.00   4.00   8.00      3      2
547  20    5  11.82 -26.97   6.25  30.10  78.02 293.67   1.50   1.50   4.00   4.00   8.00      3      2
548  20    5  16.10 -24.65   6.25  30.10  78.02 303.14   1.50   1.50   4.00   4.00   8.00      3      2
549  20    5  19.94 -21.67   6.25  30.10  78.02 312.62   1.50   1.50   4.00   4.00   8.00      3      2
550  20    5  23.23 -18.09   6.25  30.10  78.02 322.09   1.50   1.50   4.00   4.00   8.00      3      2
551  20    5  25.89 -14.02   6.25  30.10  78.02 331.56   1.50   1.50   4.00   4.00   8.00      3      2
552  20    5  27.85  -9.57   6.25  30.10  78.02 341.04   1.50   1.50   4.00   4.00   8.00      3      2
553  20    5  29.04  -4.85   6.25  30.10  78.02 350.51   1.50   1.50   4.00   4.00   8.00      3      2
554  21    5  29.76   0.00   4.78  30.10  78.02   0.00   1.50   1.50   4.00   4.00   8.00      3      3
555  21    5  29.35   4.90   4.78  30.10  78.02   9.47   1.50   1.50   4.00   4.00   8.00      3      3
556  21    5  28.14   9.66   4.78  30.10  78.02  18.95   1.50   1.50   4.00   4.00   8.00      3      3
557  21    5  26.17  14.16   4.78  30.10  78.02  28.42   1.50   1.50   4.00   4.00   8.00      3      3
558  21    5  23.48  18.28   4.78  30.10  78.02  37.89   1.50   1.50   4.00   4.00   8.00      3      3
559  21    5  20.15  21.89   4.78  30.10  78.02  47.37   1.50   1.50   4.00   4.00   8.00      3      3
560  21    5  16.28  24.91   4.78  30.10  78.02  56.84   1.50   1.50   4.00   4.00   8.00      3      3
561  21    5  11.95  27.25   4.78  30.10  78.02  66.31   1.50   1.50   4.00   4.00   8.00      3      3
562  21    5   7.31  28.85   4.78  30.10  78.02  75.79   1.50   1.50   4.00   4.00   8.00      3      3
563  21    5   2.46  29.65   4.78  30.10  78.02  85.26   1.50   1.50   4.00   4.00   8.00      3      3
564  21    5  -2.46  29.66   4.78  30.10  78.02  94.73   1.50   1.50   4.00   4.00   8.00      3      3
565  21    5  -7.30  28.85   4.78  30.10  78.02 104.21   1.50   1.50   4.00   4.00   8.00      3      3
566  21    5 -11.95  27.25   4.78  30.10  78.02 113.68   1.50   1.50   4.00   4.00   8.00      3      3
567  21    5 -16.27  24.91   4.78  30.10  78.02 123.15   1.50   1.50   4.00   4.00   8.00      3      3
568  21    5 -20.15  21.89   4.78  30.10  78.02 132.63   1.50   1.50   4.00   4.00   8.00      3      3
569  21    5 -23.48  18.28   4.78  30.10  78.02 142.10   1.50   1.50   4.00   4.00   8.00      3      3
570  21    5 -26.17  14.17   4.78  30.10  78.02 151.57   1.50   1.50   4.00   4.00   8.00      3      3
571  21    5 -28.14   9.67   4.78  30.10  78.02 161.05   1.50   1.50   4.00   4.00   8.00      3      3
572  21    5 -29.35   4.90   4.78  30.10  78.02 170.52   1.50   1.50   4.00   4.00   8.00      3      3
573  21    5 -29.76   0.00   4.78  30.10  78.02 179.99   1.50   1.50   4.00   4.00   8.00      3      3
574  21    5 -29.35  -4.89   4.78  30.10  78.02 189.47   1.50   1.50   4.00   4.00   8.00      3      3
575  21    5 -28.15  -9.66   4.78  30.10  78.02 198.94   1.50   1.50   4.00   4.00   8.00      3      3
576  21    5 -26.17 -14.16   4.78  30.10  78.02 208.41   1.50   1.50   4.00   4.00   8.00      3      3
577  21    5 -23.49 -18.27   4.78  30.10  78.02 217.89   1.50   1.50   4.00   4.00   8.00      3      3
578  21    5 -20.16 -21.89   4.78  30.10  78.02 227.36   1.50   1.50   4.00   4.00   8.00      3      3
579  21    5 -16.28 -24.91   4.78  30.10  78.02 236.83   1.50   1.50   4.00   4.00   8.00      3      3
580  21    5 -11.96 -27.25   4.78  30.10  78.02 246.30   1.50   1.50   4.00   4.00   8.00      3      3
581  21    5  -7.31 -28.84   4.78  30.10  78.02 255.78   1.50   1.50   4.00   4.00   8.00      3      3
582  21    5  -2.46 -29.65   4.78  30.10  78.02 265.25   1.50   1.50   4.00   4.00   8.00      3      3
583  21    5   2.45 -29.66   4.78  30.10  78.02 274.72   1.50   1.50   4.00   4.00   8.00      3      3
584  21    5   7.30 -28.85   4.78  30.10  78.02 284.20   1.50   1.50   4.00   4.00   8.00      3      3
585  21    5  11.95 -27.25   4.78  30.10  78.02 293.67   1.50   1.50   4.00   4.00   8.00      3      3
586  21    5  16.27 -24.92   4.78  30.10  78.02 303.14   1.50   1.50   4.00   4.00   8.00      3      3
587  21    5  20.15 -21.90   4.78  30.10  78.02 312.62   1.50   1.50   4.00   4.00   8.00      3      3
588  21    5  23.48 -18.28   4.78  30.10  78.02 322.09   1.50   1.50   4.00   4.00   8.00      3      3
589  21    5  26.17 -14.17   4.78  30.10  78.02 331.56   1.50   1.50   4.00   4.00   8.00      3      3
590  21    5  28.14  -9.67   4.78  30.10  78.02 341.04   1.50   1.50   4.00   4.00   8.00      3      3
591  21    5  29.35  -4.91   4.78  30.10  78.02 350.51   1.50   1.50   4.00   4.00   8.00      3      3
592  22    5  27.75   0.00   2.11  27.79  88.74   0.00   1.50   1.50   4.00   4.00   8.00      3      1
593  22    5  27.33   4.82   2.11  27.79  88.74  10.00   1.50   1.50   4.00   4.00   8.00      3      1
594  22    5  26.08   9.49   2.11  27.79  88.74  20.00   1.50   1.50   4.00   4.00   8.00      3      1
595  22    5  24.03  13.87   2.11  27.79  88.74  30.00   1.50   1.50   4.00   4.00   8.00      3      1
596  22    5  21.26  17.84   2.11  27.79  88.74  40.00   1.50   1.50   4.00   4.00   8.00      3      1
597  22    5  17.84  21.26   2.11  27.79  88.74  50.00   1.50   1.50   4.00   4.00   8.00      3      1
598  22    5  13.88  24.03   2.11  27.79  88.74  60.00   1.50   1.50   4.00   4.00   8.00      3      1
599  22    5   9.49  26.07   2.11  27.79  88.74  69.99   1.50   1.50   4.00   4.00   8.00      3      1
600  22    5   4.82  27.33   2.11  27.79  88.74  79.99   1.50   1.50   4.00   4.00   8.00      3      1
601  22    5   0.00  27.75   2.11  27.79  88.74  89.99   1.50   1.50   4.00   4.00   8.00      3      1
602  22    5  -4.81  27.33   2.11  27.79  88.74  99.99   1.50   1.50   4.00   4.00   8.00      3      1
603  22    5  -9.49  26.08   2.11  27.79  88.74 109.99   1.50   1.50   4.00   4.00   8.00      3      1
604  22    5 -13.87  24.03   2.11  27.79  88.74 119.99   1.50   1.50   4.00   4.00   8.00      3      1
605  22    5 -17.83  21.26   2.11  27.79  88.74 129.99   1.50   1.50   4.00   4.00   8.00      3      1
606  22    5 -21.25  17.84   2.11  27.79  88.74 139.99   1.50   1.50   4.00   4.00   8.00      3      1
607  22    5 -24.03  13.88   2.11  27.79  88.74 149.99   1.50   1.50   4.00   4.00   8.00      3      1
608  22    5 -26.07   9.50   2.11  27.79  88.74 159.99   1.50   1.50   4.00   4.00   8.00      3      1
609  22    5 -27.33   4.82   2.11  27.79  88.74 169.99   1.50   1.50   4.00   4.00   8.00      3      1
610  22    5 -27.75   0.01   2.11  27.79  88.74 179.99   1.50   1.50   4.00   4.00   8.00      3      1
611  22    5 -27.33  -4.81   2.11  27.79  88.74 189.99   1.50   1.50   4.00   4.00   8.00      3      1
612  22    5 -26.08  -9.48   2.11  27.79  88.74 199.98   1.50   1.50   4.00   4.00   8.00      3      1
613  22    5 -24.04 -13.87   2.11  27.79  88.74 209.98   1.50   1.50   4.00   4.00   8.00      3      1
614  22    5 -21.26 -17.83   2.11  27.79  88.74 219.98   1.50   1.50   4.00   4.00   8.00      3      1
615  22    5 -17.84 -21.25   2.11  27.79  88.74 229.98   1.50   1.50   4.00   4.00   8.00      3      1
616  22    5 -13.88 -24.03   2.11  27.79  88.74 239.98   1.50   1.50   4.00   4.00   8.00      3      1
617  22    5  -9.50 -26.07   2.11  27.79  88.74 249.98   1.50   1.50   4.00   4.00   8.00      3      1
618  22    5  -4.83 -27.33   2.11  27.79  88.74 259.98   1.50   1.50   4.00   4.00   8.00      3      1
619  22    5  -0.01 -27.75   2.11  27.79  88.74 269.98   1.50   1.50   4.00   4.00   8.00      3      1
620  22    5   4.81 -27.33   2.11  27.79  88.74 279.98   1.50   1.50   4.00   4.00   8.00      3      1
621  22    5   9.48 -26.08   2.11  27.79  88.74 289.98   1.50   1.50   4.00   4.00   8.00      3      1
622  22    5  13.86 -24.04   2.11  27.79  88.74 299.98   1.50   1.50   4.00   4.00   8.00      3      1
623  22    5  17.83 -21.26   2.11  27.79  88.74 309.98   1.50   1.50   4.00   4.00   8.00      3      1
624  22    5  21.25 -17.85   2.11  27.79  88.74 319.98   1.50   1.50   4.00   4.00   8.00      3      1
625  22    5  24.03 -13.89   2.11  27.79  88.74 329.97   1.50   1.50   4.00   4.00   8.00      3      1
626  22    5  26.07  -9.50   2.11  27.79  88.74 339.97   1.50   1.50   4.00   4.00   8.00      3      1
627  22    5  27.33  -4.83   2.11  27.79  88.74 349.97   1.50   1.50   4.00   4.00   8.00      3      1
628  23    5  27.78   0.00   0.61  27.79  88.74   0.00   1.50   1.50   4.00   4.00   8.00      3      2
629  23    5  27.36   4.82   0.61  27.79  88.74  10.00   1.50   1.50   4.00   4.00   8.00      3      2
630  23    5  26.11   9.50   0.61  27.79  88.74  20.00   1.50   1.50   4.00   4.00   8.00      3      2
631  23    5  24.06  13.89   0.61  27.79  88.74  30.00   1.50   1.50   4.00   4.00   8.00      3      2
632  23    5  21.28  17.86   0.61  27.79  88.74  40.00   1.50   1.50   4.00   4.00   8.00      3      2
633  23    5  17.86  21.28   0.61  27.79  88.74  50.00   1.50   1.50   4.00   4.00   8.00      3      2
634  23    5  13.89  24.06   0.61  27.79  88.74  60.00   1.50   1.50   4.00   4.00   8.00      3      2
635  23    5   9.50  26.11   0.61  27.79  88.74  69.99   1.50   1.50   4.00   4.00   8.00      3      2
636  23    5   4.83  27.36   0.61  27.79  88.74  79.99   1.50   1.50   4.00   4.00   8.00      3      2
637  23    5   0.00  27.78   0.61  27.79  88.74  89.99   1.50   1.50   4.00   4.00   8.00      3      2
638  23    5  -4.82  27.36   0.61  27.79  88.74  99.99   1.50   1.50   4.00   4.00   8.00      3      2
639  23    5  -9.50  26.11   0.61  27.79  88.74 109.99   1.50   1.50   4.00   4.00   8.00      3      2
640  23    5 -13.89  24.06   0.61  27.79  88.74 119.99   1.50   1.50   4.00   4.00   8.00      3      2
641  23    5 -17.85  21.29   0.61  27.79  88.74 129.99   1.50   1.50   4.00   4.00   8.00      3      2
642  23    5 -21.28  17.86   0.61  27.79  88.74 139.99   1.50   1.50   4.00   4.00   8.00      3      2
643  23    5 -24.06  13.90   0.61  27.79  88.74 149.99   1.50   1.50   4.00   4.00   8.00      3      2
644  23    5 -26.10   9.51   0.61  27.79  88.74 159.99   1.50   1.50   4.00   4.00   8.00      3      2
645  23    5 -27.36   4.83   0.61  27.79  88.74 169.99   1.50   1.50   4.00   4.00   8.00      3      2
646  23    5 -27.78   0.01   0.61  27.79  88.74 179.99   1.50   1.50   4.00   4.00   8.00      3      2
647  23    5 -27.36  -4.82   0.61  27.79  88.74 189.99   1.50   1.50   4.00   4.00   8.00      3      2
648  23    5 -26.11  -9.50   0.61  27.79  88.74 199.98   1.50   1.50   4.00   4.00   8.00      3      2
649  23    5 -24.06 -13.88   0.61  27.79  88.74 209.98   1.50   1.50   4.00   4.00   8.00      3      2
650  23    5 -21.29 -17.85   0.61  27.79  88.74 219.98   1.50   1.50   4.00   4.00   8.00      3      2
651  23    5 -17.86 -21.28   0.61  27.79  88.74 229.98   1.50   1.50   4.00   4.00   8.00      3      2
652  23    5 -13.90 -24.06   0.61  27.79  88.74 239.98   1.50   1.50   4.00   4.00   8.00      3      2
653  23    5  -9.51 -26.10   0.61  27.79  88.74 249.98   1.50   1.50   4.00   4.00   8.00      3      2
654  23    5  -4.83 -27.36   0.61  27.79  88.74 259.98   1.50   1.50   4.00   4.00   8.00      3      2
655  23    5  -0.01 -27.78   0.61  27.79  88.74 269.98   1.50   1.50   4.00   4.00   8.00      3      2
656  23    5   4.81 -27.36   0.61  27.79  88.74 279.98   1.50   1.50   4.00   4.00   8.00      3      2
657  23    5   9.49 -26.11   0.61  27.79  88.74 289.98   1.50   1.50   4.00   4.00   8.00      3      2
658  23    5  13.88 -24.07   0.61  27.79  88.74 299.98   1.50   1.50   4.00   4.00   8.00      3      2
659  23    5  17.85 -21.29   0.61  27.79  88.74 309.98   1.50   1.50   4.00   4.00   8.00      3      2
660  23    5  21.27 -17.87   0.61  27.79  88.74 319.98   1.50   1.50   4.00   4.00   8.00      3      2
661  23    5  24.05 -13.90   0.61  27.79  88.74 329.97   1.50   1.50   4.00   4.00   8.00      3      2
662  23    5  26.10  -9.51   0.61  27.79  88.74 339.97   1.50   1.50   4.00   4.00   8.00      3      2
663  23    5  27.36  -4.84   0.61  27.79  88.74 349.97   1.50   1.50   4.00   4.00   8.00      3      2
664  24    5  27.82   0.00  -0.89  27.79  88.74   0.00   1.50   1.50   4.00   4.00   8.00      3      3
665  24    5  27.39   4.83  -0.89  27.79  88.74  10.00   1.50   1.50   4.00   4.00   8.00      3      3
666  24    5  26.14   9.51  -0.89  27.79  88.74  20.00   1.50   1.50   4.00   4.00   8.00      3      3
667  24    5  24.09  13.91  -0.89  27.79  88.74  30.00   1.50   1.50   4.00   4.00   8.00      3      3
668  24    5  21.31  17.88  -0.89  27.79  88.74  40.00   1.50   1.50   4.00   4.00   8.00      3      3
669  24    5  17.88  21.31  -0.89  27.79  88.74  50.00   1.50   1.50   4.00   4.00   8.00      3      3
670  24    5  13.91  24.09  -0.89  27.79  88.74  60.00   1.50   1.50   4.00   4.00   8.00      3      3
671  24    5   9.52  26.14  -0.89  27.79  88.74  69.99   1.50   1.50   4.00   4.00   8.00      3      3
672  24    5   4.83  27.39  -0.89  27.79  88.74  79.99   1.50   1.50   4.00   4.00   8.00      3      3
673  24    5   0.00  27.82  -0.89  27.79  88.74  89.99   1.50   1.50   4.00   4.00   8.00      3      3
674  24    5  -4.83  27.39  -0.89  27.79  88.74  99.99   1.50   1.50   4.00   4.00   8.00      3      3
675  24    5  -9.51  26.14  -0.89  27.79  88.74 109.99   1.50   1.50   4.00   4.00   8.00      3      3
676  24    5 -13.90  24.09  -0.89  27.79  88.74 119.99   1.50   1.50   4.00   4.00   8.00      3      3
677  24    5 -17.88  21.31  -0.89  27.79  88.74 129.99   1.50   1.50   4.00   4.00   8.00      3      3
678  24    5 -21.30  17.88  -0.89  27.79  88.74 139.99   1.50   1.50   4.00   4.00   8.00      3      3
679  24    5 -24.09  13.91  -0.89  27.79  88.74 149.99   1.50   1.50   4.00   4.00   8.00      3      3
680  24    5 -26.14   9.52  -0.89  27.79  88.74 159.99   1.50   1.50   4.00   4.00   8.00      3      3
681  24    5 -27.39   4.84  -0.89  27.79  88.74 169.99   1.50   1.50   4.00   4.00   8.00      3      3
682  24    5 -27.82   0.01  -0.89  27.79  88.74 179.99   1.50   1.50   4.00   4.00   8.00      3      3
683  24    5 -27.39  -4.82  -0.89  27.79  88.74 189.99   1.50   1.50   4.00   4.00   8.00      3      3
684  24    5 -26.14  -9.51  -0.89  27.79  88.74 199.98   1.50   1.50   4.00   4.00   8.00      3      3
685  24    5 -24.09 -13.90  -0.89  27.79  88.74 209.98   1.50   1.50   4.00   4.00   8.00      3      3
686  24    5 -21.31 -17.87  -0.89  27.79  88.74 219.98   1.50   1.50   4.00   4.00   8.00      3      3
687  24    5 -17.89 -21.30  -0.89  27.79  88.74 229.98   1.50   1.50   4.00   4.00   8.00      3      3
688  24    5 -13.92 -24.08  -0.89  27.79  88.74 239.98   1.50   1.50   4.00   4.00   8.00      3      3
689  24    5  -9.52 -26.13  -0.89  27.79  88.74 249.98   1.50   1.50   4.00   4.00   8.00      3      3
690  24    5  -4.84 -27.39  -0.89  27.79  88.74 259.98   1.50   1.50   4.00   4.00   8.00      3      3
691  24    5  -0.01 -27.82  -0.89  27.79  88.74 269.98   1.50   1.50   4.00   4.00   8.00      3      3
692  24    5   4.82 -27.39  -0.89  27.79  88.74 279.98   1.50   1.50   4.00   4.00   8.00      3      3
693  24    5   9.50 -26.14  -0.89  27.79  88.74 289.98   1.50   1.50   4.00   4.00   8.00      3      3
694  24    5  13.90 -24.09  -0.89  27.79  88.74 299.98   1.50   1.50   4.00   4.00   8.00      3      3
695  24    5  17.87 -21.32  -0.89  27.79  88.74 309.98   1.50   1.50   4.00   4.00   8.00      3      3
696  24    5  21.30 -17.89  -0.89  27.79  88.74 319.98   1.50   1.50   4.00   4.00   8.00      3      3
697  24    5  24.08 -13.92  -0.89  27.79  88.74 329.97   1.50   1.50   4.00   4.00   8.00      3      3
698  24    5  26.13  -9.53  -0.89  27.79  88.74 339.97   1.50   1.50   4.00   4.00   8.00      3      3
699  24    5  27.39  -4.84  -0.89  27.79  88.74 349.97   1.50   1.50   4.00   4.00   8.00      3      3
700  25    5  25.39   0.00  -3.05  25.56  98.54   0.00   1.50   1.50   4.00   4.00   8.00      2      1
701  25    5  24.90   4.95  -3.05  25.56  98.54  11.25   1.50   1.50   4.00   4.00   8.00      2      1
702  25    5  23.46   9.71  -3.05  25.56  98.54  22.50   1.50   1.50   4.00   4.00   8.00      2      1
703  25    5  21.11  14.10  -3.05  25.56  98.54  33.75   1.50   1.50   4.00   4.00   8.00      2      1
704  25    5  17.95  17.95  -3.05  25.56  98.54  45.00   1.50   1.50   4.00   4.00   8.00      2      1
705  25    5  14.11  21.11  -3.05  25.56  98.54  56.25   1.50   1.50   4.00   4.00   8.00      2      1
706  25    5   9.72  23.45  -3.05  25.56  98.54  67.49   1.50   1.50   4.00   4.00   8.00      2      1
707  25    5   4.96  24.90  -3.05  25.56  98.54  78.74   1.50   1.50   4.00   4.00   8.00      2      1
708  25    5   0.00  25.39  -3.05  25.56  98.54  89.99   1.50   1.50   4.00   4.00   8.00      2      1
709  25    5  -4.95  24.90  -3.05  25.56  98.54 101.24   1.50   1.50   4.00   4.00   8.00      2      1
710  25    5  -9.71  23.46  -3.05  25.56  98.54 112.49   1.50   1.50   4.00   4.00   8.00      2      1
711  25    5 -14.10  21.11  -3.05  25.56  98.54 123.74   1.50   1.50   4.00   4.00   8.00      2      1
712  25    5 -17.95  17.96  -3.05  25.56  98.54 134.99   1.50   1.50   4.00   4.00   8.00      2      1
713  25    5 -21.11  14.11  -3.05  25.56  98.54 146.24   1.50   1.50   4.00   4.00   8.00      2      1
714  25    5 -23.45   9.72  -3.05  25.56  98.54 157.49   1.50   1.50   4.00   4.00   8.00      2      1
715  25    5 -24.90   4.96  -3.05  25.56  98.54 168.74   1.50   1.50   4.00   4.00   8.00      2      1
716  25    5 -25.39   0.01  -3.05  25.56  98.54 179.99   1.50   1.50   4.00   4.00   8.00      2      1
717  25    5 -24.90  -4.95  -3.05  25.56  98.54 191.23   1.50   1.50   4.00   4.00   8.00      2      1
718  25    5 -23.46  -9.71  -3.05  25.56  98.54 202.48   1.50   1.50   4.00   4.00   8.00      2      1
719  25    5 -21.11 -14.10  -3.05  25.56  98.54 213.73   1.50   1.50   4.00   4.00   8.00      2      1
720  25    5 -17.96 -17.95  -3.05  25.56  98.54 224.98   1.50   1.50   4.00   4.00   8.00      2      1
721  25    5 -14.11 -21.10  -3.05  25.56  98.54 236.23   1.50   1.50   4.00   4.00   8.00      2      1
722  25    5  -9.72 -23.45  -3.05  25.56  98.54 247.48   1.50   1.50   4.00   4.00   8.00      2      1
723  25    5  -4.96 -24.90  -3.05  25.56  98.54 258.73   1.50   1.50   4.00   4.00   8.00      2      1
724  25    5  -0.01 -25.39  -3.05  25.56  98.54 269.98   1.50   1.50   4.00   4.00   8.00      2      1
725  25    5   4.94 -24.90  -3.05  25.56  98.54 281.23   1.50   1.50   4.00   4.00   8.00      2      1
726  25    5   9.71 -23.46  -3.05  25.56  98.54 292.48   1.50   1.50   4.00   4.00   8.00      2      1
727  25    5  14.10 -21.12  -3.05  25.56  98.54 303.73   1.50   1.50   4.00   4.00   8.00      2      1
728  25    5  17.94 -17.96  -3.05  25.56  98.54 314.97   1.50   1.50   4.00   4.00   8.00      2      1
729  25    5  21.10 -14.11  -3.05  25.56  98.54 326.22   1.50   1.50   4.00   4.00   8.00      2      1
730  25    5  23.45  -9.73  -3.05  25.56  98.54 337.47   1.50   1.50   4.00   4.00   8.00      2      1
731  25    5  24.90  -4.97  -3.05  25.56  98.54 348.72   1.50   1.50   4.00   4.00   8.00      2      1
732  26    5  25.17   0.00  -4.54  25.56  98.54   0.00   1.50   1.50   4.00   4.00   8.00      2      2
733  26    5  24.68   4.91  -4.54  25.56  98.54  11.25   1.50   1.50   4.00   4.00   8.00      2      2
734  26    5  23.25   9.63  -4.54  25.56  98.54  22.50   1.50   1.50   4.00   4.00   8.00      2      2
735  26    5  20.92  13.98  -4.54  25.56  98.54  33.75   1.50   1.50   4.00   4.00   8.00      2      2
736  26    5  17.80  17.79  -4.54  25.56  98.54  45.00   1.50   1.50   4.00   4.00   8.00      2      2
737  26    5  13.98  20.92  -4.54  25.56  98.54  56.25   1.50   1.50   4.00   4.00   8.00      2      2
738  26    5   9.63  23.25  -4.54  25.56  98.54  67.49   1.50   1.50   4.00   4.00   8.00      2      2
739  26    5   4.91  24.68  -4.54  25.56  98.54  78.74   1.50   1.50   4.00   4.00   8.00      2      2
740  26    5   0.00  25.17  -4.54  25.56  98.54  89.99   1.50   1.50   4.00   4.00   8.00      2      2
741  26    5  -4.91  24.68  -4.54  25.56  98.54 101.24   1.50   1.50   4.00   4.00   8.00      2      2
742  26    5  -9.63  23.25  -4.54  25.56  98.54 112.49   1.50   1.50   4.00   4.00   8.00      2      2
743  26    5 -13.98  20.93  -4.54  25.56  98.54 123.74   1.50   1.50   4.00   4.00   8.00      2      2
744  26    5 -17.79  17.80  -4.54  25.56  98.54 134.99   1.50   1.50   4.00   4.00   8.00      2      2
745  26    5 -20.92  13.99  -4.54  25.56  98.54 146.24   1.50   1.50   4.00   4.00   8.00      2      2
746  26    5 -23.25   9.64  -4.54  25.56  98.54 157.49   1.50   1.50   4.00   4.00   8.00      2      2
747  26    5 -24.68   4.92  -4.54  25.56  98.54 168.74   1.50   1.50   4.00   4.00   8.00      2      2
748  26    5 -25.17   0.01  -4.54  25.56  98.54 179.99   1.50   1.50   4.00   4.00   8.00      2      2
749  26    5 -24.68  -4.90  -4.54  25.56  98.54 191.23   1.50   1.50   4.00   4.00   8.00      2      2
750  26    5 -23.25  -9.62  -4.54  25.56  98.54 202.48   1.50   1.50   4.00   4.00   8.00      2      2
751  26    5 -20.93 -13.97  -4.54  25.56  98.54 213.73   1.50   1.50   4.00   4.00   8.00      2      2
752  26    5 -17.80 -17.79  -4.54  25.56  98.54 224.98   1.50   1.50   4.00   4.00   8.00      2      2
753  26    5 -13.99 -20.92  -4.54  25.56  98.54 236.23   1.50   1.50   4.00   4.00   8.00      2      2
754  26    5  -9.64 -23.25  -4.54  25.56  98.54 247.48   1.50   1.50   4.00   4.00   8.00      2      2
755  26    5  -4.92 -24.68  -4.54  25.56  98.54 258.73   1.50   1.50   4.00   4.00   8.00      2      2
756  26    5  -0.01 -25.17  -4.54  25.56  98.54 269.98   1.50   1.50   4.00   4.00   8.00      2      2
757  26    5   4.90 -24.68  -4.54  25.56  98.54 281.23   1.50   1.50   4.00   4.00   8.00      2      2
758  26    5   9.62 -23.25  -4.54  25.56  98.54 292.48   1.50   1.50   4.00   4.00   8.00      2      2
759  26    5  13.97 -20.93  -4.54  25.56  98.54 303.73   1.50   1.50   4.00   4.00   8.00      2      2
760  26    5  17.79 -17.80  -4.54  25.56  98.54 314.97   1.50   1.50   4.00   4.00   8.00      2      2
761  26    5  20.92 -13.99  -4.54  25.56  98.54 326.22   1.50   1.50   4.00   4.00   8.00      2      2
762  26    5  23.25  -9.64  -4.54  25.56  98.54 337.47   1.50   1.50   4.00   4.00   8.00      2      2
763  26    5  24.68  -4.92  -4.54  25.56  98.54 348.72   1.50   1.50   4.00   4.00   8.00      2      2
764  27    5  22.95   0.00  -6.39  23.81 107.37   0.00   1.50   1.50   4.00   4.00   8.00      2      1
765  27    5  22.38   5.11  -6.39  23.81 107.37  12.86   1.50   1.50   4.00   4.00   8.00      2      1
766  27    5  20.68   9.96  -6.39  23.81 107.37  25.71   1.50   1.50   4.00   4.00   8.00      2      1
767  27    5  17.94  14.31  -6.39  23.81 107.37  38.57   1.50   1.50   4.00   4.00   8.00      2      1
768  27    5  14.31  17.94  -6.39  23.81 107.37  51.42   1.50   1.50   4.00   4.00   8.00      2      1
769  27    5   9.96  20.68  -6.39  23.81 107.37  64.28   1.50   1.50   4.00   4.00   8.00      2      1
770  27    5   5.11  22.37  -6.39  23.81 107.37  77.14   1.50   1.50   4.00   4.00   8.00      2      1
771  27    5   0.00  22.95  -6.39  23.81 107.37  89.99   1.50   1.50   4.00   4.00   8.00      2      1
772  27    5  -5.10  22.38  -6.39  23.81 107.37 102.85   1.50   1.50   4.00   4.00   8.00      2      1
773  27    5  -9.95  20.68  -6.39  23.81 107.37 115.70   1.50   1.50   4.00   4.00   8.00      2      1
774  27    5 -14.31  17.95  -6.39  23.81 107.37 128.56   1.50   1.50   4.00   4.00   8.00      2      1
775  27    5 -17.94  14.31  -6.39  23.81 107.37 141.42   1.50   1.50   4.00   4.00   8.00      2      1
776  27    5 -20.68   9.96  -6.39  23.81 107.37 154.27   1.50   1.50   4.00   4.00   8.00      2      1
777  27    5 -22.37   5.11  -6.39  23.81 107.37 167.13   1.50   1.50   4.00   4.00   8.00      2      1
778  27    5 -22.95   0.01  -6.39  23.81 107.37 179.98   1.50   1.50   4.00   4.00   8.00      2      1
779  27    5 -22.38  -5.10  -6.39  23.81 107.37 192.84   1.50   1.50   4.00   4.00   8.00      2      1
780  27    5 -20.68  -9.95  -6.39  23.81 107.37 205.70   1.50   1.50   4.00   4.00   8.00      2      1
781  27    5 -17.95 -14.30  -6.39  23.81 107.37 218.55   1.50   1.50   4.00   4.00   8.00      2      1
782  27    5 -14.32 -17.94  -6.39  23.81 107.37 231.41   1.50   1.50   4.00   4.00   8.00      2      1
783  27    5  -9.97 -20.67  -6.39  23.81 107.37 244.26   1.50   1.50   4.00   4.00   8.00      2      1
784  27    5  -5.12 -22.37  -6.39  23.81 107.37 257.12   1.50   1.50   4.00   4.00   8.00      2      1
785  27    5  -0.01 -22.95  -6.39  23.81 107.37 269.98   1.50   1.50   4.00   4.00   8.00      2      1
786  27    5   5.10 -22.38  -6.39  23.81 107.37 282.83   1.50   1.50   4.00   4.00   8.00      2      1
787  27    5   9.95 -20.68  -6.39  23.81 107.37 295.69   1.50   1.50   4.00   4.00   8.00      2      1
788  27    5  14.30 -17.95  -6.39  23.81 107.37 308.54   1.50   1.50   4.00   4.00   8.00      2      1
789  27    5  17.94 -14.32  -6.39  23.81 107.37 321.40   1.50   1.50   4.00   4.00   8.00      2      1
790  27    5  20.67  -9.97  -6.39  23.81 107.37 334.26   1.50   1.50   4.00   4.00   8.00      2      1
791  27    5  22.37  -5.12  -6.39  23.81 107.37 347.11   1.50   1.50   4.00   4.00   8.00      2      1
792  28    5  22.50   0.00  -7.83  23.81 107.37   0.00   1.50   1.50   4.00   4.00   8.00      2      2
793  28    5  21.94   5.01  -7.83  23.81 107.37  12.86   1.50   1.50   4.00   4.00   8.00      2      2
794  28    5  20.27   9.76  -7.83  23.81 107.37  25.71   1.50   1.50   4.00   4.00   8.00      2      2
795  28    5  17.59  14.03  -7.83  23.81 107.37  38.57   1.50   1.50   4.00   4.00   8.00      2      2
796  28    5  14.03  17.59  -7.83  23.81 107.37  51.42   1.50   1.50   4.00   4.00   8.00      2      2
797  28    5   9.77  20.27  -7.83  23.81 107.37  64.28   1.50   1.50   4.00   4.00   8.00      2      2
798  28    5   5.01  21.94  -7.83  23.81 107.37  77.14   1.50   1.50   4.00   4.00   8.00      2      2
799  28    5   0.00  22.50  -7.83  23.81 107.37  89.99   1.50   1.50   4.00   4.00   8.00      2      2
800  28    5  -5.00  21.94  -7.83  23.81 107.37 102.85   1.50   1.50   4.00   4.00   8.00      2      2
801  28    5  -9.76  20.28  -7.83  23.81 107.37 115.70   1.50   1.50   4.00   4.00   8.00      2      2
802  28    5 -14.03  17.60  -7.83  23.81 107.37 128.56   1.50   1.50   4.00   4.00   8.00      2      2
803  28    5 -17.59  14.03  -7.83  23.81 107.37 141.42   1.50   1.50   4.00   4.00   8.00      2      2
804  28    5 -20.27   9.77  -7.83  23.81 107.37 154.27   1.50   1.50   4.00   4.00   8.00      2      2
805  28    5 -21.94   5.01  -7.83  23.81 107.37 167.13   1.50   1.50   4.00   4.00   8.00      2      2
806  28    5 -22.50   0.01  -7.83  23.81 107.37 179.98   1.50   1.50   4.00   4.00   8.00      2      2
807  28    5 -21.94  -5.00  -7.83  23.81 107.37 192.84   1.50   1.50   4.00   4.00   8.00      2      2
808  28    5 -20.28  -9.76  -7.83  23.81 107.37 205.70   1.50   1.50   4.00   4.00   8.00      2      2
809  28    5 -17.60 -14.02  -7.83  23.81 107.37 218.55   1.50   1.50   4.00   4.00   8.00      2      2
810  28    5 -14.04 -17.59  -7.83  23.81 107.37 231.41   1.50   1.50   4.00   4.00   8.00      2      2
811  28    5  -9.77 -20.27  -7.83  23.81 107.37 244.26   1.50   1.50   4.00   4.00   8.00      2      2
812  28    5  -5.02 -21.94  -7.83  23.81 107.37 257.12   1.50   1.50   4.00   4.00   8.00      2      2
813  28    5  -0.01 -22.50  -7.83  23.81 107.37 269.98   1.50   1.50   4.00   4.00   8.00      2      2
814  28    5   5.00 -21.94  -7.83  23.81 107.37 282.83   1.50   1.50   4.00   4.00   8.00      2      2
815  28    5   9.75 -20.28  -7.83  23.81 107.37 295.69   1.50   1.50   4.00   4.00   8.00      2      2
816  28    5  14.02 -17.60  -7.83  23.81 107.37 308.54   1.50   1.50   4.00   4.00   8.00      2      2
817  28    5  17.59 -14.04  -7.83  23.81 107.37 321.40   1.50   1.50   4.00   4.00   8.00      2      2
818  28    5  20.27  -9.77  -7.83  23.81 107.37 334.26   1.50   1.50   4.00   4.00   8.00      2      2
819  28    5  21.94  -5.02  -7.83  23.81 107.37 347.11   1.50   1.50   4.00   4.00   8.00      2      2
820  29    5  19.08   0.00  -9.04  21.10 117.39   0.00   1.50   1.50   4.00   4.00   8.00      2      1
821  29    5  18.31   5.37  -9.04  21.10 117.39  16.36   1.50   1.50   4.00   4.00   8.00      2      1
822  29    5  16.05  10.31  -9.04  21.10 117.39  32.73   1.50   1.50   4.00   4.00   8.00      2      1
823  29    5  12.49  14.42  -9.04  21.10 117.39  49.09   1.50   1.50   4.00   4.00   8.00      2      1
824  29    5   7.93  17.35  -9.04  21.10 117.39  65.45   1.50   1.50   4.00   4.00   8.00      2      1
825  29    5   2.72  18.88  -9.04  21.10 117.39  81.81   1.50   1.50   4.00   4.00   8.00      2      1
826  29    5  -2.71  18.88  -9.04  21.10 117.39  98.18   1.50   1.50   4.00   4.00   8.00      2      1
827  29    5  -7.92  17.36  -9.04  21.10 117.39 114.54   1.50   1.50   4.00   4.00   8.00      2      1
828  29    5 -12.49  14.42  -9.04  21.10 117.39 130.90   1.50   1.50   4.00   4.00   8.00      2      1
829  29    5 -16.05  10.32  -9.04  21.10 117.39 147.27   1.50   1.50   4.00   4.00   8.00      2      1
830  29    5 -18.31   5.38  -9.04  21.10 117.39 163.63   1.50   1.50   4.00   4.00   8.00      2      1
831  29    5 -19.08   0.00  -9.04  21.10 117.39 179.99   1.50   1.50   4.00   4.00   8.00      2      1
832  29    5 -18.31  -5.37  -9.04  21.10 117.39 196.35   1.50   1.50   4.00   4.00   8.00      2      1
833  29    5 -16.05 -10.31  -9.04  21.10 117.39 212.72   1.50   1.50   4.00   4.00   8.00      2      1
834  29    5 -12.50 -14.42  -9.04  21.10 117.39 229.08   1.50   1.50   4.00   4.00   8.00      2      1
835  29    5  -7.93 -17.35  -9.04  21.10 117.39 245.44   1.50   1.50   4.00   4.00   8.00      2      1
836  29    5  -2.72 -18.88  -9.04  21.10 117.39 261.81   1.50   1.50   4.00   4.00   8.00      2      1
837  29    5   2.71 -18.89  -9.04  21.10 117.39 278.17   1.50   1.50   4.00   4.00   8.00      2      1
838  29    5   7.92 -17.36  -9.04  21.10 117.39 294.53   1.50   1.50   4.00   4.00   8.00      2      1
839  29    5  12.49 -14.42  -9.04  21.10 117.39 310.89   1.50   1.50   4.00   4.00   8.00      2      1
840  29    5  16.05 -10.32  -9.04  21.10 117.39 327.26   1.50   1.50   4.00   4.00   8.00      2      1
841  29    5  18.30  -5.38  -9.04  21.10 117.39 343.62   1.50   1.50   4.00   4.00   8.00      2      1
842  30    5  18.39   0.00 -10.37  21.10 117.39   0.00   1.50   1.50   4.00   4.00   8.00      2      2
843  30    5  17.64   5.18 -10.37  21.10 117.39  16.36   1.50   1.50   4.00   4.00   8.00      2      2
844  30    5  15.47   9.94 -10.37  21.10 117.39  32.73   1.50   1.50   4.00   4.00   8.00      2      2
845  30    5  12.04  13.90 -10.37  21.10 117.39  49.09   1.50   1.50   4.00   4.00   8.00      2      2
846  30    5   7.64  16.73 -10.37  21.10 117.39  65.45   1.50   1.50   4.00   4.00   8.00      2      2
847  30    5   2.62  18.20 -10.37  21.10 117.39  81.81   1.50   1.50   4.00   4.00   8.00      2      2
848  30    5  -2.62  18.20 -10.37  21.10 117.39  98.18   1.50   1.50   4.00   4.00   8.00      2      2
849  30    5  -7.64  16.73 -10.37  21.10 117.39 114.54   1.50   1.50   4.00   4.00   8.00      2      2
850  30    5 -12.04  13.90 -10.37  21.10 117.39 130.90   1.50   1.50   4.00   4.00   8.00      2      2
851  30    5 -15.47   9.94 -10.37  21.10 117.39 147.27   1.50   1.50   4.00   4.00   8.00      2      2
852  30    5 -17.64   5.18 -10.37  21.10 117.39 163.63   1.50   1.50   4.00   4.00   8.00      2      2
853  30    5 -18.39   0.00 -10.37  21.10 117.39 179.99   1.50   1.50   4.00   4.00   8.00      2      2
854  30    5 -17.64  -5.18 -10.37  21.10 117.39 196.35   1.50   1.50   4.00   4.00   8.00      2      2
855  30    5 -15.47  -9.94 -10.37  21.10 117.39 212.72   1.50   1.50   4.00   4.00   8.00      2      2
856  30    5 -12.04 -13.90 -10.37  21.10 117.39 229.08   1.50   1.50   4.00   4.00   8.00      2      2
857  30    5  -7.64 -16.73 -10.37  21.10 117.39 245.44   1.50   1.50   4.00   4.00   8.00      2      2
858  30    5  -2.62 -18.20 -10.37  21.10 117.39 261.81   1.50   1.50   4.00   4.00   8.00      2      2
859  30    5   2.61 -18.20 -10.37  21.10 117.39 278.17   1.50   1.50   4.00   4.00   8.00      2      2
860  30    5   7.63 -16.73 -10.37  21.10 117.39 294.53   1.50   1.50   4.00   4.00   8.00      2      2
861  30    5  12.04 -13.90 -10.37  21.10 117.39 310.89   1.50   1.50   4.00   4.00   8.00      2      2
862  30    5  15.47  -9.95 -10.37  21.10 117.39 327.26   1.50   1.50   4.00   4.00   8.00      2      2
863  30    5  17.64  -5.19 -10.37  21.10 117.39 343.62   1.50   1.50   4.00   4.00   8.00      2      2
864  31    5  16.18   0.00 -11.73  19.99 125.94   0.00   1.50   1.50   4.00   4.00   8.00      1      1
865  31    5  15.31   5.25 -11.73  19.99 125.94  18.95   1.50   1.50   4.00   4.00   8.00      1      1
866  31    5  12.77   9.94 -11.73  19.99 125.94  37.89   1.50   1.50   4.00   4.00   8.00      1      1
867  31    5   8.85  13.55 -11.73  19.99 125.94  56.84   1.50   1.50   4.00   4.00   8.00      1      1
868  31    5   3.97  15.69 -11.73  19.99 125.94  75.78   1.50   1.50   4.00   4.00   8.00      1      1
869  31    5  -1.33  16.13 -11.73  19.99 125.94  94.73   1.50   1.50   4.00   4.00   8.00      1      1
870  31    5  -6.50  14.82 -11.73  19.99 125.94 113.68   1.50   1.50   4.00   4.00   8.00      1      1
871  31    5 -10.96  11.91 -11.73  19.99 125.94 132.62   1.50   1.50   4.00   4.00   8.00      1      1
872  31    5 -14.23   7.70 -11.73  19.99 125.94 151.57   1.50   1.50   4.00   4.00   8.00      1      1
873  31    5 -15.96   2.67 -11.73  19.99 125.94 170.52   1.50   1.50   4.00   4.00   8.00      1      1
874  31    5 -15.96  -2.66 -11.73  19.99 125.94 189.46   1.50   1.50   4.00   4.00   8.00      1      1
875  31    5 -14.23  -7.70 -11.73  19.99 125.94 208.41   1.50   1.50   4.00   4.00   8.00      1      1
876  31    5 -10.96 -11.90 -11.73  19.99 125.94 227.35   1.50   1.50   4.00   4.00   8.00      1      1
877  31    5  -6.50 -14.82 -11.73  19.99 125.94 246.30   1.50   1.50   4.00   4.00   8.00      1      1
878  31    5  -1.34 -16.13 -11.73  19.99 125.94 265.25   1.50   1.50   4.00   4.00   8.00      1      1
879  31    5   3.97 -15.69 -11.73  19.99 125.94 284.19   1.50   1.50   4.00   4.00   8.00      1      1
880  31    5   8.85 -13.55 -11.73  19.99 125.94 303.14   1.50   1.50   4.00   4.00   8.00      1      1
881  31    5  12.77  -9.94 -11.73  19.99 125.94 322.09   1.50   1.50   4.00   4.00   8.00      1      1
882  31    5  15.30  -5.26 -11.73  19.99 125.94 341.03   1.50   1.50   4.00   4.00   8.00      1      1
883  32    5  13.28   0.00 -12.28  18.09 132.75   0.00   1.50   1.50   4.00   4.00   8.00      1      1
884  32    5  12.14   5.40 -12.28  18.09 132.75  24.00   1.50   1.50   4.00   4.00   8.00      1      1
885  32    5   8.89   9.87 -12.28  18.09 132.75  48.00   1.50   1.50   4.00   4.00   8.00      1      1
886  32    5   4.11  12.63 -12.28  18.09 132.75  72.00   1.50   1.50   4.00   4.00   8.00      1      1
887  32    5  -1.39  13.21 -12.28  18.09 132.75  96.00   1.50   1.50   4.00   4.00   8.00      1      1
888  32    5  -6.64  11.50 -12.28  18.09 132.75 120.00   1.50   1.50   4.00   4.00   8.00      1      1
889  32    5 -10.75   7.81 -12.28  18.09 132.75 144.00   1.50   1.50   4.00   4.00   8.00      1      1
890  32    5 -12.99   2.76 -12.28  18.09 132.75 168.00   1.50   1.50   4.00   4.00   8.00      1      1
891  32    5 -12.99  -2.76 -12.28  18.09 132.75 192.00   1.50   1.50   4.00   4.00   8.00      1      1
892  32    5 -10.75  -7.81 -12.28  18.09 132.75 216.00   1.50   1.50   4.00   4.00   8.00      1      1
893  32    5  -6.64 -11.50 -12.28  18.09 132.75 240.00   1.50   1.50   4.00   4.00   8.00      1      1
894  32    5  -1.39 -13.21 -12.28  18.09 132.75 263.99   1.50   1.50   4.00   4.00   8.00      1      1
895  32    5   4.10 -12.63 -12.28  18.09 132.75 287.99   1.50   1.50   4.00   4.00   8.00      1      1
896  32    5   8.89  -9.87 -12.28  18.09 132.75 311.99   1.50   1.50   4.00   4.00   8.00      1      1
897  32    5  12.13  -5.40 -12.28  18.09 132.75 335.99   1.50   1.50   4.00   4.00   8.00      1      1
898  33    5  10.26   0.00 -12.59  16.24 140.84   0.00   1.50   1.50   4.00   4.00   8.00      1      1
899  33    5   8.63   5.54 -12.59  16.24 140.84  32.73   1.50   1.50   4.00   4.00   8.00      1      1
900  33    5   4.26   9.33 -12.59  16.24 140.84  65.45   1.50   1.50   4.00   4.00   8.00      1      1
901  33    5  -1.46  10.15 -12.59  16.24 140.84  98.18   1.50   1.50   4.00   4.00   8.00      1      1
902  33    5  -6.72   7.75 -12.59  16.24 140.84 130.90   1.50   1.50   4.00   4.00   8.00      1      1
903  33    5  -9.84   2.89 -12.59  16.24 140.84 163.63   1.50   1.50   4.00   4.00   8.00      1      1
904  33    5  -9.84  -2.89 -12.59  16.24 140.84 196.35   1.50   1.50   4.00   4.00   8.00      1      1
905  33    5  -6.72  -7.75 -12.59  16.24 140.84 229.08   1.50   1.50   4.00   4.00   8.00      1      1
906  33    5  -1.46 -10.15 -12.59  16.24 140.84 261.80   1.50   1.50   4.00   4.00   8.00      1      1
907  33    5   4.26  -9.33 -12.59  16.24 140.84 294.53   1.50   1.50   4.00   4.00   8.00      1      1
908  33    5   8.63  -5.55 -12.59  16.24 140.84 327.25   1.50   1.50   4.00   4.00   8.00      1      1
909  34    5   6.99   0.00 -12.57  14.39 150.91   0.00   1.50   1.50   4.00   4.00   8.00      1      1
910  34    5   4.36   5.47 -12.57  14.39 150.91  51.42   1.50   1.50   4.00   4.00   8.00      1      1
911  34    5  -1.56   6.82 -12.57  14.39 150.91 102.85   1.50   1.50   4.00   4.00   8.00      1      1
912  34    5  -6.30   3.04 -12.57  14.39 150.91 154.27   1.50   1.50   4.00   4.00   8.00      1      1
913  34    5  -6.30  -3.03 -12.57  14.39 150.91 205.70   1.50   1.50   4.00   4.00   8.00      1      1
914  34    5  -1.56  -6.82 -12.57  14.39 150.91 257.12   1.50   1.50   4.00   4.00   8.00      1      1
915  34    5   4.36  -5.47 -12.57  14.39 150.91 308.54   1.50   1.50   4.00   4.00   8.00      1      1
-1
