  1   1    5   6.78   0.00  20.73  21.81  18.10   0.00   5.00   5.00   5.00   5.00   10.00      1      1
  2   1    5   4.23   5.30  20.73  21.81  18.10  51.42   5.00   5.00   5.00   5.00   10.00      1      1
  3   1    5  -1.51   6.61  20.73  21.81  18.10 102.85   5.00   5.00   5.00   5.00   10.00      1      1
  4   1    5  -6.10   2.94  20.73  21.81  18.10 154.27   5.00   5.00   5.00   5.00   10.00      1      1
  5   1    5  -6.11  -2.94  20.73  21.81  18.10 205.70   5.00   5.00   5.00   5.00   10.00      1      1
  6   1    5  -1.51  -6.61  20.73  21.81  18.10 257.12   5.00   5.00   5.00   5.00   10.00      1      1
  7   1    5   4.22  -5.30  20.73  21.81  18.10 308.54   5.00   5.00   5.00   5.00   10.00      1      1
  8   2    5  10.26   0.00  21.56  23.86  27.25   0.00   5.00   5.00   5.00   5.00   10.00      1      1
  9   2    5   8.63   5.55  21.56  23.86  27.25  32.73   5.00   5.00   5.00   5.00   10.00      1      1
 10   2    5   4.26   9.33  21.56  23.86  27.25  65.45   5.00   5.00   5.00   5.00   10.00      1      1
 11   2    5  -1.46  10.16  21.56  23.86  27.25  98.18   5.00   5.00   5.00   5.00   10.00      1      1
 12   2    5  -6.72   7.75  21.56  23.86  27.25 130.91   5.00   5.00   5.00   5.00   10.00      1      1
 13   2    5  -9.84   2.89  21.56  23.86  27.25 163.64   5.00   5.00   5.00   5.00   10.00      1      1
 14   2    5  -9.84  -2.89  21.56  23.86  27.25 196.36   5.00   5.00   5.00   5.00   10.00      1      1
 15   2    5  -6.72  -7.75  21.56  23.86  27.25 229.09   5.00   5.00   5.00   5.00   10.00      1      1
 16   2    5  -1.46 -10.16  21.56  23.86  27.25 261.82   5.00   5.00   5.00   5.00   10.00      1      1
 17   2    5   4.26  -9.33  21.56  23.86  27.25 294.54   5.00   5.00   5.00   5.00   10.00      1      1
 18   2    5   8.63  -5.55  21.56  23.86  27.25 327.27   5.00   5.00   5.00   5.00   10.00      1      1
 19   3    5  11.59   0.00  20.87  23.86  27.25   0.00   5.00   5.00   5.00   5.00   10.00      1      1
 20   3    5   9.75   6.27  20.87  23.86  27.25  32.73   5.00   5.00   5.00   5.00   10.00      1      1
 21   3    5   4.82  10.55  20.87  23.86  27.25  65.45   5.00   5.00   5.00   5.00   10.00      1      1
 22   3    5  -1.65  11.48  20.87  23.86  27.25  98.18   5.00   5.00   5.00   5.00   10.00      1      1
 23   3    5  -7.59   8.76  20.87  23.86  27.25 130.91   5.00   5.00   5.00   5.00   10.00      1      1
 24   3    5 -11.12   3.27  20.87  23.86  27.25 163.64   5.00   5.00   5.00   5.00   10.00      1      1
 25   3    5 -11.12  -3.27  20.87  23.86  27.25 196.36   5.00   5.00   5.00   5.00   10.00      1      1
 26   3    5  -7.59  -8.76  20.87  23.86  27.25 229.09   5.00   5.00   5.00   5.00   10.00      1      1
 27   3    5  -1.65 -11.48  20.87  23.86  27.25 261.82   5.00   5.00   5.00   5.00   10.00      1      1
 28   3    5   4.82 -10.55  20.87  23.86  27.25 294.54   5.00   5.00   5.00   5.00   10.00      1      1
 29   3    5   9.75  -6.27  20.87  23.86  27.25 327.27   5.00   5.00   5.00   5.00   10.00      1      1
 30   4    5  16.46   0.00  23.29  28.51  36.76   0.00   5.00   5.00   5.00   5.00   10.00      1      1
 31   4    5  15.57   5.34  23.29  28.51  36.76  18.95   5.00   5.00   5.00   5.00   10.00      1      1
 32   4    5  12.99  10.11  23.29  28.51  36.76  37.89   5.00   5.00   5.00   5.00   10.00      1      1
 33   4    5   9.00  13.78  23.29  28.51  36.76  56.84   5.00   5.00   5.00   5.00   10.00      1      1
 34   4    5   4.04  15.96  23.29  28.51  36.76  75.79   5.00   5.00   5.00   5.00   10.00      1      1
 35   4    5  -1.36  16.40  23.29  28.51  36.76  94.73   5.00   5.00   5.00   5.00   10.00      1      1
 36   4    5  -6.61  15.07  23.29  28.51  36.76 113.68   5.00   5.00   5.00   5.00   10.00      1      1
 37   4    5 -11.15  12.11  23.29  28.51  36.76 132.63   5.00   5.00   5.00   5.00   10.00      1      1
 38   4    5 -14.47   7.84  23.29  28.51  36.76 151.57   5.00   5.00   5.00   5.00   10.00      1      1
 39   4    5 -16.23   2.71  23.29  28.51  36.76 170.52   5.00   5.00   5.00   5.00   10.00      1      1
 40   4    5 -16.23  -2.71  23.29  28.51  36.76 189.46   5.00   5.00   5.00   5.00   10.00      1      1
 41   4    5 -14.48  -7.83  23.29  28.51  36.76 208.41   5.00   5.00   5.00   5.00   10.00      1      1
 42   4    5 -11.15 -12.11  23.29  28.51  36.76 227.36   5.00   5.00   5.00   5.00   10.00      1      1
 43   4    5  -6.61 -15.07  23.29  28.51  36.76 246.30   5.00   5.00   5.00   5.00   10.00      1      1
 44   4    5  -1.36 -16.40  23.29  28.51  36.76 265.25   5.00   5.00   5.00   5.00   10.00      1      1
 45   4    5   4.04 -15.96  23.29  28.51  36.76 284.20   5.00   5.00   5.00   5.00   10.00      1      1
 46   4    5   9.00 -13.78  23.29  28.51  36.76 303.14   5.00   5.00   5.00   5.00   10.00      1      1
 47   4    5  12.99 -10.11  23.29  28.51  36.76 322.09   5.00   5.00   5.00   5.00   10.00      1      1
 48   4    5  15.57  -5.35  23.29  28.51  36.76 341.04   5.00   5.00   5.00   5.00   10.00      1      1
 49   5    5  17.66   0.00  22.39  28.51  36.76   0.00   5.00   5.00   5.00   5.00   10.00      1      1
 50   5    5  16.70   5.73  22.39  28.51  36.76  18.95   5.00   5.00   5.00   5.00   10.00      1      1
 51   5    5  13.94  10.85  22.39  28.51  36.76  37.89   5.00   5.00   5.00   5.00   10.00      1      1
 52   5    5   9.66  14.78  22.39  28.51  36.76  56.84   5.00   5.00   5.00   5.00   10.00      1      1
 53   5    5   4.34  17.12  22.39  28.51  36.76  75.79   5.00   5.00   5.00   5.00   10.00      1      1
 54   5    5  -1.46  17.60  22.39  28.51  36.76  94.73   5.00   5.00   5.00   5.00   10.00      1      1
 55   5    5  -7.09  16.17  22.39  28.51  36.76 113.68   5.00   5.00   5.00   5.00   10.00      1      1
 56   5    5 -11.96  12.99  22.39  28.51  36.76 132.63   5.00   5.00   5.00   5.00   10.00      1      1
 57   5    5 -15.53   8.41  22.39  28.51  36.76 151.57   5.00   5.00   5.00   5.00   10.00      1      1
 58   5    5 -17.42   2.91  22.39  28.51  36.76 170.52   5.00   5.00   5.00   5.00   10.00      1      1
 59   5    5 -17.42  -2.90  22.39  28.51  36.76 189.46   5.00   5.00   5.00   5.00   10.00      1      1
 60   5    5 -15.53  -8.40  22.39  28.51  36.76 208.41   5.00   5.00   5.00   5.00   10.00      1      1
 61   5    5 -11.96 -12.99  22.39  28.51  36.76 227.36   5.00   5.00   5.00   5.00   10.00      1      1
 62   5    5  -7.10 -16.17  22.39  28.51  36.76 246.30   5.00   5.00   5.00   5.00   10.00      1      1
 63   5    5  -1.46 -17.60  22.39  28.51  36.76 265.25   5.00   5.00   5.00   5.00   10.00      1      1
 64   5    5   4.33 -17.12  22.39  28.51  36.76 284.20   5.00   5.00   5.00   5.00   10.00      1      1
 65   5    5   9.66 -14.79  22.39  28.51  36.76 303.14   5.00   5.00   5.00   5.00   10.00      1      1
 66   5    5  13.93 -10.85  22.39  28.51  36.76 322.09   5.00   5.00   5.00   5.00   10.00      1      1
 67   5    5  16.70  -5.74  22.39  28.51  36.76 341.04   5.00   5.00   5.00   5.00   10.00      1      1
 68   6    5  20.41   0.00  21.40  29.54  46.56   0.00   5.00   5.00   5.00   5.00   10.00      1      1
 69   6    5  19.72   5.28  21.40  29.54  46.56  15.00   5.00   5.00   5.00   5.00   10.00      1      1
 70   6    5  17.68  10.21  21.40  29.54  46.56  30.00   5.00   5.00   5.00   5.00   10.00      1      1
 71   6    5  14.44  14.43  21.40  29.54  46.56  45.00   5.00   5.00   5.00   5.00   10.00      1      1
 72   6    5  10.21  17.68  21.40  29.54  46.56  60.00   5.00   5.00   5.00   5.00   10.00      1      1
 73   6    5   5.28  19.72  21.40  29.54  46.56  75.00   5.00   5.00   5.00   5.00   10.00      1      1
 74   6    5   0.00  20.41  21.40  29.54  46.56  90.00   5.00   5.00   5.00   5.00   10.00      1      1
 75   6    5  -5.28  19.72  21.40  29.54  46.56 105.00   5.00   5.00   5.00   5.00   10.00      1      1
 76   6    5 -10.21  17.68  21.40  29.54  46.56 120.00   5.00   5.00   5.00   5.00   10.00      1      1
 77   6    5 -14.43  14.44  21.40  29.54  46.56 135.00   5.00   5.00   5.00   5.00   10.00      1      1
 78   6    5 -17.68  10.21  21.40  29.54  46.56 150.00   5.00   5.00   5.00   5.00   10.00      1      1
 79   6    5 -19.72   5.29  21.40  29.54  46.56 165.00   5.00   5.00   5.00   5.00   10.00      1      1
 80   6    5 -20.41   0.00  21.40  29.54  46.56 179.99   5.00   5.00   5.00   5.00   10.00      1      1
 81   6    5 -19.72  -5.28  21.40  29.54  46.56 194.99   5.00   5.00   5.00   5.00   10.00      1      1
 82   6    5 -17.68 -10.21  21.40  29.54  46.56 209.99   5.00   5.00   5.00   5.00   10.00      1      1
 83   6    5 -14.44 -14.43  21.40  29.54  46.56 224.99   5.00   5.00   5.00   5.00   10.00      1      1
 84   6    5 -10.21 -17.68  21.40  29.54  46.56 239.99   5.00   5.00   5.00   5.00   10.00      1      1
 85   6    5  -5.29 -19.72  21.40  29.54  46.56 254.99   5.00   5.00   5.00   5.00   10.00      1      1
 86   6    5  -0.00 -20.41  21.40  29.54  46.56 269.99   5.00   5.00   5.00   5.00   10.00      1      1
 87   6    5   5.28 -19.72  21.40  29.54  46.56 284.99   5.00   5.00   5.00   5.00   10.00      1      1
 88   6    5  10.20 -17.68  21.40  29.54  46.56 299.99   5.00   5.00   5.00   5.00   10.00      1      1
 89   6    5  14.43 -14.44  21.40  29.54  46.56 314.99   5.00   5.00   5.00   5.00   10.00      1      1
 90   6    5  17.68 -10.21  21.40  29.54  46.56 329.99   5.00   5.00   5.00   5.00   10.00      1      1
 91   6    5  19.72  -5.29  21.40  29.54  46.56 344.99   5.00   5.00   5.00   5.00   10.00      1      1
 92   7    5  21.45   0.00  20.31  29.54  46.56   0.00   5.00   5.00   5.00   5.00   10.00      1      1
 93   7    5  20.71   5.55  20.31  29.54  46.56  15.00   5.00   5.00   5.00   5.00   10.00      1      1
 94   7    5  18.57  10.72  20.31  29.54  46.56  30.00   5.00   5.00   5.00   5.00   10.00      1      1
 95   7    5  15.16  15.16  20.31  29.54  46.56  45.00   5.00   5.00   5.00   5.00   10.00      1      1
 96   7    5  10.72  18.57  20.31  29.54  46.56  60.00   5.00   5.00   5.00   5.00   10.00      1      1
 97   7    5   5.55  20.71  20.31  29.54  46.56  75.00   5.00   5.00   5.00   5.00   10.00      1      1
 98   7    5   0.00  21.45  20.31  29.54  46.56  90.00   5.00   5.00   5.00   5.00   10.00      1      1
 99   7    5  -5.55  20.71  20.31  29.54  46.56 105.00   5.00   5.00   5.00   5.00   10.00      1      1
100   7    5 -10.72  18.57  20.31  29.54  46.56 120.00   5.00   5.00   5.00   5.00   10.00      1      1
101   7    5 -15.16  15.17  20.31  29.54  46.56 135.00   5.00   5.00   5.00   5.00   10.00      1      1
102   7    5 -18.57  10.72  20.31  29.54  46.56 150.00   5.00   5.00   5.00   5.00   10.00      1      1
103   7    5 -20.71   5.55  20.31  29.54  46.56 165.00   5.00   5.00   5.00   5.00   10.00      1      1
104   7    5 -21.45   0.00  20.31  29.54  46.56 179.99   5.00   5.00   5.00   5.00   10.00      1      1
105   7    5 -20.72  -5.55  20.31  29.54  46.56 194.99   5.00   5.00   5.00   5.00   10.00      1      1
106   7    5 -18.57 -10.72  20.31  29.54  46.56 209.99   5.00   5.00   5.00   5.00   10.00      1      1
107   7    5 -15.17 -15.16  20.31  29.54  46.56 224.99   5.00   5.00   5.00   5.00   10.00      1      1
108   7    5 -10.72 -18.57  20.31  29.54  46.56 239.99   5.00   5.00   5.00   5.00   10.00      1      1
109   7    5  -5.55 -20.71  20.31  29.54  46.56 254.99   5.00   5.00   5.00   5.00   10.00      1      1
110   7    5  -0.00 -21.45  20.31  29.54  46.56 269.99   5.00   5.00   5.00   5.00   10.00      1      1
111   7    5   5.55 -20.72  20.31  29.54  46.56 284.99   5.00   5.00   5.00   5.00   10.00      1      1
112   7    5  10.72 -18.57  20.31  29.54  46.56 299.99   5.00   5.00   5.00   5.00   10.00      1      1
113   7    5  15.16 -15.17  20.31  29.54  46.56 314.99   5.00   5.00   5.00   5.00   10.00      1      1
114   7    5  18.57 -10.73  20.31  29.54  46.56 329.99   5.00   5.00   5.00   5.00   10.00      1      1
115   7    5  20.71  -5.55  20.31  29.54  46.56 344.99   5.00   5.00   5.00   5.00   10.00      1      1
116   8    5  22.48   0.00  19.22  29.54  46.56   0.00   5.00   5.00   5.00   5.00   10.00      1      1
117   8    5  21.71   5.82  19.22  29.54  46.56  15.00   5.00   5.00   5.00   5.00   10.00      1      1
118   8    5  19.47  11.24  19.22  29.54  46.56  30.00   5.00   5.00   5.00   5.00   10.00      1      1
119   8    5  15.89  15.89  19.22  29.54  46.56  45.00   5.00   5.00   5.00   5.00   10.00      1      1
120   8    5  11.24  19.47  19.22  29.54  46.56  60.00   5.00   5.00   5.00   5.00   10.00      1      1
121   8    5   5.82  21.71  19.22  29.54  46.56  75.00   5.00   5.00   5.00   5.00   10.00      1      1
122   8    5   0.00  22.48  19.22  29.54  46.56  90.00   5.00   5.00   5.00   5.00   10.00      1      1
123   8    5  -5.82  21.71  19.22  29.54  46.56 105.00   5.00   5.00   5.00   5.00   10.00      1      1
124   8    5 -11.24  19.47  19.22  29.54  46.56 120.00   5.00   5.00   5.00   5.00   10.00      1      1
125   8    5 -15.89  15.89  19.22  29.54  46.56 135.00   5.00   5.00   5.00   5.00   10.00      1      1
126   8    5 -19.46  11.24  19.22  29.54  46.56 150.00   5.00   5.00   5.00   5.00   10.00      1      1
127   8    5 -21.71   5.82  19.22  29.54  46.56 165.00   5.00   5.00   5.00   5.00   10.00      1      1
128   8    5 -22.48   0.00  19.22  29.54  46.56 179.99   5.00   5.00   5.00   5.00   10.00      1      1
129   8    5 -21.71  -5.82  19.22  29.54  46.56 194.99   5.00   5.00   5.00   5.00   10.00      1      1
130   8    5 -19.47 -11.24  19.22  29.54  46.56 209.99   5.00   5.00   5.00   5.00   10.00      1      1
131   8    5 -15.90 -15.89  19.22  29.54  46.56 224.99   5.00   5.00   5.00   5.00   10.00      1      1
132   8    5 -11.24 -19.46  19.22  29.54  46.56 239.99   5.00   5.00   5.00   5.00   10.00      1      1
133   8    5  -5.82 -21.71  19.22  29.54  46.56 254.99   5.00   5.00   5.00   5.00   10.00      1      1
134   8    5  -0.00 -22.48  19.22  29.54  46.56 269.99   5.00   5.00   5.00   5.00   10.00      1      1
135   8    5   5.81 -21.71  19.22  29.54  46.56 284.99   5.00   5.00   5.00   5.00   10.00      1      1
136   8    5  11.24 -19.47  19.22  29.54  46.56 299.99   5.00   5.00   5.00   5.00   10.00      1      1
137   8    5  15.89 -15.90  19.22  29.54  46.56 314.99   5.00   5.00   5.00   5.00   10.00      1      1
138   8    5  19.46 -11.24  19.22  29.54  46.56 329.99   5.00   5.00   5.00   5.00   10.00      1      1
139   8    5  21.71  -5.82  19.22  29.54  46.56 344.99   5.00   5.00   5.00   5.00   10.00      1      1
140   9    5  24.99   0.00  17.65  30.56  57.57   0.00   5.00   5.00   5.00   5.00   10.00      1      1
141   9    5  24.44   5.19  17.65  30.56  57.57  12.00   5.00   5.00   5.00   5.00   10.00      1      1
142   9    5  22.83  10.16  17.65  30.56  57.57  24.00   5.00   5.00   5.00   5.00   10.00      1      1
143   9    5  20.21  14.69  17.65  30.56  57.57  36.00   5.00   5.00   5.00   5.00   10.00      1      1
144   9    5  16.72  18.57  17.65  30.56  57.57  48.00   5.00   5.00   5.00   5.00   10.00      1      1
145   9    5  12.49  21.64  17.65  30.56  57.57  60.00   5.00   5.00   5.00   5.00   10.00      1      1
146   9    5   7.72  23.76  17.65  30.56  57.57  72.00   5.00   5.00   5.00   5.00   10.00      1      1
147   9    5   2.61  24.85  17.65  30.56  57.57  84.00   5.00   5.00   5.00   5.00   10.00      1      1
148   9    5  -2.61  24.85  17.65  30.56  57.57  96.00   5.00   5.00   5.00   5.00   10.00      1      1
149   9    5  -7.72  23.76  17.65  30.56  57.57 108.00   5.00   5.00   5.00   5.00   10.00      1      1
150   9    5 -12.49  21.64  17.65  30.56  57.57 120.00   5.00   5.00   5.00   5.00   10.00      1      1
151   9    5 -16.72  18.57  17.65  30.56  57.57 132.00   5.00   5.00   5.00   5.00   10.00      1      1
152   9    5 -20.21  14.69  17.65  30.56  57.57 144.00   5.00   5.00   5.00   5.00   10.00      1      1
153   9    5 -22.83  10.17  17.65  30.56  57.57 155.99   5.00   5.00   5.00   5.00   10.00      1      1
154   9    5 -24.44   5.20  17.65  30.56  57.57 167.99   5.00   5.00   5.00   5.00   10.00      1      1
155   9    5 -24.99   0.00  17.65  30.56  57.57 179.99   5.00   5.00   5.00   5.00   10.00      1      1
156   9    5 -24.44  -5.19  17.65  30.56  57.57 191.99   5.00   5.00   5.00   5.00   10.00      1      1
157   9    5 -22.83 -10.16  17.65  30.56  57.57 203.99   5.00   5.00   5.00   5.00   10.00      1      1
158   9    5 -20.22 -14.68  17.65  30.56  57.57 215.99   5.00   5.00   5.00   5.00   10.00      1      1
159   9    5 -16.72 -18.57  17.65  30.56  57.57 227.99   5.00   5.00   5.00   5.00   10.00      1      1
160   9    5 -12.50 -21.64  17.65  30.56  57.57 239.99   5.00   5.00   5.00   5.00   10.00      1      1
161   9    5  -7.72 -23.76  17.65  30.56  57.57 251.99   5.00   5.00   5.00   5.00   10.00      1      1
162   9    5  -2.62 -24.85  17.65  30.56  57.57 263.99   5.00   5.00   5.00   5.00   10.00      1      1
163   9    5   2.61 -24.85  17.65  30.56  57.57 275.99   5.00   5.00   5.00   5.00   10.00      1      1
164   9    5   7.72 -23.77  17.65  30.56  57.57 287.99   5.00   5.00   5.00   5.00   10.00      1      1
165   9    5  12.49 -21.64  17.65  30.56  57.57 299.99   5.00   5.00   5.00   5.00   10.00      1      1
166   9    5  16.72 -18.57  17.65  30.56  57.57 311.99   5.00   5.00   5.00   5.00   10.00      1      1
167   9    5  20.21 -14.69  17.65  30.56  57.57 323.99   5.00   5.00   5.00   5.00   10.00      1      1
168   9    5  22.82 -10.17  17.65  30.56  57.57 335.99   5.00   5.00   5.00   5.00   10.00      1      1
169   9    5  24.44  -5.20  17.65  30.56  57.57 347.99   5.00   5.00   5.00   5.00   10.00      1      1
170  10    5  25.79   0.00  16.39  30.56  57.57   0.00   5.00   5.00   5.00   5.00   10.00      1      1
171  10    5  25.23   5.36  16.39  30.56  57.57  12.00   5.00   5.00   5.00   5.00   10.00      1      1
172  10    5  23.56  10.49  16.39  30.56  57.57  24.00   5.00   5.00   5.00   5.00   10.00      1      1
173  10    5  20.87  15.16  16.39  30.56  57.57  36.00   5.00   5.00   5.00   5.00   10.00      1      1
174  10    5  17.26  19.17  16.39  30.56  57.57  48.00   5.00   5.00   5.00   5.00   10.00      1      1
175  10    5  12.90  22.34  16.39  30.56  57.57  60.00   5.00   5.00   5.00   5.00   10.00      1      1
176  10    5   7.97  24.53  16.39  30.56  57.57  72.00   5.00   5.00   5.00   5.00   10.00      1      1
177  10    5   2.70  25.65  16.39  30.56  57.57  84.00   5.00   5.00   5.00   5.00   10.00      1      1
178  10    5  -2.69  25.65  16.39  30.56  57.57  96.00   5.00   5.00   5.00   5.00   10.00      1      1
179  10    5  -7.97  24.53  16.39  30.56  57.57 108.00   5.00   5.00   5.00   5.00   10.00      1      1
180  10    5 -12.89  22.34  16.39  30.56  57.57 120.00   5.00   5.00   5.00   5.00   10.00      1      1
181  10    5 -17.26  19.17  16.39  30.56  57.57 132.00   5.00   5.00   5.00   5.00   10.00      1      1
182  10    5 -20.86  15.16  16.39  30.56  57.57 144.00   5.00   5.00   5.00   5.00   10.00      1      1
183  10    5 -23.56  10.49  16.39  30.56  57.57 155.99   5.00   5.00   5.00   5.00   10.00      1      1
184  10    5 -25.23   5.36  16.39  30.56  57.57 167.99   5.00   5.00   5.00   5.00   10.00      1      1
185  10    5 -25.79   0.00  16.39  30.56  57.57 179.99   5.00   5.00   5.00   5.00   10.00      1      1
186  10    5 -25.23  -5.36  16.39  30.56  57.57 191.99   5.00   5.00   5.00   5.00   10.00      1      1
187  10    5 -23.56 -10.49  16.39  30.56  57.57 203.99   5.00   5.00   5.00   5.00   10.00      1      1
188  10    5 -20.87 -15.16  16.39  30.56  57.57 215.99   5.00   5.00   5.00   5.00   10.00      1      1
189  10    5 -17.26 -19.16  16.39  30.56  57.57 227.99   5.00   5.00   5.00   5.00   10.00      1      1
190  10    5 -12.90 -22.33  16.39  30.56  57.57 239.99   5.00   5.00   5.00   5.00   10.00      1      1
191  10    5  -7.97 -24.53  16.39  30.56  57.57 251.99   5.00   5.00   5.00   5.00   10.00      1      1
192  10    5  -2.70 -25.65  16.39  30.56  57.57 263.99   5.00   5.00   5.00   5.00   10.00      1      1
193  10    5   2.69 -25.65  16.39  30.56  57.57 275.99   5.00   5.00   5.00   5.00   10.00      1      1
194  10    5   7.97 -24.53  16.39  30.56  57.57 287.99   5.00   5.00   5.00   5.00   10.00      1      1
195  10    5  12.89 -22.34  16.39  30.56  57.57 299.99   5.00   5.00   5.00   5.00   10.00      1      1
196  10    5  17.25 -19.17  16.39  30.56  57.57 311.99   5.00   5.00   5.00   5.00   10.00      1      1
197  10    5  20.86 -15.16  16.39  30.56  57.57 323.99   5.00   5.00   5.00   5.00   10.00      1      1
198  10    5  23.56 -10.49  16.39  30.56  57.57 335.99   5.00   5.00   5.00   5.00   10.00      1      1
199  10    5  25.23  -5.37  16.39  30.56  57.57 347.99   5.00   5.00   5.00   5.00   10.00      1      1
200  11    5  26.60   0.00  15.12  30.56  57.57   0.00   5.00   5.00   5.00   5.00   10.00      1      1
-1
