  1  1 4   4.83   0.00  22.40  22.92  12.17   0.00   1.50 1.50 4.00  4.00   6.00
  2  1 4   2.41   4.18  22.40  22.92  12.17  60.00   1.50 1.50 4.00  4.00   6.00
  3  1 4  -2.41   4.18  22.40  22.92  12.17 120.00   1.50 1.50 4.00  4.00   6.00
  4  1 4  -4.83   0.00  22.40  22.92  12.17 180.00   1.50 1.50 4.00  4.00   6.00
  5  1 4  -2.41  -4.18  22.40  22.92  12.17 240.00   1.50 1.50 4.00  4.00   6.00
  6  1 4   2.41  -4.18  22.40  22.92  12.17 300.00   1.50 1.50 4.00  4.00   6.00
  7  2 4   7.11   0.00  22.57  23.66  17.49   0.00   1.50 1.50 4.00  4.00   6.00
  8  2 4   5.45   4.57  22.57  23.66  17.49  40.00   1.50 1.50 4.00  4.00   6.00
  9  2 4   1.24   7.00  22.57  23.66  17.49  80.00   1.50 1.50 4.00  4.00   6.00
 10  2 4  -3.56   6.16  22.57  23.66  17.49 119.99   1.50 1.50 4.00  4.00   6.00
 11  2 4  -6.68   2.43  22.57  23.66  17.49 159.99   1.50 1.50 4.00  4.00   6.00
 12  2 4  -6.68  -2.43  22.57  23.66  17.49 199.99   1.50 1.50 4.00  4.00   6.00
 13  2 4  -3.56  -6.16  22.57  23.66  17.49 239.99   1.50 1.50 4.00  4.00   6.00
 14  2 4   1.23  -7.00  22.57  23.66  17.49 279.98   1.50 1.50 4.00  4.00   6.00
 15  2 4   5.45  -4.57  22.57  23.66  17.49 319.98   1.50 1.50 4.00  4.00   6.00
 16  3 4   9.94   0.00  24.41  26.36  22.16   0.00   1.50 1.50 4.00  4.00   6.00
 17  3 4   8.80   4.62  24.41  26.36  22.16  27.69   1.50 1.50 4.00  4.00   6.00
 18  3 4   5.65   8.18  24.41  26.36  22.16  55.38   1.50 1.50 4.00  4.00   6.00
 19  3 4   1.20   9.87  24.41  26.36  22.16  83.08   1.50 1.50 4.00  4.00   6.00
 20  3 4  -3.52   9.29  24.41  26.36  22.16 110.77   1.50 1.50 4.00  4.00   6.00
 21  3 4  -7.44   6.59  24.41  26.36  22.16 138.46   1.50 1.50 4.00  4.00   6.00
 22  3 4  -9.65   2.38  24.41  26.36  22.16 166.15   1.50 1.50 4.00  4.00   6.00
 23  3 4  -9.65  -2.38  24.41  26.36  22.16 193.84   1.50 1.50 4.00  4.00   6.00
 24  3 4  -7.44  -6.59  24.41  26.36  22.16 221.53   1.50 1.50 4.00  4.00   6.00
 25  3 4  -3.53  -9.29  24.41  26.36  22.16 249.23   1.50 1.50 4.00  4.00   6.00
 26  3 4   1.20  -9.87  24.41  26.36  22.16 276.92   1.50 1.50 4.00  4.00   6.00
 27  3 4   5.65  -8.18  24.41  26.36  22.16 304.61   1.50 1.50 4.00  4.00   6.00
 28  3 4   8.80  -4.62  24.41  26.36  22.16 332.30   1.50 1.50 4.00  4.00   6.00
 29  4 4  12.05   0.00  24.46  27.27  26.24   0.00   1.50 1.50 4.00  4.00   6.00
 30  4 4  11.14   4.61  24.46  27.27  26.24  22.50   1.50 1.50 4.00  4.00   6.00
 31  4 4   8.52   8.52  24.46  27.27  26.24  45.00   1.50 1.50 4.00  4.00   6.00
 32  4 4   4.61  11.14  24.46  27.27  26.24  67.50   1.50 1.50 4.00  4.00   6.00
 33  4 4   0.00  12.05  24.46  27.27  26.24  89.99   1.50 1.50 4.00  4.00   6.00
 34  4 4  -4.61  11.14  24.46  27.27  26.24 112.49   1.50 1.50 4.00  4.00   6.00
 35  4 4  -8.52   8.52  24.46  27.27  26.24 134.99   1.50 1.50 4.00  4.00   6.00
 36  4 4 -11.14   4.61  24.46  27.27  26.24 157.49   1.50 1.50 4.00  4.00   6.00
 37  4 4 -12.05   0.00  24.46  27.27  26.24 179.99   1.50 1.50 4.00  4.00   6.00
 38  4 4 -11.14  -4.61  24.46  27.27  26.24 202.49   1.50 1.50 4.00  4.00   6.00
 39  4 4  -8.53  -8.52  24.46  27.27  26.24 224.99   1.50 1.50 4.00  4.00   6.00
 40  4 4  -4.62 -11.14  24.46  27.27  26.24 247.49   1.50 1.50 4.00  4.00   6.00
 41  4 4  -0.00 -12.05  24.46  27.27  26.24 269.98   1.50 1.50 4.00  4.00   6.00
 42  4 4   4.61 -11.14  24.46  27.27  26.24 292.48   1.50 1.50 4.00  4.00   6.00
 43  4 4   8.52  -8.53  24.46  27.27  26.24 314.98   1.50 1.50 4.00  4.00   6.00
 44  4 4  11.14  -4.62  24.46  27.27  26.24 337.48   1.50 1.50 4.00  4.00   6.00
 45  5 4  14.78   0.00  25.61  29.56  29.99   0.00   1.50 1.50 4.00  4.00   6.00
 46  5 4  14.05   4.57  25.61  29.56  29.99  18.00   1.50 1.50 4.00  4.00   6.00
 47  5 4  11.96   8.69  25.61  29.56  29.99  36.00   1.50 1.50 4.00  4.00   6.00
 48  5 4   8.69  11.95  25.61  29.56  29.99  54.00   1.50 1.50 4.00  4.00   6.00
 49  5 4   4.57  14.05  25.61  29.56  29.99  72.00   1.50 1.50 4.00  4.00   6.00
 50  5 4   0.00  14.78  25.61  29.56  29.99  90.00   1.50 1.50 4.00  4.00   6.00
 51  5 4  -4.57  14.05  25.61  29.56  29.99 107.99   1.50 1.50 4.00  4.00   6.00
 52  5 4  -8.68  11.96  25.61  29.56  29.99 125.99   1.50 1.50 4.00  4.00   6.00
 53  5 4 -11.95   8.69  25.61  29.56  29.99 143.99   1.50 1.50 4.00  4.00   6.00
 54  5 4 -14.05   4.57  25.61  29.56  29.99 161.99   1.50 1.50 4.00  4.00   6.00
 55  5 4 -14.78   0.00  25.61  29.56  29.99 179.99   1.50 1.50 4.00  4.00   6.00
 56  5 4 -14.05  -4.56  25.61  29.56  29.99 197.99   1.50 1.50 4.00  4.00   6.00
 57  5 4 -11.96  -8.68  25.61  29.56  29.99 215.99   1.50 1.50 4.00  4.00   6.00
 58  5 4  -8.69 -11.95  25.61  29.56  29.99 233.99   1.50 1.50 4.00  4.00   6.00
 59  5 4  -4.57 -14.05  25.61  29.56  29.99 251.99   1.50 1.50 4.00  4.00   6.00
 60  5 4  -0.00 -14.78  25.61  29.56  29.99 269.99   1.50 1.50 4.00  4.00   6.00
 61  5 4   4.56 -14.06  25.61  29.56  29.99 287.99   1.50 1.50 4.00  4.00   6.00
 62  5 4   8.68 -11.96  25.61  29.56  29.99 305.98   1.50 1.50 4.00  4.00   6.00
 63  5 4  11.95  -8.69  25.61  29.56  29.99 323.98   1.50 1.50 4.00  4.00   6.00
 64  5 4  14.05  -4.57  25.61  29.56  29.99 341.98   1.50 1.50 4.00  4.00   6.00
 65  6 4  16.83   0.00  25.50  30.55  33.43   0.00   1.50 1.50 4.00  4.00   6.00
 66  6 4  16.21   4.54  25.50  30.55  33.43  15.65   1.50 1.50 4.00  4.00   6.00
 67  6 4  14.38   8.74  25.50  30.55  33.43  31.30   1.50 1.50 4.00  4.00   6.00
 68  6 4  11.49  12.30  25.50  30.55  33.43  46.95   1.50 1.50 4.00  4.00   6.00
 69  6 4   7.75  14.94  25.50  30.55  33.43  62.60   1.50 1.50 4.00  4.00   6.00
 70  6 4   3.43  16.48  25.50  30.55  33.43  78.25   1.50 1.50 4.00  4.00   6.00
 71  6 4  -1.14  16.79  25.50  30.55  33.43  93.90   1.50 1.50 4.00  4.00   6.00
 72  6 4  -5.63  15.86  25.50  30.55  33.43 109.55   1.50 1.50 4.00  4.00   6.00
 73  6 4  -9.70  13.75  25.50  30.55  33.43 125.20   1.50 1.50 4.00  4.00   6.00
 74  6 4 -13.05  10.63  25.50  30.55  33.43 140.85   1.50 1.50 4.00  4.00   6.00
 75  6 4 -15.44   6.71  25.50  30.55  33.43 156.50   1.50 1.50 4.00  4.00   6.00
 76  6 4 -16.67   2.30  25.50  30.55  33.43 172.15   1.50 1.50 4.00  4.00   6.00
 77  6 4 -16.68  -2.28  25.50  30.55  33.43 187.80   1.50 1.50 4.00  4.00   6.00
 78  6 4 -15.44  -6.70  25.50  30.55  33.43 203.45   1.50 1.50 4.00  4.00   6.00
 79  6 4 -13.06 -10.61  25.50  30.55  33.43 219.10   1.50 1.50 4.00  4.00   6.00
 80  6 4  -9.72 -13.75  25.50  30.55  33.43 234.75   1.50 1.50 4.00  4.00   6.00
 81  6 4  -5.65 -15.86  25.50  30.55  33.43 250.40   1.50 1.50 4.00  4.00   6.00
 82  6 4  -1.16 -16.79  25.50  30.55  33.43 266.05   1.50 1.50 4.00  4.00   6.00
 83  6 4   3.41 -16.48  25.50  30.55  33.43 281.70   1.50 1.50 4.00  4.00   6.00
 84  6 4   7.73 -14.95  25.50  30.55  33.43 297.34   1.50 1.50 4.00  4.00   6.00
 85  6 4  11.48 -12.31  25.50  30.55  33.43 312.99   1.50 1.50 4.00  4.00   6.00
 86  6 4  14.37  -8.76  25.50  30.55  33.43 328.64   1.50 1.50 4.00  4.00   6.00
 87  6 4  16.20  -4.56  25.50  30.55  33.43 344.29   1.50 1.50 4.00  4.00   6.00
 88  7 4  18.87   0.00  25.29  31.56  36.72   0.00   1.50 1.50 4.00  4.00   6.00
 89  7 4  18.32   4.52  25.29  31.56  36.72  13.85   1.50 1.50 4.00  4.00   6.00
 90  7 4  16.71   8.77  25.29  31.56  36.72  27.69   1.50 1.50 4.00  4.00   6.00
 91  7 4  14.12  12.51  25.29  31.56  36.72  41.54   1.50 1.50 4.00  4.00   6.00
 92  7 4  10.72  15.53  25.29  31.56  36.72  55.38   1.50 1.50 4.00  4.00   6.00
 93  7 4   6.69  17.64  25.29  31.56  36.72  69.23   1.50 1.50 4.00  4.00   6.00
 94  7 4   2.27  18.73  25.29  31.56  36.72  83.08   1.50 1.50 4.00  4.00   6.00
 95  7 4  -2.27  18.73  25.29  31.56  36.72  96.92   1.50 1.50 4.00  4.00   6.00
 96  7 4  -6.69  17.64  25.29  31.56  36.72 110.77   1.50 1.50 4.00  4.00   6.00
 97  7 4 -10.72  15.53  25.29  31.56  36.72 124.62   1.50 1.50 4.00  4.00   6.00
 98  7 4 -14.12  12.51  25.29  31.56  36.72 138.46   1.50 1.50 4.00  4.00   6.00
 99  7 4 -16.71   8.77  25.29  31.56  36.72 152.31   1.50 1.50 4.00  4.00   6.00
100  7 4 -18.32   4.52  25.29  31.56  36.72 166.15   1.50 1.50 4.00  4.00   6.00
101  7 4 -18.87   0.00  25.29  31.56  36.72 180.00   1.50 1.50 4.00  4.00   6.00
102  7 4 -18.32  -4.51  25.29  31.56  36.72 193.85   1.50 1.50 4.00  4.00   6.00
103  7 4 -16.71  -8.77  25.29  31.56  36.72 207.69   1.50 1.50 4.00  4.00   6.00
104  7 4 -14.12 -12.51  25.29  31.56  36.72 221.54   1.50 1.50 4.00  4.00   6.00
105  7 4 -10.72 -15.53  25.29  31.56  36.72 235.38   1.50 1.50 4.00  4.00   6.00
106  7 4  -6.69 -17.64  25.29  31.56  36.72 249.23   1.50 1.50 4.00  4.00   6.00
107  7 4  -2.27 -18.73  25.29  31.56  36.72 263.08   1.50 1.50 4.00  4.00   6.00
108  7 4   2.27 -18.73  25.29  31.56  36.72 276.92   1.50 1.50 4.00  4.00   6.00
109  7 4   6.69 -17.64  25.29  31.56  36.72 290.77   1.50 1.50 4.00  4.00   6.00
110  7 4  10.72 -15.53  25.29  31.56  36.72 304.61   1.50 1.50 4.00  4.00   6.00
111  7 4  14.12 -12.51  25.29  31.56  36.72 318.46   1.50 1.50 4.00  4.00   6.00
112  7 4  16.71  -8.77  25.29  31.56  36.72 332.31   1.50 1.50 4.00  4.00   6.00
113  7 4  18.32  -4.52  25.29  31.56  36.72 346.15   1.50 1.50 4.00  4.00   6.00
114  8 4  20.25   0.00  24.21  31.57  39.91   0.00   1.50 1.50 4.00  4.00   6.00
115  8 4  19.75   4.51  24.21  31.57  39.91  12.86   1.50 1.50 4.00  4.00   6.00
116  8 4  18.25   8.79  24.21  31.57  39.91  25.71   1.50 1.50 4.00  4.00   6.00
117  8 4  15.84  12.63  24.21  31.57  39.91  38.57   1.50 1.50 4.00  4.00   6.00
118  8 4  12.63  15.83  24.21  31.57  39.91  51.42   1.50 1.50 4.00  4.00   6.00
119  8 4   8.79  18.25  24.21  31.57  39.91  64.28   1.50 1.50 4.00  4.00   6.00
120  8 4   4.51  19.74  24.21  31.57  39.91  77.13   1.50 1.50 4.00  4.00   6.00
121  8 4   0.01  20.25  24.21  31.57  39.91  89.99   1.50 1.50 4.00  4.00   6.00
122  8 4  -4.50  19.75  24.21  31.57  39.91 102.84   1.50 1.50 4.00  4.00   6.00
123  8 4  -8.78  18.25  24.21  31.57  39.91 115.70   1.50 1.50 4.00  4.00   6.00
124  8 4 -12.62  15.84  24.21  31.57  39.91 128.55   1.50 1.50 4.00  4.00   6.00
125  8 4 -15.83  12.63  24.21  31.57  39.91 141.41   1.50 1.50 4.00  4.00   6.00
126  8 4 -18.24   8.80  24.21  31.57  39.91 154.26   1.50 1.50 4.00  4.00   6.00
127  8 4 -19.74   4.52  24.21  31.57  39.91 167.12   1.50 1.50 4.00  4.00   6.00
128  8 4 -20.25   0.01  24.21  31.57  39.91 179.97   1.50 1.50 4.00  4.00   6.00
129  8 4 -19.75  -4.50  24.21  31.57  39.91 192.83   1.50 1.50 4.00  4.00   6.00
130  8 4 -18.25  -8.78  24.21  31.57  39.91 205.68   1.50 1.50 4.00  4.00   6.00
131  8 4 -15.84 -12.62  24.21  31.57  39.91 218.54   1.50 1.50 4.00  4.00   6.00
132  8 4 -12.64 -15.83  24.21  31.57  39.91 231.39   1.50 1.50 4.00  4.00   6.00
133  8 4  -8.80 -18.24  24.21  31.57  39.91 244.25   1.50 1.50 4.00  4.00   6.00
134  8 4  -4.52 -19.74  24.21  31.57  39.91 257.10   1.50 1.50 4.00  4.00   6.00
135  8 4  -0.02 -20.25  24.21  31.57  39.91 269.96   1.50 1.50 4.00  4.00   6.00
136  8 4   4.49 -19.75  24.21  31.57  39.91 282.81   1.50 1.50 4.00  4.00   6.00
137  8 4   8.77 -18.26  24.21  31.57  39.91 295.67   1.50 1.50 4.00  4.00   6.00
138  8 4  12.61 -15.85  24.21  31.57  39.91 308.52   1.50 1.50 4.00  4.00   6.00
139  8 4  15.82 -12.64  24.21  31.57  39.91 321.38   1.50 1.50 4.00  4.00   6.00
140  8 4  18.24  -8.81  24.21  31.57  39.91 334.23   1.50 1.50 4.00  4.00   6.00
141  8 4  19.74  -4.53  24.21  31.57  39.91 347.09   1.50 1.50 4.00  4.00   6.00
142  9 4  21.63   0.00  23.13  31.66  43.08   0.00   1.50 1.50 4.00  4.00   6.00
143  9 4  21.16   4.50  23.13  31.66  43.08  12.00   1.50 1.50 4.00  4.00   6.00
144  9 4  19.76   8.80  23.13  31.66  43.08  24.00   1.50 1.50 4.00  4.00   6.00
145  9 4  17.50  12.71  23.13  31.66  43.08  36.00   1.50 1.50 4.00  4.00   6.00
146  9 4  14.47  16.07  23.13  31.66  43.08  47.99   1.50 1.50 4.00  4.00   6.00
147  9 4  10.82  18.73  23.13  31.66  43.08  59.99   1.50 1.50 4.00  4.00   6.00
148  9 4   6.69  20.57  23.13  31.66  43.08  71.99   1.50 1.50 4.00  4.00   6.00
149  9 4   2.26  21.51  23.13  31.66  43.08  83.99   1.50 1.50 4.00  4.00   6.00
150  9 4  -2.26  21.51  23.13  31.66  43.08  95.99   1.50 1.50 4.00  4.00   6.00
151  9 4  -6.68  20.57  23.13  31.66  43.08 107.99   1.50 1.50 4.00  4.00   6.00
152  9 4 -10.81  18.73  23.13  31.66  43.08 119.98   1.50 1.50 4.00  4.00   6.00
153  9 4 -14.47  16.08  23.13  31.66  43.08 131.98   1.50 1.50 4.00  4.00   6.00
154  9 4 -17.49  12.72  23.13  31.66  43.08 143.98   1.50 1.50 4.00  4.00   6.00
155  9 4 -19.76   8.80  23.13  31.66  43.08 155.98   1.50 1.50 4.00  4.00   6.00
156  9 4 -21.15   4.50  23.13  31.66  43.08 167.98   1.50 1.50 4.00  4.00   6.00
157  9 4 -21.63   0.01  23.13  31.66  43.08 179.98   1.50 1.50 4.00  4.00   6.00
158  9 4 -21.16  -4.49  23.13  31.66  43.08 191.98   1.50 1.50 4.00  4.00   6.00
159  9 4 -19.76  -8.79  23.13  31.66  43.08 203.97   1.50 1.50 4.00  4.00   6.00
160  9 4 -17.50 -12.70  23.13  31.66  43.08 215.97   1.50 1.50 4.00  4.00   6.00
161  9 4 -14.48 -16.07  23.13  31.66  43.08 227.97   1.50 1.50 4.00  4.00   6.00
162  9 4 -10.82 -18.72  23.13  31.66  43.08 239.97   1.50 1.50 4.00  4.00   6.00
163  9 4  -6.69 -20.57  23.13  31.66  43.08 251.97   1.50 1.50 4.00  4.00   6.00
164  9 4  -2.27 -21.51  23.13  31.66  43.08 263.97   1.50 1.50 4.00  4.00   6.00
165  9 4   2.25 -21.51  23.13  31.66  43.08 275.96   1.50 1.50 4.00  4.00   6.00
166  9 4   6.67 -20.57  23.13  31.66  43.08 287.96   1.50 1.50 4.00  4.00   6.00
167  9 4  10.80 -18.74  23.13  31.66  43.08 299.96   1.50 1.50 4.00  4.00   6.00
168  9 4  14.46 -16.08  23.13  31.66  43.08 311.96   1.50 1.50 4.00  4.00   6.00
169  9 4  17.49 -12.73  23.13  31.66  43.08 323.96   1.50 1.50 4.00  4.00   6.00
170  9 4  19.75  -8.81  23.13  31.66  43.08 335.96   1.50 1.50 4.00  4.00   6.00
171  9 4  21.15  -4.51  23.13  31.66  43.08 347.96   1.50 1.50 4.00  4.00   6.00
172 10 4  23.63   0.00  22.68  32.75  46.18   0.00   1.50 1.50 4.00  4.00   6.00
173 10 4  23.20   4.47  22.68  32.75  46.18  10.91   1.50 1.50 4.00  4.00   6.00
174 10 4  21.94   8.78  22.68  32.75  46.18  21.82   1.50 1.50 4.00  4.00   6.00
175 10 4  19.88  12.77  22.68  32.75  46.18  32.73   1.50 1.50 4.00  4.00   6.00
176 10 4  17.10  16.31  22.68  32.75  46.18  43.63   1.50 1.50 4.00  4.00   6.00
177 10 4  13.71  19.25  22.68  32.75  46.18  54.54   1.50 1.50 4.00  4.00   6.00
178 10 4   9.82  21.49  22.68  32.75  46.18  65.45   1.50 1.50 4.00  4.00   6.00
179 10 4   5.57  22.96  22.68  32.75  46.18  76.36   1.50 1.50 4.00  4.00   6.00
180 10 4   1.13  23.60  22.68  32.75  46.18  87.27   1.50 1.50 4.00  4.00   6.00
181 10 4  -3.36  23.39  22.68  32.75  46.18  98.18   1.50 1.50 4.00  4.00   6.00
182 10 4  -7.73  22.33  22.68  32.75  46.18 109.09   1.50 1.50 4.00  4.00   6.00
183 10 4 -11.81  20.47  22.68  32.75  46.18 119.99   1.50 1.50 4.00  4.00   6.00
184 10 4 -15.47  17.86  22.68  32.75  46.18 130.90   1.50 1.50 4.00  4.00   6.00
185 10 4 -18.57  14.61  22.68  32.75  46.18 141.81   1.50 1.50 4.00  4.00   6.00
186 10 4 -21.00  10.83  22.68  32.75  46.18 152.72   1.50 1.50 4.00  4.00   6.00
187 10 4 -22.67   6.66  22.68  32.75  46.18 163.63   1.50 1.50 4.00  4.00   6.00
188 10 4 -23.52   2.25  22.68  32.75  46.18 174.54   1.50 1.50 4.00  4.00   6.00
189 10 4 -23.52  -2.24  22.68  32.75  46.18 185.44   1.50 1.50 4.00  4.00   6.00
190 10 4 -22.67  -6.65  22.68  32.75  46.18 196.35   1.50 1.50 4.00  4.00   6.00
191 10 4 -21.01 -10.82  22.68  32.75  46.18 207.26   1.50 1.50 4.00  4.00   6.00
192 10 4 -18.58 -14.60  22.68  32.75  46.18 218.17   1.50 1.50 4.00  4.00   6.00
193 10 4 -15.48 -17.85  22.68  32.75  46.18 229.08   1.50 1.50 4.00  4.00   6.00
194 10 4 -11.82 -20.46  22.68  32.75  46.18 239.99   1.50 1.50 4.00  4.00   6.00
195 10 4  -7.73 -22.33  22.68  32.75  46.18 250.90   1.50 1.50 4.00  4.00   6.00
196 10 4  -3.37 -23.39  22.68  32.75  46.18 261.80   1.50 1.50 4.00  4.00   6.00
197 10 4   1.12 -23.60  22.68  32.75  46.18 272.71   1.50 1.50 4.00  4.00   6.00
198 10 4   5.57 -22.97  22.68  32.75  46.18 283.62   1.50 1.50 4.00  4.00   6.00
199 10 4   9.81 -21.50  22.68  32.75  46.18 294.53   1.50 1.50 4.00  4.00   6.00
200 10 4  13.70 -19.25  22.68  32.75  46.18 305.44   1.50 1.50 4.00  4.00   6.00
201 10 4  17.10 -16.31  22.68  32.75  46.18 316.35   1.50 1.50 4.00  4.00   6.00
202 10 4  19.87 -12.78  22.68  32.75  46.18 327.26   1.50 1.50 4.00  4.00   6.00
203 10 4  21.93  -8.79  22.68  32.75  46.18 338.16   1.50 1.50 4.00  4.00   6.00
204 10 4  23.20  -4.48  22.68  32.75  46.18 349.07   1.50 1.50 4.00  4.00   6.00
205 11 4  24.35   0.00  21.01  32.15  49.21   0.00   1.50 1.50 4.00  4.00   6.00
206 11 4  23.93   4.47  21.01  32.15  49.21  10.59   1.50 1.50 4.00  4.00   6.00
207 11 4  22.70   8.79  21.01  32.15  49.21  21.18   1.50 1.50 4.00  4.00   6.00
208 11 4  20.70  12.82  21.01  32.15  49.21  31.76   1.50 1.50 4.00  4.00   6.00
209 11 4  17.99  16.40  21.01  32.15  49.21  42.35   1.50 1.50 4.00  4.00   6.00
210 11 4  14.67  19.43  21.01  32.15  49.21  52.94   1.50 1.50 4.00  4.00   6.00
211 11 4  10.85  21.79  21.01  32.15  49.21  63.53   1.50 1.50 4.00  4.00   6.00
212 11 4   6.66  23.42  21.01  32.15  49.21  74.12   1.50 1.50 4.00  4.00   6.00
213 11 4   2.25  24.24  21.01  32.15  49.21  84.70   1.50 1.50 4.00  4.00   6.00
214 11 4  -2.25  24.24  21.01  32.15  49.21  95.29   1.50 1.50 4.00  4.00   6.00
215 11 4  -6.66  23.42  21.01  32.15  49.21 105.88   1.50 1.50 4.00  4.00   6.00
216 11 4 -10.85  21.79  21.01  32.15  49.21 116.47   1.50 1.50 4.00  4.00   6.00
217 11 4 -14.67  19.43  21.01  32.15  49.21 127.06   1.50 1.50 4.00  4.00   6.00
218 11 4 -17.99  16.40  21.01  32.15  49.21 137.65   1.50 1.50 4.00  4.00   6.00
219 11 4 -20.70  12.82  21.01  32.15  49.21 148.23   1.50 1.50 4.00  4.00   6.00
220 11 4 -22.70   8.80  21.01  32.15  49.21 158.82   1.50 1.50 4.00  4.00   6.00
221 11 4 -23.93   4.47  21.01  32.15  49.21 169.41   1.50 1.50 4.00  4.00   6.00
222 11 4 -24.35   0.00  21.01  32.15  49.21 180.00   1.50 1.50 4.00  4.00   6.00
223 11 4 -23.93  -4.47  21.01  32.15  49.21 190.59   1.50 1.50 4.00  4.00   6.00
224 11 4 -22.70  -8.79  21.01  32.15  49.21 201.17   1.50 1.50 4.00  4.00   6.00
225 11 4 -20.70 -12.82  21.01  32.15  49.21 211.76   1.50 1.50 4.00  4.00   6.00
226 11 4 -17.99 -16.40  21.01  32.15  49.21 222.35   1.50 1.50 4.00  4.00   6.00
227 11 4 -14.67 -19.43  21.01  32.15  49.21 232.94   1.50 1.50 4.00  4.00   6.00
228 11 4 -10.85 -21.79  21.01  32.15  49.21 243.53   1.50 1.50 4.00  4.00   6.00
229 11 4  -6.66 -23.42  21.01  32.15  49.21 254.11   1.50 1.50 4.00  4.00   6.00
230 11 4  -2.25 -24.24  21.01  32.15  49.21 264.70   1.50 1.50 4.00  4.00   6.00
231 11 4   2.25 -24.24  21.01  32.15  49.21 275.29   1.50 1.50 4.00  4.00   6.00
232 11 4   6.66 -23.42  21.01  32.15  49.21 285.88   1.50 1.50 4.00  4.00   6.00
233 11 4  10.85 -21.79  21.01  32.15  49.21 296.47   1.50 1.50 4.00  4.00   6.00
234 11 4  14.67 -19.43  21.01  32.15  49.21 307.06   1.50 1.50 4.00  4.00   6.00
235 11 4  17.99 -16.40  21.01  32.15  49.21 317.64   1.50 1.50 4.00  4.00   6.00
236 11 4  20.70 -12.82  21.01  32.15  49.21 328.23   1.50 1.50 4.00  4.00   6.00
237 11 4  22.70  -8.80  21.01  32.15  49.21 338.82   1.50 1.50 4.00  4.00   6.00
238 11 4  23.93  -4.47  21.01  32.15  49.21 349.41   1.50 1.50 4.00  4.00   6.00
239 12 4  25.70   0.00  19.89  32.49  52.26   0.00   1.50 1.50 4.00  4.00   6.00
240 12 4  25.31   4.46  19.89  32.49  52.26  10.00   1.50 1.50 4.00  4.00   6.00
241 12 4  24.15   8.79  19.89  32.49  52.26  20.00   1.50 1.50 4.00  4.00   6.00
242 12 4  22.25  12.85  19.89  32.49  52.26  30.00   1.50 1.50 4.00  4.00   6.00
243 12 4  19.69  16.51  19.89  32.49  52.26  39.99   1.50 1.50 4.00  4.00   6.00
244 12 4  16.52  19.68  19.89  32.49  52.26  49.99   1.50 1.50 4.00  4.00   6.00
245 12 4  12.85  22.25  19.89  32.49  52.26  59.99   1.50 1.50 4.00  4.00   6.00
246 12 4   8.79  24.14  19.89  32.49  52.26  69.99   1.50 1.50 4.00  4.00   6.00
247 12 4   4.47  25.30  19.89  32.49  52.26  79.99   1.50 1.50 4.00  4.00   6.00
248 12 4   0.01  25.70  19.89  32.49  52.26  89.99   1.50 1.50 4.00  4.00   6.00
249 12 4  -4.45  25.31  19.89  32.49  52.26  99.98   1.50 1.50 4.00  4.00   6.00
250 12 4  -8.78  24.15  19.89  32.49  52.26 109.98   1.50 1.50 4.00  4.00   6.00
251 12 4 -12.84  22.26  19.89  32.49  52.26 119.98   1.50 1.50 4.00  4.00   6.00
252 12 4 -16.51  19.69  19.89  32.49  52.26 129.98   1.50 1.50 4.00  4.00   6.00
253 12 4 -19.68  16.52  19.89  32.49  52.26 139.98   1.50 1.50 4.00  4.00   6.00
254 12 4 -22.25  12.86  19.89  32.49  52.26 149.98   1.50 1.50 4.00  4.00   6.00
255 12 4 -24.14   8.80  19.89  32.49  52.26 159.97   1.50 1.50 4.00  4.00   6.00
256 12 4 -25.30   4.47  19.89  32.49  52.26 169.97   1.50 1.50 4.00  4.00   6.00
257 12 4 -25.70   0.01  19.89  32.49  52.26 179.97   1.50 1.50 4.00  4.00   6.00
258 12 4 -25.31  -4.45  19.89  32.49  52.26 189.97   1.50 1.50 4.00  4.00   6.00
259 12 4 -24.15  -8.77  19.89  32.49  52.26 199.97   1.50 1.50 4.00  4.00   6.00
260 12 4 -22.26 -12.83  19.89  32.49  52.26 209.97   1.50 1.50 4.00  4.00   6.00
261 12 4 -19.69 -16.50  19.89  32.49  52.26 219.96   1.50 1.50 4.00  4.00   6.00
262 12 4 -16.53 -19.67  19.89  32.49  52.26 229.96   1.50 1.50 4.00  4.00   6.00
263 12 4 -12.86 -22.24  19.89  32.49  52.26 239.96   1.50 1.50 4.00  4.00   6.00
264 12 4  -8.81 -24.14  19.89  32.49  52.26 249.96   1.50 1.50 4.00  4.00   6.00
265 12 4  -4.48 -25.30  19.89  32.49  52.26 259.96   1.50 1.50 4.00  4.00   6.00
266 12 4  -0.02 -25.70  19.89  32.49  52.26 269.96   1.50 1.50 4.00  4.00   6.00
267 12 4   4.44 -25.31  19.89  32.49  52.26 279.95   1.50 1.50 4.00  4.00   6.00
268 12 4   8.77 -24.15  19.89  32.49  52.26 289.95   1.50 1.50 4.00  4.00   6.00
269 12 4  12.83 -22.26  19.89  32.49  52.26 299.95   1.50 1.50 4.00  4.00   6.00
270 12 4  16.50 -19.70  19.89  32.49  52.26 309.95   1.50 1.50 4.00  4.00   6.00
271 12 4  19.67 -16.53  19.89  32.49  52.26 319.95   1.50 1.50 4.00  4.00   6.00
272 12 4  22.24 -12.87  19.89  32.49  52.26 329.95   1.50 1.50 4.00  4.00   6.00
273 12 4  24.14  -8.81  19.89  32.49  52.26 339.94   1.50 1.50 4.00  4.00   6.00
274 12 4  25.30  -4.49  19.89  32.49  52.26 349.94   1.50 1.50 4.00  4.00   6.00
275 13 4  26.40   0.00  18.28  32.11  55.29   0.00   1.50 1.50 4.00  4.00   6.00
276 13 4  26.02   4.46  18.28  32.11  55.29   9.73   1.50 1.50 4.00  4.00   6.00
277 13 4  24.89   8.79  18.28  32.11  55.29  19.46   1.50 1.50 4.00  4.00   6.00
278 13 4  23.05  12.87  18.28  32.11  55.29  29.18   1.50 1.50 4.00  4.00   6.00
279 13 4  20.54  16.58  18.28  32.11  55.29  38.91   1.50 1.50 4.00  4.00   6.00
280 13 4  17.44  19.81  18.28  32.11  55.29  48.64   1.50 1.50 4.00  4.00   6.00
281 13 4  13.84  22.47  18.28  32.11  55.29  58.37   1.50 1.50 4.00  4.00   6.00
282 13 4   9.85  24.49  18.28  32.11  55.29  68.10   1.50 1.50 4.00  4.00   6.00
283 13 4   5.57  25.80  18.28  32.11  55.29  77.82   1.50 1.50 4.00  4.00   6.00
284 13 4   1.13  26.37  18.28  32.11  55.29  87.55   1.50 1.50 4.00  4.00   6.00
285 13 4  -3.34  26.18  18.28  32.11  55.29  97.28   1.50 1.50 4.00  4.00   6.00
286 13 4  -7.72  25.24  18.28  32.11  55.29 107.01   1.50 1.50 4.00  4.00   6.00
287 13 4 -11.87  23.57  18.28  32.11  55.29 116.74   1.50 1.50 4.00  4.00   6.00
288 13 4 -15.69  21.23  18.28  32.11  55.29 126.46   1.50 1.50 4.00  4.00   6.00
289 13 4 -19.05  18.27  18.28  32.11  55.29 136.19   1.50 1.50 4.00  4.00   6.00
290 13 4 -21.86  14.79  18.28  32.11  55.29 145.92   1.50 1.50 4.00  4.00   6.00
291 13 4 -24.05  10.88  18.28  32.11  55.29 155.65   1.50 1.50 4.00  4.00   6.00
292 13 4 -25.54   6.66  18.28  32.11  55.29 165.38   1.50 1.50 4.00  4.00   6.00
293 13 4 -26.30   2.25  18.28  32.11  55.29 175.10   1.50 1.50 4.00  4.00   6.00
294 13 4 -26.30  -2.22  18.28  32.11  55.29 184.83   1.50 1.50 4.00  4.00   6.00
295 13 4 -25.55  -6.64  18.28  32.11  55.29 194.56   1.50 1.50 4.00  4.00   6.00
296 13 4 -24.06 -10.86  18.28  32.11  55.29 204.29   1.50 1.50 4.00  4.00   6.00
297 13 4 -21.88 -14.77  18.28  32.11  55.29 214.01   1.50 1.50 4.00  4.00   6.00
298 13 4 -19.07 -18.25  18.28  32.11  55.29 223.74   1.50 1.50 4.00  4.00   6.00
299 13 4 -15.71 -21.21  18.28  32.11  55.29 233.47   1.50 1.50 4.00  4.00   6.00
300 13 4 -11.90 -23.56  18.28  32.11  55.29 243.20   1.50 1.50 4.00  4.00   6.00
301 13 4  -7.75 -25.23  18.28  32.11  55.29 252.93   1.50 1.50 4.00  4.00   6.00
302 13 4  -3.37 -26.18  18.28  32.11  55.29 262.65   1.50 1.50 4.00  4.00   6.00
303 13 4   1.10 -26.37  18.28  32.11  55.29 272.38   1.50 1.50 4.00  4.00   6.00
304 13 4   5.54 -25.81  18.28  32.11  55.29 282.11   1.50 1.50 4.00  4.00   6.00
305 13 4   9.82 -24.50  18.28  32.11  55.29 291.84   1.50 1.50 4.00  4.00   6.00
306 13 4  13.82 -22.49  18.28  32.11  55.29 301.57   1.50 1.50 4.00  4.00   6.00
307 13 4  17.42 -19.83  18.28  32.11  55.29 311.29   1.50 1.50 4.00  4.00   6.00
308 13 4  20.52 -16.60  18.28  32.11  55.29 321.02   1.50 1.50 4.00  4.00   6.00
309 13 4  23.03 -12.90  18.28  32.11  55.29 330.75   1.50 1.50 4.00  4.00   6.00
310 13 4  24.88  -8.82  18.28  32.11  55.29 340.48   1.50 1.50 4.00  4.00   6.00
311 13 4  26.01  -4.49  18.28  32.11  55.29 350.21   1.50 1.50 4.00  4.00   6.00
312 14 4  27.09   0.00  16.69  31.82  58.35   0.00   1.50 1.50 4.00  4.00   6.00
313 14 4  26.72   4.46  16.69  31.82  58.35   9.47   1.50 1.50 4.00  4.00   6.00
314 14 4  25.62   8.79  16.69  31.82  58.35  18.95   1.50 1.50 4.00  4.00   6.00
315 14 4  23.82  12.89  16.69  31.82  58.35  28.42   1.50 1.50 4.00  4.00   6.00
316 14 4  21.38  16.64  16.69  31.82  58.35  37.89   1.50 1.50 4.00  4.00   6.00
317 14 4  18.35  19.93  16.69  31.82  58.35  47.36   1.50 1.50 4.00  4.00   6.00
318 14 4  14.82  22.67  16.69  31.82  58.35  56.84   1.50 1.50 4.00  4.00   6.00
319 14 4  10.88  24.80  16.69  31.82  58.35  66.31   1.50 1.50 4.00  4.00   6.00
320 14 4   6.65  26.26  16.69  31.82  58.35  75.78   1.50 1.50 4.00  4.00   6.00
321 14 4   2.24  26.99  16.69  31.82  58.35  85.26   1.50 1.50 4.00  4.00   6.00
322 14 4  -2.23  26.99  16.69  31.82  58.35  94.73   1.50 1.50 4.00  4.00   6.00
323 14 4  -6.64  26.26  16.69  31.82  58.35 104.20   1.50 1.50 4.00  4.00   6.00
324 14 4 -10.88  24.81  16.69  31.82  58.35 113.67   1.50 1.50 4.00  4.00   6.00
325 14 4 -14.81  22.68  16.69  31.82  58.35 123.15   1.50 1.50 4.00  4.00   6.00
326 14 4 -18.34  19.93  16.69  31.82  58.35 132.62   1.50 1.50 4.00  4.00   6.00
327 14 4 -21.37  16.64  16.69  31.82  58.35 142.09   1.50 1.50 4.00  4.00   6.00
328 14 4 -23.82  12.90  16.69  31.82  58.35 151.57   1.50 1.50 4.00  4.00   6.00
329 14 4 -25.62   8.80  16.69  31.82  58.35 161.04   1.50 1.50 4.00  4.00   6.00
330 14 4 -26.72   4.47  16.69  31.82  58.35 170.51   1.50 1.50 4.00  4.00   6.00
331 14 4 -27.09   0.01  16.69  31.82  58.35 179.98   1.50 1.50 4.00  4.00   6.00
332 14 4 -26.72  -4.45  16.69  31.82  58.35 189.46   1.50 1.50 4.00  4.00   6.00
333 14 4 -25.62  -8.79  16.69  31.82  58.35 198.93   1.50 1.50 4.00  4.00   6.00
334 14 4 -23.83 -12.88  16.69  31.82  58.35 208.40   1.50 1.50 4.00  4.00   6.00
335 14 4 -21.38 -16.63  16.69  31.82  58.35 217.87   1.50 1.50 4.00  4.00   6.00
336 14 4 -18.35 -19.92  16.69  31.82  58.35 227.35   1.50 1.50 4.00  4.00   6.00
337 14 4 -14.82 -22.67  16.69  31.82  58.35 236.82   1.50 1.50 4.00  4.00   6.00
338 14 4 -10.89 -24.80  16.69  31.82  58.35 246.29   1.50 1.50 4.00  4.00   6.00
339 14 4  -6.66 -26.25  16.69  31.82  58.35 255.77   1.50 1.50 4.00  4.00   6.00
340 14 4  -2.25 -26.99  16.69  31.82  58.35 265.24   1.50 1.50 4.00  4.00   6.00
341 14 4   2.22 -26.99  16.69  31.82  58.35 274.71   1.50 1.50 4.00  4.00   6.00
342 14 4   6.64 -26.26  16.69  31.82  58.35 284.18   1.50 1.50 4.00  4.00   6.00
343 14 4  10.87 -24.81  16.69  31.82  58.35 293.66   1.50 1.50 4.00  4.00   6.00
344 14 4  14.80 -22.68  16.69  31.82  58.35 303.13   1.50 1.50 4.00  4.00   6.00
345 14 4  18.33 -19.94  16.69  31.82  58.35 312.60   1.50 1.50 4.00  4.00   6.00
346 14 4  21.37 -16.65  16.69  31.82  58.35 322.08   1.50 1.50 4.00  4.00   6.00
347 14 4  23.81 -12.90  16.69  31.82  58.35 331.55   1.50 1.50 4.00  4.00   6.00
348 14 4  25.61  -8.81  16.69  31.82  58.35 341.02   1.50 1.50 4.00  4.00   6.00
349 14 4  26.71  -4.47  16.69  31.82  58.35 350.49   1.50 1.50 4.00  4.00   6.00
350 15 4  27.77   0.00  15.12  31.62  61.43   0.00   1.50 1.50 4.00  4.00   6.00
351 15 4  27.41   4.45  15.12  31.62  61.43   9.23   1.50 1.50 4.00  4.00   6.00
352 15 4  26.34   8.79  15.12  31.62  61.43  18.46   1.50 1.50 4.00  4.00   6.00
353 15 4  24.59  12.90  15.12  31.62  61.43  27.69   1.50 1.50 4.00  4.00   6.00
354 15 4  22.20  16.68  15.12  31.62  61.43  36.92   1.50 1.50 4.00  4.00   6.00
355 15 4  19.24  20.03  15.12  31.62  61.43  46.15   1.50 1.50 4.00  4.00   6.00
356 15 4  15.77  22.85  15.12  31.62  61.43  55.38   1.50 1.50 4.00  4.00   6.00
357 15 4  11.90  25.09  15.12  31.62  61.43  64.61   1.50 1.50 4.00  4.00   6.00
358 15 4   7.73  26.67  15.12  31.62  61.43  73.84   1.50 1.50 4.00  4.00   6.00
359 15 4   3.35  27.57  15.12  31.62  61.43  83.07   1.50 1.50 4.00  4.00   6.00
360 15 4  -1.12  27.75  15.12  31.62  61.43  92.31   1.50 1.50 4.00  4.00   6.00
361 15 4  -5.55  27.21  15.12  31.62  61.43 101.54   1.50 1.50 4.00  4.00   6.00
362 15 4  -9.85  25.96  15.12  31.62  61.43 110.77   1.50 1.50 4.00  4.00   6.00
363 15 4 -13.88  24.05  15.12  31.62  61.43 120.00   1.50 1.50 4.00  4.00   6.00
364 15 4 -17.56  21.51  15.12  31.62  61.43 129.23   1.50 1.50 4.00  4.00   6.00
365 15 4 -20.78  18.42  15.12  31.62  61.43 138.46   1.50 1.50 4.00  4.00   6.00
366 15 4 -23.47  14.84  15.12  31.62  61.43 147.69   1.50 1.50 4.00  4.00   6.00
367 15 4 -25.55  10.89  15.12  31.62  61.43 156.92   1.50 1.50 4.00  4.00   6.00
368 15 4 -26.96   6.65  15.12  31.62  61.43 166.15   1.50 1.50 4.00  4.00   6.00
369 15 4 -27.68   2.24  15.12  31.62  61.43 175.38   1.50 1.50 4.00  4.00   6.00
370 15 4 -27.68  -2.23  15.12  31.62  61.43 184.61   1.50 1.50 4.00  4.00   6.00
371 15 4 -26.96  -6.64  15.12  31.62  61.43 193.84   1.50 1.50 4.00  4.00   6.00
372 15 4 -25.55 -10.88  15.12  31.62  61.43 203.07   1.50 1.50 4.00  4.00   6.00
373 15 4 -23.47 -14.84  15.12  31.62  61.43 212.30   1.50 1.50 4.00  4.00   6.00
374 15 4 -20.79 -18.41  15.12  31.62  61.43 221.53   1.50 1.50 4.00  4.00   6.00
375 15 4 -17.56 -21.51  15.12  31.62  61.43 230.76   1.50 1.50 4.00  4.00   6.00
376 15 4 -13.89 -24.05  15.12  31.62  61.43 239.99   1.50 1.50 4.00  4.00   6.00
377 15 4  -9.85 -25.96  15.12  31.62  61.43 249.22   1.50 1.50 4.00  4.00   6.00
378 15 4  -5.56 -27.21  15.12  31.62  61.43 258.45   1.50 1.50 4.00  4.00   6.00
379 15 4  -1.12 -27.75  15.12  31.62  61.43 267.69   1.50 1.50 4.00  4.00   6.00
380 15 4   3.34 -27.57  15.12  31.62  61.43 276.92   1.50 1.50 4.00  4.00   6.00
381 15 4   7.72 -26.67  15.12  31.62  61.43 286.15   1.50 1.50 4.00  4.00   6.00
382 15 4  11.90 -25.09  15.12  31.62  61.43 295.38   1.50 1.50 4.00  4.00   6.00
383 15 4  15.77 -22.86  15.12  31.62  61.43 304.61   1.50 1.50 4.00  4.00   6.00
384 15 4  19.23 -20.03  15.12  31.62  61.43 313.84   1.50 1.50 4.00  4.00   6.00
385 15 4  22.20 -16.69  15.12  31.62  61.43 323.07   1.50 1.50 4.00  4.00   6.00
386 15 4  24.59 -12.91  15.12  31.62  61.43 332.30   1.50 1.50 4.00  4.00   6.00
387 15 4  26.34  -8.80  15.12  31.62  61.43 341.53   1.50 1.50 4.00  4.00   6.00
388 15 4  27.41  -4.46  15.12  31.62  61.43 350.76   1.50 1.50 4.00  4.00   6.00
389 16 4  28.45   0.00  13.55  31.51  64.53   0.00   1.50 1.50 4.00  4.00   6.00
390 16 4  28.10   4.45  13.55  31.51  64.53   9.00   1.50 1.50 4.00  4.00   6.00
391 16 4  27.05   8.79  13.55  31.51  64.53  18.00   1.50 1.50 4.00  4.00   6.00
392 16 4  25.35  12.91  13.55  31.51  64.53  27.00   1.50 1.50 4.00  4.00   6.00
393 16 4  23.02  16.72  13.55  31.51  64.53  36.00   1.50 1.50 4.00  4.00   6.00
394 16 4  20.12  20.11  13.55  31.51  64.53  44.99   1.50 1.50 4.00  4.00   6.00
395 16 4  16.72  23.01  13.55  31.51  64.53  53.99   1.50 1.50 4.00  4.00   6.00
396 16 4  12.92  25.34  13.55  31.51  64.53  62.99   1.50 1.50 4.00  4.00   6.00
397 16 4   8.79  27.05  13.55  31.51  64.53  71.99   1.50 1.50 4.00  4.00   6.00
398 16 4   4.46  28.10  13.55  31.51  64.53  80.99   1.50 1.50 4.00  4.00   6.00
399 16 4   0.01  28.45  13.55  31.51  64.53  89.99   1.50 1.50 4.00  4.00   6.00
400 16 4  -4.44  28.10  13.55  31.51  64.53  98.99   1.50 1.50 4.00  4.00   6.00
401 16 4  -8.78  27.06  13.55  31.51  64.53 107.99   1.50 1.50 4.00  4.00   6.00
402 16 4 -12.91  25.35  13.55  31.51  64.53 116.99   1.50 1.50 4.00  4.00   6.00
403 16 4 -16.71  23.02  13.55  31.51  64.53 125.98   1.50 1.50 4.00  4.00   6.00
404 16 4 -20.11  20.12  13.55  31.51  64.53 134.98   1.50 1.50 4.00  4.00   6.00
405 16 4 -23.01  16.73  13.55  31.51  64.53 143.98   1.50 1.50 4.00  4.00   6.00
406 16 4 -25.34  12.92  13.55  31.51  64.53 152.98   1.50 1.50 4.00  4.00   6.00
407 16 4 -27.05   8.80  13.55  31.51  64.53 161.98   1.50 1.50 4.00  4.00   6.00
408 16 4 -28.09   4.46  13.55  31.51  64.53 170.98   1.50 1.50 4.00  4.00   6.00
409 16 4 -28.45   0.01  13.55  31.51  64.53 179.98   1.50 1.50 4.00  4.00   6.00
410 16 4 -28.10  -4.44  13.55  31.51  64.53 188.98   1.50 1.50 4.00  4.00   6.00
411 16 4 -27.06  -8.78  13.55  31.51  64.53 197.98   1.50 1.50 4.00  4.00   6.00
412 16 4 -25.35 -12.90  13.55  31.51  64.53 206.97   1.50 1.50 4.00  4.00   6.00
413 16 4 -23.02 -16.71  13.55  31.51  64.53 215.97   1.50 1.50 4.00  4.00   6.00
414 16 4 -20.12 -20.10  13.55  31.51  64.53 224.97   1.50 1.50 4.00  4.00   6.00
415 16 4 -16.73 -23.01  13.55  31.51  64.53 233.97   1.50 1.50 4.00  4.00   6.00
416 16 4 -12.93 -25.34  13.55  31.51  64.53 242.97   1.50 1.50 4.00  4.00   6.00
417 16 4  -8.81 -27.05  13.55  31.51  64.53 251.97   1.50 1.50 4.00  4.00   6.00
418 16 4  -4.47 -28.09  13.55  31.51  64.53 260.97   1.50 1.50 4.00  4.00   6.00
419 16 4  -0.02 -28.45  13.55  31.51  64.53 269.97   1.50 1.50 4.00  4.00   6.00
420 16 4   4.43 -28.10  13.55  31.51  64.53 278.96   1.50 1.50 4.00  4.00   6.00
421 16 4   8.77 -27.06  13.55  31.51  64.53 287.96   1.50 1.50 4.00  4.00   6.00
422 16 4  12.90 -25.35  13.55  31.51  64.53 296.96   1.50 1.50 4.00  4.00   6.00
423 16 4  16.70 -23.02  13.55  31.51  64.53 305.96   1.50 1.50 4.00  4.00   6.00
424 16 4  20.10 -20.13  13.55  31.51  64.53 314.96   1.50 1.50 4.00  4.00   6.00
425 16 4  23.00 -16.74  13.55  31.51  64.53 323.96   1.50 1.50 4.00  4.00   6.00
426 16 4  25.34 -12.93  13.55  31.51  64.53 332.96   1.50 1.50 4.00  4.00   6.00
427 16 4  27.05  -8.81  13.55  31.51  64.53 341.96   1.50 1.50 4.00  4.00   6.00
428 16 4  28.09  -4.47  13.55  31.51  64.53 350.96   1.50 1.50 4.00  4.00   6.00
429 17 4  28.47   0.00  11.71  30.79  67.65   0.00   1.50 1.50 4.00  4.00   6.00
430 17 4  28.12   4.45  11.71  30.79  67.65   9.00   1.50 1.50 4.00  4.00   6.00
431 17 4  27.08   8.80  11.71  30.79  67.65  18.00   1.50 1.50 4.00  4.00   6.00
432 17 4  25.37  12.93  11.71  30.79  67.65  27.00   1.50 1.50 4.00  4.00   6.00
433 17 4  23.04  16.74  11.71  30.79  67.65  36.00   1.50 1.50 4.00  4.00   6.00
434 17 4  20.13  20.13  11.71  30.79  67.65  45.00   1.50 1.50 4.00  4.00   6.00
435 17 4  16.74  23.03  11.71  30.79  67.65  54.00   1.50 1.50 4.00  4.00   6.00
436 17 4  12.93  25.37  11.71  30.79  67.65  63.00   1.50 1.50 4.00  4.00   6.00
437 17 4   8.80  27.08  11.71  30.79  67.65  72.00   1.50 1.50 4.00  4.00   6.00
438 17 4   4.46  28.12  11.71  30.79  67.65  81.00   1.50 1.50 4.00  4.00   6.00
439 17 4   0.00  28.47  11.71  30.79  67.65  89.99   1.50 1.50 4.00  4.00   6.00
440 17 4  -4.45  28.12  11.71  30.79  67.65  98.99   1.50 1.50 4.00  4.00   6.00
441 17 4  -8.80  27.08  11.71  30.79  67.65 107.99   1.50 1.50 4.00  4.00   6.00
442 17 4 -12.92  25.37  11.71  30.79  67.65 116.99   1.50 1.50 4.00  4.00   6.00
443 17 4 -16.73  23.04  11.71  30.79  67.65 125.99   1.50 1.50 4.00  4.00   6.00
444 17 4 -20.13  20.14  11.71  30.79  67.65 134.99   1.50 1.50 4.00  4.00   6.00
445 17 4 -23.03  16.74  11.71  30.79  67.65 143.99   1.50 1.50 4.00  4.00   6.00
446 17 4 -25.37  12.93  11.71  30.79  67.65 152.99   1.50 1.50 4.00  4.00   6.00
447 17 4 -27.08   8.80  11.71  30.79  67.65 161.99   1.50 1.50 4.00  4.00   6.00
448 17 4 -28.12   4.46  11.71  30.79  67.65 170.99   1.50 1.50 4.00  4.00   6.00
449 17 4 -28.47   0.01  11.71  30.79  67.65 179.99   1.50 1.50 4.00  4.00   6.00
450 17 4 -28.12  -4.45  11.71  30.79  67.65 188.99   1.50 1.50 4.00  4.00   6.00
451 17 4 -27.08  -8.79  11.71  30.79  67.65 197.99   1.50 1.50 4.00  4.00   6.00
452 17 4 -25.37 -12.92  11.71  30.79  67.65 206.99   1.50 1.50 4.00  4.00   6.00
453 17 4 -23.04 -16.73  11.71  30.79  67.65 215.99   1.50 1.50 4.00  4.00   6.00
454 17 4 -20.14 -20.13  11.71  30.79  67.65 224.99   1.50 1.50 4.00  4.00   6.00
455 17 4 -16.74 -23.03  11.71  30.79  67.65 233.99   1.50 1.50 4.00  4.00   6.00
456 17 4 -12.93 -25.37  11.71  30.79  67.65 242.99   1.50 1.50 4.00  4.00   6.00
457 17 4  -8.81 -27.08  11.71  30.79  67.65 251.98   1.50 1.50 4.00  4.00   6.00
458 17 4  -4.46 -28.12  11.71  30.79  67.65 260.98   1.50 1.50 4.00  4.00   6.00
459 17 4  -0.01 -28.47  11.71  30.79  67.65 269.98   1.50 1.50 4.00  4.00   6.00
460 17 4   4.45 -28.12  11.71  30.79  67.65 278.98   1.50 1.50 4.00  4.00   6.00
461 17 4   8.79 -27.08  11.71  30.79  67.65 287.98   1.50 1.50 4.00  4.00   6.00
462 17 4  12.92 -25.37  11.71  30.79  67.65 296.98   1.50 1.50 4.00  4.00   6.00
463 17 4  16.73 -23.04  11.71  30.79  67.65 305.98   1.50 1.50 4.00  4.00   6.00
464 17 4  20.13 -20.14  11.71  30.79  67.65 314.98   1.50 1.50 4.00  4.00   6.00
465 17 4  23.03 -16.74  11.71  30.79  67.65 323.98   1.50 1.50 4.00  4.00   6.00
466 17 4  25.37 -12.94  11.71  30.79  67.65 332.98   1.50 1.50 4.00  4.00   6.00
467 17 4  27.08  -8.81  11.71  30.79  67.65 341.98   1.50 1.50 4.00  4.00   6.00
468 17 4  28.12  -4.46  11.71  30.79  67.65 350.98   1.50 1.50 4.00  4.00   6.00
469 18 4  28.49   0.00   9.90  30.16  70.85   0.00   1.50 1.50 4.00  4.00   6.00
470 18 4  28.14   4.46   9.90  30.16  70.85   9.00   1.50 1.50 4.00  4.00   6.00
471 18 4  27.10   8.80   9.90  30.16  70.85  18.00   1.50 1.50 4.00  4.00   6.00
472 18 4  25.39  12.94   9.90  30.16  70.85  27.00   1.50 1.50 4.00  4.00   6.00
473 18 4  23.05  16.75   9.90  30.16  70.85  36.00   1.50 1.50 4.00  4.00   6.00
474 18 4  20.15  20.15   9.90  30.16  70.85  45.00   1.50 1.50 4.00  4.00   6.00
475 18 4  16.75  23.05   9.90  30.16  70.85  54.00   1.50 1.50 4.00  4.00   6.00
476 18 4  12.94  25.39   9.90  30.16  70.85  62.99   1.50 1.50 4.00  4.00   6.00
477 18 4   8.81  27.10   9.90  30.16  70.85  71.99   1.50 1.50 4.00  4.00   6.00
478 18 4   4.46  28.14   9.90  30.16  70.85  80.99   1.50 1.50 4.00  4.00   6.00
479 18 4   0.00  28.49   9.90  30.16  70.85  89.99   1.50 1.50 4.00  4.00   6.00
480 18 4  -4.45  28.14   9.90  30.16  70.85  98.99   1.50 1.50 4.00  4.00   6.00
481 18 4  -8.80  27.10   9.90  30.16  70.85 107.99   1.50 1.50 4.00  4.00   6.00
482 18 4 -12.93  25.39   9.90  30.16  70.85 116.99   1.50 1.50 4.00  4.00   6.00
483 18 4 -16.74  23.06   9.90  30.16  70.85 125.99   1.50 1.50 4.00  4.00   6.00
484 18 4 -20.14  20.15   9.90  30.16  70.85 134.99   1.50 1.50 4.00  4.00   6.00
485 18 4 -23.05  16.75   9.90  30.16  70.85 143.99   1.50 1.50 4.00  4.00   6.00
486 18 4 -25.39  12.94   9.90  30.16  70.85 152.99   1.50 1.50 4.00  4.00   6.00
487 18 4 -27.10   8.81   9.90  30.16  70.85 161.99   1.50 1.50 4.00  4.00   6.00
488 18 4 -28.14   4.46   9.90  30.16  70.85 170.99   1.50 1.50 4.00  4.00   6.00
489 18 4 -28.49   0.01   9.90  30.16  70.85 179.98   1.50 1.50 4.00  4.00   6.00
490 18 4 -28.14  -4.45   9.90  30.16  70.85 188.98   1.50 1.50 4.00  4.00   6.00
491 18 4 -27.10  -8.80   9.90  30.16  70.85 197.98   1.50 1.50 4.00  4.00   6.00
492 18 4 -25.39 -12.93   9.90  30.16  70.85 206.98   1.50 1.50 4.00  4.00   6.00
493 18 4 -23.06 -16.74   9.90  30.16  70.85 215.98   1.50 1.50 4.00  4.00   6.00
494 18 4 -20.16 -20.14   9.90  30.16  70.85 224.98   1.50 1.50 4.00  4.00   6.00
495 18 4 -16.76 -23.05   9.90  30.16  70.85 233.98   1.50 1.50 4.00  4.00   6.00
496 18 4 -12.95 -25.38   9.90  30.16  70.85 242.98   1.50 1.50 4.00  4.00   6.00
497 18 4  -8.82 -27.10   9.90  30.16  70.85 251.98   1.50 1.50 4.00  4.00   6.00
498 18 4  -4.47 -28.14   9.90  30.16  70.85 260.98   1.50 1.50 4.00  4.00   6.00
499 18 4  -0.01 -28.49   9.90  30.16  70.85 269.98   1.50 1.50 4.00  4.00   6.00
500 18 4   4.45 -28.15   9.90  30.16  70.85 278.98   1.50 1.50 4.00  4.00   6.00
501 18 4   8.79 -27.10   9.90  30.16  70.85 287.98   1.50 1.50 4.00  4.00   6.00
502 18 4  12.93 -25.39   9.90  30.16  70.85 296.97   1.50 1.50 4.00  4.00   6.00
503 18 4  16.74 -23.06   9.90  30.16  70.85 305.97   1.50 1.50 4.00  4.00   6.00
504 18 4  20.14 -20.16   9.90  30.16  70.85 314.97   1.50 1.50 4.00  4.00   6.00
505 18 4  23.04 -16.76   9.90  30.16  70.85 323.97   1.50 1.50 4.00  4.00   6.00
506 18 4  25.38 -12.95   9.90  30.16  70.85 332.97   1.50 1.50 4.00  4.00   6.00
507 18 4  27.10  -8.82   9.90  30.16  70.85 341.97   1.50 1.50 4.00  4.00   6.00
508 18 4  28.14  -4.47   9.90  30.16  70.85 350.97   1.50 1.50 4.00  4.00   6.00
509 19 4  28.50   0.00   8.12  29.64  74.10   0.00   1.50 1.50 4.00  4.00   6.00
510 19 4  28.15   4.46   8.12  29.64  74.10   9.00   1.50 1.50 4.00  4.00   6.00
511 19 4  27.11   8.81   8.12  29.64  74.10  18.00   1.50 1.50 4.00  4.00   6.00
512 19 4  25.40  12.94   8.12  29.64  74.10  27.00   1.50 1.50 4.00  4.00   6.00
513 19 4  23.06  16.75   8.12  29.64  74.10  36.00   1.50 1.50 4.00  4.00   6.00
514 19 4  20.16  20.15   8.12  29.64  74.10  45.00   1.50 1.50 4.00  4.00   6.00
515 19 4  16.76  23.06   8.12  29.64  74.10  54.00   1.50 1.50 4.00  4.00   6.00
516 19 4  12.94  25.40   8.12  29.64  74.10  63.00   1.50 1.50 4.00  4.00   6.00
517 19 4   8.81  27.11   8.12  29.64  74.10  72.00   1.50 1.50 4.00  4.00   6.00
518 19 4   4.46  28.15   8.12  29.64  74.10  81.00   1.50 1.50 4.00  4.00   6.00
519 19 4   0.00  28.50   8.12  29.64  74.10  90.00   1.50 1.50 4.00  4.00   6.00
520 19 4  -4.46  28.15   8.12  29.64  74.10  98.99   1.50 1.50 4.00  4.00   6.00
521 19 4  -8.81  27.11   8.12  29.64  74.10 107.99   1.50 1.50 4.00  4.00   6.00
522 19 4 -12.94  25.40   8.12  29.64  74.10 116.99   1.50 1.50 4.00  4.00   6.00
523 19 4 -16.75  23.06   8.12  29.64  74.10 125.99   1.50 1.50 4.00  4.00   6.00
524 19 4 -20.15  20.16   8.12  29.64  74.10 134.99   1.50 1.50 4.00  4.00   6.00
525 19 4 -23.06  16.76   8.12  29.64  74.10 143.99   1.50 1.50 4.00  4.00   6.00
526 19 4 -25.40  12.94   8.12  29.64  74.10 152.99   1.50 1.50 4.00  4.00   6.00
527 19 4 -27.11   8.81   8.12  29.64  74.10 161.99   1.50 1.50 4.00  4.00   6.00
528 19 4 -28.15   4.46   8.12  29.64  74.10 170.99   1.50 1.50 4.00  4.00   6.00
529 19 4 -28.50   0.00   8.12  29.64  74.10 179.99   1.50 1.50 4.00  4.00   6.00
530 19 4 -28.15  -4.45   8.12  29.64  74.10 188.99   1.50 1.50 4.00  4.00   6.00
531 19 4 -27.11  -8.80   8.12  29.64  74.10 197.99   1.50 1.50 4.00  4.00   6.00
532 19 4 -25.40 -12.94   8.12  29.64  74.10 206.99   1.50 1.50 4.00  4.00   6.00
533 19 4 -23.06 -16.75   8.12  29.64  74.10 215.99   1.50 1.50 4.00  4.00   6.00
534 19 4 -20.16 -20.15   8.12  29.64  74.10 224.99   1.50 1.50 4.00  4.00   6.00
535 19 4 -16.76 -23.06   8.12  29.64  74.10 233.99   1.50 1.50 4.00  4.00   6.00
536 19 4 -12.95 -25.39   8.12  29.64  74.10 242.99   1.50 1.50 4.00  4.00   6.00
537 19 4  -8.81 -27.11   8.12  29.64  74.10 251.99   1.50 1.50 4.00  4.00   6.00
538 19 4  -4.47 -28.15   8.12  29.64  74.10 260.99   1.50 1.50 4.00  4.00   6.00
539 19 4  -0.01 -28.50   8.12  29.64  74.10 269.99   1.50 1.50 4.00  4.00   6.00
540 19 4   4.45 -28.15   8.12  29.64  74.10 278.98   1.50 1.50 4.00  4.00   6.00
541 19 4   8.80 -27.11   8.12  29.64  74.10 287.98   1.50 1.50 4.00  4.00   6.00
542 19 4  12.93 -25.40   8.12  29.64  74.10 296.98   1.50 1.50 4.00  4.00   6.00
543 19 4  16.75 -23.07   8.12  29.64  74.10 305.98   1.50 1.50 4.00  4.00   6.00
544 19 4  20.15 -20.16   8.12  29.64  74.10 314.98   1.50 1.50 4.00  4.00   6.00
545 19 4  23.06 -16.76   8.12  29.64  74.10 323.98   1.50 1.50 4.00  4.00   6.00
546 19 4  25.39 -12.95   8.12  29.64  74.10 332.98   1.50 1.50 4.00  4.00   6.00
547 19 4  27.11  -8.82   8.12  29.64  74.10 341.98   1.50 1.50 4.00  4.00   6.00
548 19 4  28.15  -4.47   8.12  29.64  74.10 350.98   1.50 1.50 4.00  4.00   6.00
549 20 4  27.87   0.00   6.21  28.55  77.44   0.00   1.50 1.50 4.00  4.00   6.00
550 20 4  27.51   4.47   6.21  28.55  77.44   9.23   1.50 1.50 4.00  4.00   6.00
551 20 4  26.43   8.82   6.21  28.55  77.44  18.46   1.50 1.50 4.00  4.00   6.00
552 20 4  24.68  12.95   6.21  28.55  77.44  27.69   1.50 1.50 4.00  4.00   6.00
553 20 4  22.28  16.74   6.21  28.55  77.44  36.92   1.50 1.50 4.00  4.00   6.00
554 20 4  19.31  20.10   6.21  28.55  77.44  46.15   1.50 1.50 4.00  4.00   6.00
555 20 4  15.83  22.93   6.21  28.55  77.44  55.38   1.50 1.50 4.00  4.00   6.00
556 20 4  11.95  25.18   6.21  28.55  77.44  64.61   1.50 1.50 4.00  4.00   6.00
557 20 4   7.76  26.77   6.21  28.55  77.44  73.84   1.50 1.50 4.00  4.00   6.00
558 20 4   3.36  27.66   6.21  28.55  77.44  83.07   1.50 1.50 4.00  4.00   6.00
559 20 4  -1.12  27.85   6.21  28.55  77.44  92.30   1.50 1.50 4.00  4.00   6.00
560 20 4  -5.57  27.31   6.21  28.55  77.44 101.53   1.50 1.50 4.00  4.00   6.00
561 20 4  -9.88  26.06   6.21  28.55  77.44 110.76   1.50 1.50 4.00  4.00   6.00
562 20 4 -13.93  24.14   6.21  28.55  77.44 119.99   1.50 1.50 4.00  4.00   6.00
563 20 4 -17.62  21.59   6.21  28.55  77.44 129.22   1.50 1.50 4.00  4.00   6.00
564 20 4 -20.85  18.49   6.21  28.55  77.44 138.45   1.50 1.50 4.00  4.00   6.00
565 20 4 -23.55  14.90   6.21  28.55  77.44 147.68   1.50 1.50 4.00  4.00   6.00
566 20 4 -25.64  10.93   6.21  28.55  77.44 156.91   1.50 1.50 4.00  4.00   6.00
567 20 4 -27.06   6.68   6.21  28.55  77.44 166.14   1.50 1.50 4.00  4.00   6.00
568 20 4 -27.78   2.25   6.21  28.55  77.44 175.37   1.50 1.50 4.00  4.00   6.00
569 20 4 -27.78  -2.23   6.21  28.55  77.44 184.60   1.50 1.50 4.00  4.00   6.00
570 20 4 -27.06  -6.66   6.21  28.55  77.44 193.82   1.50 1.50 4.00  4.00   6.00
571 20 4 -25.64 -10.91   6.21  28.55  77.44 203.05   1.50 1.50 4.00  4.00   6.00
572 20 4 -23.56 -14.89   6.21  28.55  77.44 212.28   1.50 1.50 4.00  4.00   6.00
573 20 4 -20.87 -18.47   6.21  28.55  77.44 221.51   1.50 1.50 4.00  4.00   6.00
574 20 4 -17.63 -21.58   6.21  28.55  77.44 230.74   1.50 1.50 4.00  4.00   6.00
575 20 4 -13.95 -24.13   6.21  28.55  77.44 239.97   1.50 1.50 4.00  4.00   6.00
576 20 4  -9.89 -26.05   6.21  28.55  77.44 249.20   1.50 1.50 4.00  4.00   6.00
577 20 4  -5.59 -27.30   6.21  28.55  77.44 258.43   1.50 1.50 4.00  4.00   6.00
578 20 4  -1.14 -27.85   6.21  28.55  77.44 267.66   1.50 1.50 4.00  4.00   6.00
579 20 4   3.34 -27.67   6.21  28.55  77.44 276.89   1.50 1.50 4.00  4.00   6.00
580 20 4   7.74 -26.77   6.21  28.55  77.44 286.12   1.50 1.50 4.00  4.00   6.00
581 20 4  11.93 -25.18   6.21  28.55  77.44 295.35   1.50 1.50 4.00  4.00   6.00
582 20 4  15.82 -22.94   6.21  28.55  77.44 304.58   1.50 1.50 4.00  4.00   6.00
583 20 4  19.29 -20.11   6.21  28.55  77.44 313.81   1.50 1.50 4.00  4.00   6.00
584 20 4  22.27 -16.76   6.21  28.55  77.44 323.04   1.50 1.50 4.00  4.00   6.00
585 20 4  24.67 -12.97   6.21  28.55  77.44 332.27   1.50 1.50 4.00  4.00   6.00
586 20 4  26.43  -8.84   6.21  28.55  77.44 341.50   1.50 1.50 4.00  4.00   6.00
587 20 4  27.50  -4.49   6.21  28.55  77.44 350.73   1.50 1.50 4.00  4.00   6.00
588 21 4  27.86   0.00   4.48  28.21  80.87   0.00   1.50 1.50 4.00  4.00   6.00
589 21 4  27.50   4.47   4.48  28.21  80.87   9.23   1.50 1.50 4.00  4.00   6.00
590 21 4  26.42   8.82   4.48  28.21  80.87  18.46   1.50 1.50 4.00  4.00   6.00
591 21 4  24.67  12.95   4.48  28.21  80.87  27.69   1.50 1.50 4.00  4.00   6.00
592 21 4  22.27  16.73   4.48  28.21  80.87  36.92   1.50 1.50 4.00  4.00   6.00
593 21 4  19.30  20.09   4.48  28.21  80.87  46.15   1.50 1.50 4.00  4.00   6.00
594 21 4  15.83  22.92   4.48  28.21  80.87  55.38   1.50 1.50 4.00  4.00   6.00
595 21 4  11.94  25.17   4.48  28.21  80.87  64.61   1.50 1.50 4.00  4.00   6.00
596 21 4   7.75  26.76   4.48  28.21  80.87  73.84   1.50 1.50 4.00  4.00   6.00
597 21 4   3.36  27.65   4.48  28.21  80.87  83.07   1.50 1.50 4.00  4.00   6.00
598 21 4  -1.12  27.83   4.48  28.21  80.87  92.30   1.50 1.50 4.00  4.00   6.00
599 21 4  -5.57  27.29   4.48  28.21  80.87 101.53   1.50 1.50 4.00  4.00   6.00
600 21 4  -9.88  26.05   4.48  28.21  80.87 110.76   1.50 1.50 4.00  4.00   6.00
601 21 4 -13.93  24.13   4.48  28.21  80.87 119.99   1.50 1.50 4.00  4.00   6.00
602 21 4 -17.62  21.58   4.48  28.21  80.87 129.22   1.50 1.50 4.00  4.00   6.00
603 21 4 -20.85  18.48   4.48  28.21  80.87 138.45   1.50 1.50 4.00  4.00   6.00
604 21 4 -23.54  14.89   4.48  28.21  80.87 147.68   1.50 1.50 4.00  4.00   6.00
605 21 4 -25.63  10.92   4.48  28.21  80.87 156.91   1.50 1.50 4.00  4.00   6.00
606 21 4 -27.05   6.67   4.48  28.21  80.87 166.14   1.50 1.50 4.00  4.00   6.00
607 21 4 -27.77   2.25   4.48  28.21  80.87 175.37   1.50 1.50 4.00  4.00   6.00
608 21 4 -27.77  -2.24   4.48  28.21  80.87 184.60   1.50 1.50 4.00  4.00   6.00
609 21 4 -27.05  -6.66   4.48  28.21  80.87 193.83   1.50 1.50 4.00  4.00   6.00
610 21 4 -25.63 -10.91   4.48  28.21  80.87 203.07   1.50 1.50 4.00  4.00   6.00
611 21 4 -23.55 -14.88   4.48  28.21  80.87 212.30   1.50 1.50 4.00  4.00   6.00
612 21 4 -20.86 -18.47   4.48  28.21  80.87 221.53   1.50 1.50 4.00  4.00   6.00
613 21 4 -17.62 -21.57   4.48  28.21  80.87 230.76   1.50 1.50 4.00  4.00   6.00
614 21 4 -13.93 -24.12   4.48  28.21  80.87 239.99   1.50 1.50 4.00  4.00   6.00
615 21 4  -9.88 -26.04   4.48  28.21  80.87 249.22   1.50 1.50 4.00  4.00   6.00
616 21 4  -5.58 -27.29   4.48  28.21  80.87 258.45   1.50 1.50 4.00  4.00   6.00
617 21 4  -1.13 -27.83   4.48  28.21  80.87 267.68   1.50 1.50 4.00  4.00   6.00
618 21 4   3.35 -27.65   4.48  28.21  80.87 276.91   1.50 1.50 4.00  4.00   6.00
619 21 4   7.74 -26.76   4.48  28.21  80.87 286.14   1.50 1.50 4.00  4.00   6.00
620 21 4  11.93 -25.17   4.48  28.21  80.87 295.37   1.50 1.50 4.00  4.00   6.00
621 21 4  15.82 -22.93   4.48  28.21  80.87 304.60   1.50 1.50 4.00  4.00   6.00
622 21 4  19.29 -20.10   4.48  28.21  80.87 313.83   1.50 1.50 4.00  4.00   6.00
623 21 4  22.26 -16.74   4.48  28.21  80.87 323.06   1.50 1.50 4.00  4.00   6.00
624 21 4  24.66 -12.95   4.48  28.21  80.87 332.29   1.50 1.50 4.00  4.00   6.00
625 21 4  26.42  -8.83   4.48  28.21  80.87 341.52   1.50 1.50 4.00  4.00   6.00
626 21 4  27.49  -4.48   4.48  28.21  80.87 350.75   1.50 1.50 4.00  4.00   6.00
627 22 4  27.20   0.00   2.68  27.33  84.38   0.00   1.50 1.50 4.00  4.00   6.00
628 22 4  26.83   4.48   2.68  27.33  84.38   9.47   1.50 1.50 4.00  4.00   6.00
629 22 4  25.72   8.83   2.68  27.33  84.38  18.95   1.50 1.50 4.00  4.00   6.00
630 22 4  23.92  12.94   2.68  27.33  84.38  28.42   1.50 1.50 4.00  4.00   6.00
631 22 4  21.46  16.70   2.68  27.33  84.38  37.89   1.50 1.50 4.00  4.00   6.00
632 22 4  18.42  20.01   2.68  27.33  84.38  47.36   1.50 1.50 4.00  4.00   6.00
633 22 4  14.88  22.77   2.68  27.33  84.38  56.84   1.50 1.50 4.00  4.00   6.00
634 22 4  10.93  24.91   2.68  27.33  84.38  66.31   1.50 1.50 4.00  4.00   6.00
635 22 4   6.68  26.36   2.68  27.33  84.38  75.78   1.50 1.50 4.00  4.00   6.00
636 22 4   2.25  27.10   2.68  27.33  84.38  85.25   1.50 1.50 4.00  4.00   6.00
637 22 4  -2.24  27.11   2.68  27.33  84.38  94.73   1.50 1.50 4.00  4.00   6.00
638 22 4  -6.67  26.37   2.68  27.33  84.38 104.20   1.50 1.50 4.00  4.00   6.00
639 22 4 -10.92  24.91   2.68  27.33  84.38 113.67   1.50 1.50 4.00  4.00   6.00
640 22 4 -14.87  22.77   2.68  27.33  84.38 123.15   1.50 1.50 4.00  4.00   6.00
641 22 4 -18.42  20.01   2.68  27.33  84.38 132.62   1.50 1.50 4.00  4.00   6.00
642 22 4 -21.46  16.71   2.68  27.33  84.38 142.09   1.50 1.50 4.00  4.00   6.00
643 22 4 -23.92  12.95   2.68  27.33  84.38 151.56   1.50 1.50 4.00  4.00   6.00
644 22 4 -25.72   8.84   2.68  27.33  84.38 161.04   1.50 1.50 4.00  4.00   6.00
645 22 4 -26.83   4.48   2.68  27.33  84.38 170.51   1.50 1.50 4.00  4.00   6.00
646 22 4 -27.20   0.01   2.68  27.33  84.38 179.98   1.50 1.50 4.00  4.00   6.00
647 22 4 -26.83  -4.47   2.68  27.33  84.38 189.45   1.50 1.50 4.00  4.00   6.00
648 22 4 -25.73  -8.82   2.68  27.33  84.38 198.93   1.50 1.50 4.00  4.00   6.00
649 22 4 -23.92 -12.94   2.68  27.33  84.38 208.40   1.50 1.50 4.00  4.00   6.00
650 22 4 -21.47 -16.70   2.68  27.33  84.38 217.87   1.50 1.50 4.00  4.00   6.00
651 22 4 -18.43 -20.00   2.68  27.33  84.38 227.35   1.50 1.50 4.00  4.00   6.00
652 22 4 -14.89 -22.76   2.68  27.33  84.38 236.82   1.50 1.50 4.00  4.00   6.00
653 22 4 -10.94 -24.90   2.68  27.33  84.38 246.29   1.50 1.50 4.00  4.00   6.00
654 22 4  -6.69 -26.36   2.68  27.33  84.38 255.76   1.50 1.50 4.00  4.00   6.00
655 22 4  -2.26 -27.10   2.68  27.33  84.38 265.24   1.50 1.50 4.00  4.00   6.00
656 22 4   2.23 -27.11   2.68  27.33  84.38 274.71   1.50 1.50 4.00  4.00   6.00
657 22 4   6.66 -26.37   2.68  27.33  84.38 284.18   1.50 1.50 4.00  4.00   6.00
658 22 4  10.91 -24.91   2.68  27.33  84.38 293.65   1.50 1.50 4.00  4.00   6.00
659 22 4  14.86 -22.78   2.68  27.33  84.38 303.13   1.50 1.50 4.00  4.00   6.00
660 22 4  18.41 -20.02   2.68  27.33  84.38 312.60   1.50 1.50 4.00  4.00   6.00
661 22 4  21.45 -16.72   2.68  27.33  84.38 322.07   1.50 1.50 4.00  4.00   6.00
662 22 4  23.91 -12.96   2.68  27.33  84.38 331.55   1.50 1.50 4.00  4.00   6.00
663 22 4  25.72  -8.85   2.68  27.33  84.38 341.02   1.50 1.50 4.00  4.00   6.00
664 22 4  26.82  -4.49   2.68  27.33  84.38 350.49   1.50 1.50 4.00  4.00   6.00
665 23 4  25.94   0.00   0.89  25.96  88.03   0.00   1.50 1.50 4.00  4.00   6.00
666 23 4  25.55   4.49   0.89  25.96  88.03   9.98   1.50 1.50 4.00  4.00   6.00
667 23 4  24.38   8.85   0.89  25.96  88.03  19.95   1.50 1.50 4.00  4.00   6.00
668 23 4  22.48  12.94   0.89  25.96  88.03  29.93   1.50 1.50 4.00  4.00   6.00
669 23 4  19.90  16.64   0.89  25.96  88.03  39.90   1.50 1.50 4.00  4.00   6.00
670 23 4  16.72  19.84   0.89  25.96  88.03  49.88   1.50 1.50 4.00  4.00   6.00
671 23 4  13.03  22.43   0.89  25.96  88.03  59.85   1.50 1.50 4.00  4.00   6.00
672 23 4   8.94  24.35   0.89  25.96  88.03  69.83   1.50 1.50 4.00  4.00   6.00
673 23 4   4.59  25.53   0.89  25.96  88.03  79.80   1.50 1.50 4.00  4.00   6.00
674 23 4   0.10  25.94   0.89  25.96  88.03  89.78   1.50 1.50 4.00  4.00   6.00
675 23 4  -4.40  25.57   0.89  25.96  88.03  99.76   1.50 1.50 4.00  4.00   6.00
676 23 4  -8.76  24.42   0.89  25.96  88.03 109.73   1.50 1.50 4.00  4.00   6.00
677 23 4 -12.86  22.53   0.89  25.96  88.03 119.71   1.50 1.50 4.00  4.00   6.00
678 23 4 -16.56  19.96   0.89  25.96  88.03 129.68   1.50 1.50 4.00  4.00   6.00
679 23 4 -19.77  16.79   0.89  25.96  88.03 139.66   1.50 1.50 4.00  4.00   6.00
680 23 4 -22.38  13.11   0.89  25.96  88.03 149.63   1.50 1.50 4.00  4.00   6.00
681 23 4 -24.31   9.04   0.89  25.96  88.03 159.61   1.50 1.50 4.00  4.00   6.00
682 23 4 -25.51   4.69   0.89  25.96  88.03 169.59   1.50 1.50 4.00  4.00   6.00
683 23 4 -25.94   0.20   0.89  25.96  88.03 179.56   1.50 1.50 4.00  4.00   6.00
684 23 4 -25.58  -4.30   0.89  25.96  88.03 189.54   1.50 1.50 4.00  4.00   6.00
685 23 4 -24.45  -8.66   0.89  25.96  88.03 199.51   1.50 1.50 4.00  4.00   6.00
686 23 4 -22.58 -12.77   0.89  25.96  88.03 209.49   1.50 1.50 4.00  4.00   6.00
687 23 4 -20.03 -16.49   0.89  25.96  88.03 219.46   1.50 1.50 4.00  4.00   6.00
688 23 4 -16.87 -19.71   0.89  25.96  88.03 229.44   1.50 1.50 4.00  4.00   6.00
689 23 4 -13.20 -22.33   0.89  25.96  88.03 239.41   1.50 1.50 4.00  4.00   6.00
690 23 4  -9.13 -24.28   0.89  25.96  88.03 249.39   1.50 1.50 4.00  4.00   6.00
691 23 4  -4.79 -25.49   0.89  25.96  88.03 259.37   1.50 1.50 4.00  4.00   6.00
692 23 4  -0.30 -25.94   0.89  25.96  88.03 269.34   1.50 1.50 4.00  4.00   6.00
693 23 4   4.20 -25.60   0.89  25.96  88.03 279.32   1.50 1.50 4.00  4.00   6.00
694 23 4   8.57 -24.48   0.89  25.96  88.03 289.29   1.50 1.50 4.00  4.00   6.00
695 23 4  12.68 -22.63   0.89  25.96  88.03 299.27   1.50 1.50 4.00  4.00   6.00
696 23 4  16.41 -20.09   0.89  25.96  88.03 309.24   1.50 1.50 4.00  4.00   6.00
697 23 4  19.64 -16.94   0.89  25.96  88.03 319.22   1.50 1.50 4.00  4.00   6.00
698 23 4  22.28 -13.28   0.89  25.96  88.03 329.19   1.50 1.50 4.00  4.00   6.00
699 23 4  24.24  -9.22   0.89  25.96  88.03 339.17   1.50 1.50 4.00  4.00   6.00
700 23 4  25.48  -4.88   0.89  25.96  88.03 349.15   1.50 1.50 4.00  4.00   6.00
701 24 4  25.25   0.00  -0.81  25.26  91.84   0.00   1.50 1.50 4.00  4.00   6.00
702 24 4  24.84   4.51  -0.81  25.26  91.84  10.28   1.50 1.50 4.00  4.00   6.00
703 24 4  23.64   8.87  -0.81  25.26  91.84  20.57   1.50 1.50 4.00  4.00   6.00
704 24 4  21.67  12.95  -0.81  25.26  91.84  30.85   1.50 1.50 4.00  4.00   6.00
705 24 4  19.01  16.61  -0.81  25.26  91.84  41.14   1.50 1.50 4.00  4.00   6.00
706 24 4  15.74  19.74  -0.81  25.26  91.84  51.42   1.50 1.50 4.00  4.00   6.00
707 24 4  11.97  22.23  -0.81  25.26  91.84  61.71   1.50 1.50 4.00  4.00   6.00
708 24 4   7.81  24.01  -0.81  25.26  91.84  71.99   1.50 1.50 4.00  4.00   6.00
709 24 4   3.39  25.02  -0.81  25.26  91.84  82.27   1.50 1.50 4.00  4.00   6.00
710 24 4  -1.13  25.22  -0.81  25.26  91.84  92.56   1.50 1.50 4.00  4.00   6.00
711 24 4  -5.61  24.62  -0.81  25.26  91.84 102.84   1.50 1.50 4.00  4.00   6.00
712 24 4  -9.92  23.22  -0.81  25.26  91.84 113.13   1.50 1.50 4.00  4.00   6.00
713 24 4 -13.90  21.07  -0.81  25.26  91.84 123.41   1.50 1.50 4.00  4.00   6.00
714 24 4 -17.44  18.25  -0.81  25.26  91.84 133.70   1.50 1.50 4.00  4.00   6.00
715 24 4 -20.42  14.85  -0.81  25.26  91.84 143.98   1.50 1.50 4.00  4.00   6.00
716 24 4 -22.74  10.96  -0.81  25.26  91.84 154.26   1.50 1.50 4.00  4.00   6.00
717 24 4 -24.33   6.73  -0.81  25.26  91.84 164.55   1.50 1.50 4.00  4.00   6.00
718 24 4 -25.14   2.27  -0.81  25.26  91.84 174.83   1.50 1.50 4.00  4.00   6.00
719 24 4 -25.15  -2.25  -0.81  25.26  91.84 185.12   1.50 1.50 4.00  4.00   6.00
720 24 4 -24.34  -6.71  -0.81  25.26  91.84 195.40   1.50 1.50 4.00  4.00   6.00
721 24 4 -22.75 -10.94  -0.81  25.26  91.84 205.69   1.50 1.50 4.00  4.00   6.00
722 24 4 -20.43 -14.83  -0.81  25.26  91.84 215.97   1.50 1.50 4.00  4.00   6.00
723 24 4 -17.46 -18.24  -0.81  25.26  91.84 226.25   1.50 1.50 4.00  4.00   6.00
724 24 4 -13.92 -21.06  -0.81  25.26  91.84 236.54   1.50 1.50 4.00  4.00   6.00
725 24 4  -9.94 -23.21  -0.81  25.26  91.84 246.82   1.50 1.50 4.00  4.00   6.00
726 24 4  -5.63 -24.61  -0.81  25.26  91.84 257.11   1.50 1.50 4.00  4.00   6.00
727 24 4  -1.15 -25.22  -0.81  25.26  91.84 267.39   1.50 1.50 4.00  4.00   6.00
728 24 4   3.37 -25.02  -0.81  25.26  91.84 277.68   1.50 1.50 4.00  4.00   6.00
729 24 4   7.79 -24.02  -0.81  25.26  91.84 287.96   1.50 1.50 4.00  4.00   6.00
730 24 4  11.95 -22.24  -0.81  25.26  91.84 298.25   1.50 1.50 4.00  4.00   6.00
731 24 4  15.73 -19.75  -0.81  25.26  91.84 308.53   1.50 1.50 4.00  4.00   6.00
732 24 4  19.00 -16.63  -0.81  25.26  91.84 318.81   1.50 1.50 4.00  4.00   6.00
733 24 4  21.66 -12.97  -0.81  25.26  91.84 329.10   1.50 1.50 4.00  4.00   6.00
734 24 4  23.63  -8.89  -0.81  25.26  91.84 339.38   1.50 1.50 4.00  4.00   6.00
735 24 4  24.84  -4.53  -0.81  25.26  91.84 349.67   1.50 1.50 4.00  4.00   6.00
736 25 4  24.06   0.00  -2.45  24.18  95.82   0.00   1.50 1.50 4.00  4.00   6.00
737 25 4  23.63   4.54  -2.45  24.18  95.82  10.88   1.50 1.50 4.00  4.00   6.00
738 25 4  22.34   8.92  -2.45  24.18  95.82  21.76   1.50 1.50 4.00  4.00   6.00
739 25 4  20.26  12.98  -2.45  24.18  95.82  32.64   1.50 1.50 4.00  4.00   6.00
740 25 4  17.44  16.57  -2.45  24.18  95.82  43.53   1.50 1.50 4.00  4.00   6.00
741 25 4  14.00  19.56  -2.45  24.18  95.82  54.41   1.50 1.50 4.00  4.00   6.00
742 25 4  10.06  21.86  -2.45  24.18  95.82  65.29   1.50 1.50 4.00  4.00   6.00
743 25 4   5.75  23.36  -2.45  24.18  95.82  76.17   1.50 1.50 4.00  4.00   6.00
744 25 4   1.24  24.03  -2.45  24.18  95.82  87.05   1.50 1.50 4.00  4.00   6.00
745 25 4  -3.32  23.83  -2.45  24.18  95.82  97.93   1.50 1.50 4.00  4.00   6.00
746 25 4  -7.76  22.77  -2.45  24.18  95.82 108.82   1.50 1.50 4.00  4.00   6.00
747 25 4 -11.92  20.90  -2.45  24.18  95.82 119.70   1.50 1.50 4.00  4.00   6.00
748 25 4 -15.65  18.27  -2.45  24.18  95.82 130.58   1.50 1.50 4.00  4.00   6.00
749 25 4 -18.82  14.99  -2.45  24.18  95.82 141.46   1.50 1.50 4.00  4.00   6.00
750 25 4 -21.31  11.17  -2.45  24.18  95.82 152.34   1.50 1.50 4.00  4.00   6.00
751 25 4 -23.03   6.94  -2.45  24.18  95.82 163.22   1.50 1.50 4.00  4.00   6.00
752 25 4 -23.93   2.47  -2.45  24.18  95.82 174.11   1.50 1.50 4.00  4.00   6.00
753 25 4 -23.97  -2.09  -2.45  24.18  95.82 184.99   1.50 1.50 4.00  4.00   6.00
754 25 4 -23.14  -6.58  -2.45  24.18  95.82 195.87   1.50 1.50 4.00  4.00   6.00
755 25 4 -21.48 -10.83  -2.45  24.18  95.82 206.75   1.50 1.50 4.00  4.00   6.00
756 25 4 -19.05 -14.69  -2.45  24.18  95.82 217.63   1.50 1.50 4.00  4.00   6.00
757 25 4 -15.94 -18.02  -2.45  24.18  95.82 228.51   1.50 1.50 4.00  4.00   6.00
758 25 4 -12.25 -20.71  -2.45  24.18  95.82 239.39   1.50 1.50 4.00  4.00   6.00
759 25 4  -8.12 -22.65  -2.45  24.18  95.82 250.28   1.50 1.50 4.00  4.00   6.00
760 25 4  -3.70 -23.77  -2.45  24.18  95.82 261.16   1.50 1.50 4.00  4.00   6.00
761 25 4   0.86 -24.04  -2.45  24.18  95.82 272.04   1.50 1.50 4.00  4.00   6.00
762 25 4   5.38 -23.45  -2.45  24.18  95.82 282.92   1.50 1.50 4.00  4.00   6.00
763 25 4   9.71 -22.01  -2.45  24.18  95.82 293.80   1.50 1.50 4.00  4.00   6.00
764 25 4  13.69 -19.78  -2.45  24.18  95.82 304.68   1.50 1.50 4.00  4.00   6.00
765 25 4  17.18 -16.84  -2.45  24.18  95.82 315.57   1.50 1.50 4.00  4.00   6.00
766 25 4  20.05 -13.30  -2.45  24.18  95.82 326.45   1.50 1.50 4.00  4.00   6.00
767 25 4  22.20  -9.27  -2.45  24.18  95.82 337.33   1.50 1.50 4.00  4.00   6.00
768 25 4  23.55  -4.92  -2.45  24.18  95.82 348.21   1.50 1.50 4.00  4.00   6.00
769 26 4  23.39   0.00  -4.12  23.75  99.98   0.00   1.50 1.50 4.00  4.00   6.00
770 26 4  22.94   4.56  -4.12  23.75  99.98  11.25   1.50 1.50 4.00  4.00   6.00
771 26 4  21.61   8.95  -4.12  23.75  99.98  22.50   1.50 1.50 4.00  4.00   6.00
772 26 4  19.45  13.00  -4.12  23.75  99.98  33.75   1.50 1.50 4.00  4.00   6.00
773 26 4  16.54  16.54  -4.12  23.75  99.98  45.00   1.50 1.50 4.00  4.00   6.00
774 26 4  13.00  19.45  -4.12  23.75  99.98  56.25   1.50 1.50 4.00  4.00   6.00
775 26 4   8.95  21.61  -4.12  23.75  99.98  67.50   1.50 1.50 4.00  4.00   6.00
776 26 4   4.57  22.94  -4.12  23.75  99.98  78.74   1.50 1.50 4.00  4.00   6.00
777 26 4   0.00  23.39  -4.12  23.75  99.98  89.99   1.50 1.50 4.00  4.00   6.00
778 26 4  -4.56  22.94  -4.12  23.75  99.98 101.24   1.50 1.50 4.00  4.00   6.00
779 26 4  -8.95  21.61  -4.12  23.75  99.98 112.49   1.50 1.50 4.00  4.00   6.00
780 26 4 -12.99  19.45  -4.12  23.75  99.98 123.74   1.50 1.50 4.00  4.00   6.00
781 26 4 -16.54  16.54  -4.12  23.75  99.98 134.99   1.50 1.50 4.00  4.00   6.00
782 26 4 -19.45  13.00  -4.12  23.75  99.98 146.24   1.50 1.50 4.00  4.00   6.00
783 26 4 -21.61   8.96  -4.12  23.75  99.98 157.49   1.50 1.50 4.00  4.00   6.00
784 26 4 -22.94   4.57  -4.12  23.75  99.98 168.74   1.50 1.50 4.00  4.00   6.00
785 26 4 -23.39   0.01  -4.12  23.75  99.98 179.99   1.50 1.50 4.00  4.00   6.00
786 26 4 -22.94  -4.56  -4.12  23.75  99.98 191.24   1.50 1.50 4.00  4.00   6.00
787 26 4 -21.61  -8.95  -4.12  23.75  99.98 202.49   1.50 1.50 4.00  4.00   6.00
788 26 4 -19.45 -12.99  -4.12  23.75  99.98 213.73   1.50 1.50 4.00  4.00   6.00
789 26 4 -16.55 -16.54  -4.12  23.75  99.98 224.98   1.50 1.50 4.00  4.00   6.00
790 26 4 -13.00 -19.45  -4.12  23.75  99.98 236.23   1.50 1.50 4.00  4.00   6.00
791 26 4  -8.96 -21.61  -4.12  23.75  99.98 247.48   1.50 1.50 4.00  4.00   6.00
792 26 4  -4.57 -22.94  -4.12  23.75  99.98 258.73   1.50 1.50 4.00  4.00   6.00
793 26 4  -0.01 -23.39  -4.12  23.75  99.98 269.98   1.50 1.50 4.00  4.00   6.00
794 26 4   4.56 -22.94  -4.12  23.75  99.98 281.23   1.50 1.50 4.00  4.00   6.00
795 26 4   8.94 -21.62  -4.12  23.75  99.98 292.48   1.50 1.50 4.00  4.00   6.00
796 26 4  12.99 -19.46  -4.12  23.75  99.98 303.73   1.50 1.50 4.00  4.00   6.00
797 26 4  16.53 -16.55  -4.12  23.75  99.98 314.98   1.50 1.50 4.00  4.00   6.00
798 26 4  19.44 -13.00  -4.12  23.75  99.98 326.23   1.50 1.50 4.00  4.00   6.00
799 26 4  21.61  -8.96  -4.12  23.75  99.98 337.48   1.50 1.50 4.00  4.00   6.00
800 26 4  22.94  -4.57  -4.12  23.75  99.98 348.72   1.50 1.50 4.00  4.00   6.00
801 27 4  22.12   0.00  -5.64  22.83 104.31   0.00   1.50 1.50 4.00  4.00   6.00
802 27 4  21.64   4.60  -5.64  22.83 104.31  12.00   1.50 1.50 4.00  4.00   6.00
803 27 4  20.21   9.00  -5.64  22.83 104.31  24.00   1.50 1.50 4.00  4.00   6.00
804 27 4  17.90  13.00  -5.64  22.83 104.31  36.00   1.50 1.50 4.00  4.00   6.00
805 27 4  14.80  16.44  -5.64  22.83 104.31  48.00   1.50 1.50 4.00  4.00   6.00
806 27 4  11.06  19.16  -5.64  22.83 104.31  60.00   1.50 1.50 4.00  4.00   6.00
807 27 4   6.84  21.04  -5.64  22.83 104.31  72.00   1.50 1.50 4.00  4.00   6.00
808 27 4   2.31  22.00  -5.64  22.83 104.31  84.00   1.50 1.50 4.00  4.00   6.00
809 27 4  -2.31  22.00  -5.64  22.83 104.31  96.00   1.50 1.50 4.00  4.00   6.00
810 27 4  -6.84  21.04  -5.64  22.83 104.31 108.00   1.50 1.50 4.00  4.00   6.00
811 27 4 -11.06  19.16  -5.64  22.83 104.31 120.00   1.50 1.50 4.00  4.00   6.00
812 27 4 -14.80  16.44  -5.64  22.83 104.31 132.00   1.50 1.50 4.00  4.00   6.00
813 27 4 -17.90  13.00  -5.64  22.83 104.31 144.00   1.50 1.50 4.00  4.00   6.00
814 27 4 -20.21   9.00  -5.64  22.83 104.31 156.00   1.50 1.50 4.00  4.00   6.00
815 27 4 -21.64   4.60  -5.64  22.83 104.31 168.00   1.50 1.50 4.00  4.00   6.00
816 27 4 -22.12   0.00  -5.64  22.83 104.31 180.00   1.50 1.50 4.00  4.00   6.00
817 27 4 -21.64  -4.60  -5.64  22.83 104.31 192.00   1.50 1.50 4.00  4.00   6.00
818 27 4 -20.21  -9.00  -5.64  22.83 104.31 204.00   1.50 1.50 4.00  4.00   6.00
819 27 4 -17.90 -13.00  -5.64  22.83 104.31 216.00   1.50 1.50 4.00  4.00   6.00
820 27 4 -14.80 -16.44  -5.64  22.83 104.31 228.00   1.50 1.50 4.00  4.00   6.00
821 27 4 -11.06 -19.16  -5.64  22.83 104.31 240.00   1.50 1.50 4.00  4.00   6.00
822 27 4  -6.84 -21.04  -5.64  22.83 104.31 252.00   1.50 1.50 4.00  4.00   6.00
823 27 4  -2.31 -22.00  -5.64  22.83 104.31 264.00   1.50 1.50 4.00  4.00   6.00
824 27 4   2.31 -22.00  -5.64  22.83 104.31 276.00   1.50 1.50 4.00  4.00   6.00
825 27 4   6.84 -21.04  -5.64  22.83 104.31 288.00   1.50 1.50 4.00  4.00   6.00
826 27 4  11.06 -19.16  -5.64  22.83 104.31 300.00   1.50 1.50 4.00  4.00   6.00
827 27 4  14.80 -16.44  -5.64  22.83 104.31 312.00   1.50 1.50 4.00  4.00   6.00
828 27 4  17.90 -13.00  -5.64  22.83 104.31 324.00   1.50 1.50 4.00  4.00   6.00
829 27 4  20.21  -9.00  -5.64  22.83 104.31 336.00   1.50 1.50 4.00  4.00   6.00
830 27 4  21.64  -4.60  -5.64  22.83 104.31 348.00   1.50 1.50 4.00  4.00   6.00
831 28 4  20.19   0.00  -6.93  21.35 108.93   0.00   1.50 1.50 4.00  4.00   6.00
832 28 4  19.65   4.66  -6.93  21.35 108.93  13.33   1.50 1.50 4.00  4.00   6.00
833 28 4  18.05   9.06  -6.93  21.35 108.93  26.67   1.50 1.50 4.00  4.00   6.00
834 28 4  15.47  12.98  -6.93  21.35 108.93  40.00   1.50 1.50 4.00  4.00   6.00
835 28 4  12.06  16.20  -6.93  21.35 108.93  53.33   1.50 1.50 4.00  4.00   6.00
836 28 4   8.00  18.54  -6.93  21.35 108.93  66.66   1.50 1.50 4.00  4.00   6.00
837 28 4   3.51  19.89  -6.93  21.35 108.93  80.00   1.50 1.50 4.00  4.00   6.00
838 28 4  -1.17  20.16  -6.93  21.35 108.93  93.33   1.50 1.50 4.00  4.00   6.00
839 28 4  -5.79  19.35  -6.93  21.35 108.93 106.66   1.50 1.50 4.00  4.00   6.00
840 28 4 -10.09  17.49  -6.93  21.35 108.93 119.99   1.50 1.50 4.00  4.00   6.00
841 28 4 -13.86  14.69  -6.93  21.35 108.93 133.33   1.50 1.50 4.00  4.00   6.00
842 28 4 -16.87  11.10  -6.93  21.35 108.93 146.66   1.50 1.50 4.00  4.00   6.00
843 28 4 -18.97   6.91  -6.93  21.35 108.93 159.99   1.50 1.50 4.00  4.00   6.00
844 28 4 -20.06   2.35  -6.93  21.35 108.93 173.32   1.50 1.50 4.00  4.00   6.00
845 28 4 -20.06  -2.34  -6.93  21.35 108.93 186.66   1.50 1.50 4.00  4.00   6.00
846 28 4 -18.98  -6.90  -6.93  21.35 108.93 199.99   1.50 1.50 4.00  4.00   6.00
847 28 4 -16.87 -11.09  -6.93  21.35 108.93 213.32   1.50 1.50 4.00  4.00   6.00
848 28 4 -13.86 -14.68  -6.93  21.35 108.93 226.65   1.50 1.50 4.00  4.00   6.00
849 28 4 -10.10 -17.49  -6.93  21.35 108.93 239.99   1.50 1.50 4.00  4.00   6.00
850 28 4  -5.80 -19.34  -6.93  21.35 108.93 253.32   1.50 1.50 4.00  4.00   6.00
851 28 4  -1.18 -20.16  -6.93  21.35 108.93 266.65   1.50 1.50 4.00  4.00   6.00
852 28 4   3.50 -19.89  -6.93  21.35 108.93 279.98   1.50 1.50 4.00  4.00   6.00
853 28 4   7.99 -18.54  -6.93  21.35 108.93 293.32   1.50 1.50 4.00  4.00   6.00
854 28 4  12.05 -16.20  -6.93  21.35 108.93 306.65   1.50 1.50 4.00  4.00   6.00
855 28 4  15.46 -12.98  -6.93  21.35 108.93 319.98   1.50 1.50 4.00  4.00   6.00
856 28 4  18.04  -9.07  -6.93  21.35 108.93 333.31   1.50 1.50 4.00  4.00   6.00
857 28 4  19.65  -4.66  -6.93  21.35 108.93 346.65   1.50 1.50 4.00  4.00   6.00
858 29 4  18.88   0.00  -8.36  20.65 113.89   0.00   1.50 1.50 4.00  4.00   6.00
859 29 4  18.29   4.69  -8.36  20.65 113.89  14.40   1.50 1.50 4.00  4.00   6.00
860 29 4  16.54   9.09  -8.36  20.65 113.89  28.80   1.50 1.50 4.00  4.00   6.00
861 29 4  13.76  12.92  -8.36  20.65 113.89  43.20   1.50 1.50 4.00  4.00   6.00
862 29 4  10.12  15.94  -8.36  20.65 113.89  57.60   1.50 1.50 4.00  4.00   6.00
863 29 4   5.83  17.95  -8.36  20.65 113.89  72.00   1.50 1.50 4.00  4.00   6.00
864 29 4   1.19  18.84  -8.36  20.65 113.89  86.40   1.50 1.50 4.00  4.00   6.00
865 29 4  -3.54  18.54  -8.36  20.65 113.89 100.80   1.50 1.50 4.00  4.00   6.00
866 29 4  -8.04  17.08  -8.36  20.65 113.89 115.20   1.50 1.50 4.00  4.00   6.00
867 29 4 -12.03  14.55  -8.36  20.65 113.89 129.60   1.50 1.50 4.00  4.00   6.00
868 29 4 -15.27  11.10  -8.36  20.65 113.89 144.00   1.50 1.50 4.00  4.00   6.00
869 29 4 -17.55   6.95  -8.36  20.65 113.89 158.39   1.50 1.50 4.00  4.00   6.00
870 29 4 -18.73   2.37  -8.36  20.65 113.89 172.79   1.50 1.50 4.00  4.00   6.00
871 29 4 -18.73  -2.36  -8.36  20.65 113.89 187.19   1.50 1.50 4.00  4.00   6.00
872 29 4 -17.55  -6.95  -8.36  20.65 113.89 201.59   1.50 1.50 4.00  4.00   6.00
873 29 4 -15.27 -11.09  -8.36  20.65 113.89 215.99   1.50 1.50 4.00  4.00   6.00
874 29 4 -12.04 -14.54  -8.36  20.65 113.89 230.39   1.50 1.50 4.00  4.00   6.00
875 29 4  -8.04 -17.08  -8.36  20.65 113.89 244.79   1.50 1.50 4.00  4.00   6.00
876 29 4  -3.54 -18.54  -8.36  20.65 113.89 259.19   1.50 1.50 4.00  4.00   6.00
877 29 4   1.18 -18.84  -8.36  20.65 113.89 273.59   1.50 1.50 4.00  4.00   6.00
878 29 4   5.83 -17.96  -8.36  20.65 113.89 287.99   1.50 1.50 4.00  4.00   6.00
879 29 4  10.11 -15.94  -8.36  20.65 113.89 302.39   1.50 1.50 4.00  4.00   6.00
880 29 4  13.76 -12.93  -8.36  20.65 113.89 316.79   1.50 1.50 4.00  4.00   6.00
881 29 4  16.54  -9.10  -8.36  20.65 113.89 331.19   1.50 1.50 4.00  4.00   6.00
882 29 4  18.28  -4.70  -8.36  20.65 113.89 345.59   1.50 1.50 4.00  4.00   6.00
883 30 4  16.90   0.00  -9.44  19.36 119.20   0.00   1.50 1.50 4.00  4.00   6.00
884 30 4  16.21   4.76  -9.44  19.36 119.20  16.36   1.50 1.50 4.00  4.00   6.00
885 30 4  14.21   9.13  -9.44  19.36 119.20  32.73   1.50 1.50 4.00  4.00   6.00
886 30 4  11.07  12.77  -9.44  19.36 119.20  49.09   1.50 1.50 4.00  4.00   6.00
887 30 4   7.02  15.37  -9.44  19.36 119.20  65.45   1.50 1.50 4.00  4.00   6.00
888 30 4   2.41  16.72  -9.44  19.36 119.20  81.81   1.50 1.50 4.00  4.00   6.00
889 30 4  -2.40  16.72  -9.44  19.36 119.20  98.18   1.50 1.50 4.00  4.00   6.00
890 30 4  -7.02  15.37  -9.44  19.36 119.20 114.54   1.50 1.50 4.00  4.00   6.00
891 30 4 -11.06  12.77  -9.44  19.36 119.20 130.90   1.50 1.50 4.00  4.00   6.00
892 30 4 -14.21   9.14  -9.44  19.36 119.20 147.26   1.50 1.50 4.00  4.00   6.00
893 30 4 -16.21   4.76  -9.44  19.36 119.20 163.63   1.50 1.50 4.00  4.00   6.00
894 30 4 -16.90   0.00  -9.44  19.36 119.20 179.99   1.50 1.50 4.00  4.00   6.00
895 30 4 -16.21  -4.76  -9.44  19.36 119.20 196.35   1.50 1.50 4.00  4.00   6.00
896 30 4 -14.22  -9.13  -9.44  19.36 119.20 212.71   1.50 1.50 4.00  4.00   6.00
897 30 4 -11.07 -12.77  -9.44  19.36 119.20 229.08   1.50 1.50 4.00  4.00   6.00
898 30 4  -7.02 -15.37  -9.44  19.36 119.20 245.44   1.50 1.50 4.00  4.00   6.00
899 30 4  -2.41 -16.72  -9.44  19.36 119.20 261.80   1.50 1.50 4.00  4.00   6.00
900 30 4   2.40 -16.72  -9.44  19.36 119.20 278.16   1.50 1.50 4.00  4.00   6.00
901 30 4   7.01 -15.37  -9.44  19.36 119.20 294.53   1.50 1.50 4.00  4.00   6.00
902 30 4  11.06 -12.77  -9.44  19.36 119.20 310.89   1.50 1.50 4.00  4.00   6.00
903 30 4  14.21  -9.14  -9.44  19.36 119.20 327.25   1.50 1.50 4.00  4.00   6.00
904 30 4  16.21  -4.77  -9.44  19.36 119.20 343.61   1.50 1.50 4.00  4.00   6.00
905 31 4  14.87   0.00 -10.42  18.16 125.03   0.00   1.50 1.50 4.00  4.00   6.00
906 31 4  14.07   4.83 -10.42  18.16 125.03  18.95   1.50 1.50 4.00  4.00   6.00
907 31 4  11.74   9.13 -10.42  18.16 125.03  37.89   1.50 1.50 4.00  4.00   6.00
908 31 4   8.14  12.45 -10.42  18.16 125.03  56.84   1.50 1.50 4.00  4.00   6.00
909 31 4   3.65  14.42 -10.42  18.16 125.03  75.78   1.50 1.50 4.00  4.00   6.00
910 31 4  -1.23  14.82 -10.42  18.16 125.03  94.73   1.50 1.50 4.00  4.00   6.00
911 31 4  -5.97  13.62 -10.42  18.16 125.03 113.67   1.50 1.50 4.00  4.00   6.00
912 31 4 -10.07  10.94 -10.42  18.16 125.03 132.62   1.50 1.50 4.00  4.00   6.00
913 31 4 -13.08   7.08 -10.42  18.16 125.03 151.57   1.50 1.50 4.00  4.00   6.00
914 31 4 -14.67   2.45 -10.42  18.16 125.03 170.51   1.50 1.50 4.00  4.00   6.00
915 31 4 -14.67  -2.44 -10.42  18.16 125.03 189.46   1.50 1.50 4.00  4.00   6.00
916 31 4 -13.08  -7.08 -10.42  18.16 125.03 208.40   1.50 1.50 4.00  4.00   6.00
917 31 4 -10.08 -10.94 -10.42  18.16 125.03 227.35   1.50 1.50 4.00  4.00   6.00
918 31 4  -5.98 -13.62 -10.42  18.16 125.03 246.30   1.50 1.50 4.00  4.00   6.00
919 31 4  -1.23 -14.82 -10.42  18.16 125.03 265.24   1.50 1.50 4.00  4.00   6.00
920 31 4   3.65 -14.42 -10.42  18.16 125.03 284.19   1.50 1.50 4.00  4.00   6.00
921 31 4   8.13 -12.46 -10.42  18.16 125.03 303.13   1.50 1.50 4.00  4.00   6.00
922 31 4  11.73  -9.14 -10.42  18.16 125.03 322.08   1.50 1.50 4.00  4.00   6.00
923 31 4  14.07  -4.84 -10.42  18.16 125.03 341.02   1.50 1.50 4.00  4.00   6.00
924 32 4  12.15   0.00 -10.80  16.26 131.63   0.00   1.50 1.50 4.00  4.00   6.00
925 32 4  11.10   4.94 -10.80  16.26 131.63  24.00   1.50 1.50 4.00  4.00   6.00
926 32 4   8.13   9.03 -10.80  16.26 131.63  48.00   1.50 1.50 4.00  4.00   6.00
927 32 4   3.76  11.56 -10.80  16.26 131.63  72.00   1.50 1.50 4.00  4.00   6.00
928 32 4  -1.27  12.08 -10.80  16.26 131.63  95.99   1.50 1.50 4.00  4.00   6.00
929 32 4  -6.07  10.52 -10.80  16.26 131.63 119.99   1.50 1.50 4.00  4.00   6.00
930 32 4  -9.83   7.14 -10.80  16.26 131.63 143.99   1.50 1.50 4.00  4.00   6.00
931 32 4 -11.88   2.53 -10.80  16.26 131.63 167.99   1.50 1.50 4.00  4.00   6.00
932 32 4 -11.89  -2.52 -10.80  16.26 131.63 191.99   1.50 1.50 4.00  4.00   6.00
933 32 4  -9.83  -7.14 -10.80  16.26 131.63 215.99   1.50 1.50 4.00  4.00   6.00
934 32 4  -6.08 -10.52 -10.80  16.26 131.63 239.98   1.50 1.50 4.00  4.00   6.00
935 32 4  -1.27 -12.08 -10.80  16.26 131.63 263.98   1.50 1.50 4.00  4.00   6.00
936 32 4   3.75 -11.56 -10.80  16.26 131.63 287.98   1.50 1.50 4.00  4.00   6.00
937 32 4   8.13  -9.03 -10.80  16.26 131.63 311.98   1.50 1.50 4.00  4.00   6.00
938 32 4  11.10  -4.95 -10.80  16.26 131.63 335.98   1.50 1.50 4.00  4.00   6.00
939 33 4   9.33   0.00 -10.94  14.38 139.54   0.00   1.50 1.50 4.00  4.00   6.00
940 33 4   7.85   5.04 -10.94  14.38 139.54  32.72   1.50 1.50 4.00  4.00   6.00
941 33 4   3.88   8.49 -10.94  14.38 139.54  65.45   1.50 1.50 4.00  4.00   6.00
942 33 4  -1.33   9.23 -10.94  14.38 139.54  98.17   1.50 1.50 4.00  4.00   6.00
943 33 4  -6.11   7.05 -10.94  14.38 139.54 130.90   1.50 1.50 4.00  4.00   6.00
944 33 4  -8.95   2.63 -10.94  14.38 139.54 163.62   1.50 1.50 4.00  4.00   6.00
945 33 4  -8.95  -2.63 -10.94  14.38 139.54 196.35   1.50 1.50 4.00  4.00   6.00
946 33 4  -6.11  -7.05 -10.94  14.38 139.54 229.07   1.50 1.50 4.00  4.00   6.00
947 33 4  -1.33  -9.23 -10.94  14.38 139.54 261.80   1.50 1.50 4.00  4.00   6.00
948 33 4   3.87  -8.49 -10.94  14.38 139.54 294.52   1.50 1.50 4.00  4.00   6.00
949 33 4   7.85  -5.05 -10.94  14.38 139.54 327.25   1.50 1.50 4.00  4.00   6.00
950 34 4   6.32   0.00 -10.78  12.49 149.62   0.00   1.50 1.50 4.00  4.00   6.00
951 34 4   3.94   4.94 -10.78  12.49 149.62  51.43   1.50 1.50 4.00  4.00   6.00
952 34 4  -1.41   6.16 -10.78  12.49 149.62 102.85   1.50 1.50 4.00  4.00   6.00
953 34 4  -5.69   2.74 -10.78  12.49 149.62 154.28   1.50 1.50 4.00  4.00   6.00
954 34 4  -5.69  -2.74 -10.78  12.49 149.62 205.70   1.50 1.50 4.00  4.00   6.00
955 34 4  -1.41  -6.16 -10.78  12.49 149.62 257.13   1.50 1.50 4.00  4.00   6.00
956 34 4   3.94  -4.94 -10.78  12.49 149.62 308.55   1.50 1.50 4.00  4.00   6.00
957 35 4   3.63   0.00 -11.29  11.86 162.17   0.00   1.50 1.50 4.00  4.00   6.00
958 35 4   0.00   3.63 -11.29  11.86 162.17  89.99   1.50 1.50 4.00  4.00   6.00
959 35 4  -3.63   0.00 -11.29  11.86 162.17 179.98   1.50 1.50 4.00  4.00   6.00
960 35 4  -0.00  -3.63 -11.29  11.86 162.17 269.98   1.50 1.50 4.00  4.00   6.00
-1
