  1   1    5   5.04   0.00  23.37  23.91  12.17   0.00   1.50   1.50   4.00   4.00   8.00
  2   1    5   2.52   4.37  23.37  23.91  12.17  60.00   1.50   1.50   4.00   4.00   8.00
  3   1    5  -2.52   4.37  23.37  23.91  12.17 120.00   1.50   1.50   4.00   4.00   8.00
  4   1    5  -5.04   0.00  23.37  23.91  12.17 180.00   1.50   1.50   4.00   4.00   8.00
  5   1    5  -2.52  -4.37  23.37  23.91  12.17 239.99   1.50   1.50   4.00   4.00   8.00
  6   1    5   2.52  -4.37  23.37  23.91  12.17 299.99   1.50   1.50   4.00   4.00   8.00
  7   2    5   7.41   0.00  23.52  24.66  17.50   0.00   1.50   1.50   4.00   4.00   8.00
  8   2    5   5.68   4.76  23.52  24.66  17.50  40.00   1.50   1.50   4.00   4.00   8.00
  9   2    5   1.29   7.30  23.52  24.66  17.50  80.00   1.50   1.50   4.00   4.00   8.00
 10   2    5  -3.71   6.42  23.52  24.66  17.50 119.99   1.50   1.50   4.00   4.00   8.00
 11   2    5  -6.97   2.54  23.52  24.66  17.50 159.99   1.50   1.50   4.00   4.00   8.00
 12   2    5  -6.97  -2.53  23.52  24.66  17.50 199.99   1.50   1.50   4.00   4.00   8.00
 13   2    5  -3.71  -6.42  23.52  24.66  17.50 239.99   1.50   1.50   4.00   4.00   8.00
 14   2    5   1.29  -7.30  23.52  24.66  17.50 279.98   1.50   1.50   4.00   4.00   8.00
 15   2    5   5.68  -4.77  23.52  24.66  17.50 319.98   1.50   1.50   4.00   4.00   8.00
 16   3    5  10.43   0.00  25.26  27.32  24.00   0.00   1.50   1.50   4.00   4.00   8.00
 17   3    5   9.23   4.85  25.26  27.32  24.00  27.69   1.50   1.50   4.00   4.00   8.00
 18   3    5   5.92   8.58  25.26  27.32  24.00  55.38   1.50   1.50   4.00   4.00   8.00
 19   3    5   1.26  10.35  25.26  27.32  24.00  83.07   1.50   1.50   4.00   4.00   8.00
 20   3    5  -3.70   9.75  25.26  27.32  24.00 110.77   1.50   1.50   4.00   4.00   8.00
 21   3    5  -7.80   6.91  25.26  27.32  24.00 138.46   1.50   1.50   4.00   4.00   8.00
 22   3    5 -10.12   2.50  25.26  27.32  24.00 166.15   1.50   1.50   4.00   4.00   8.00
 23   3    5 -10.12  -2.49  25.26  27.32  24.00 193.84   1.50   1.50   4.00   4.00   8.00
 24   3    5  -7.81  -6.91  25.26  27.32  24.00 221.53   1.50   1.50   4.00   4.00   8.00
 25   3    5  -3.70  -9.75  25.26  27.32  24.00 249.22   1.50   1.50   4.00   4.00   8.00
 26   3    5   1.26 -10.35  25.26  27.32  24.00 276.91   1.50   1.50   4.00   4.00   8.00
 27   3    5   5.92  -8.58  25.26  27.32  24.00 304.60   1.50   1.50   4.00   4.00   8.00
 28   3    5   9.23  -4.85  25.26  27.32  24.00 332.30   1.50   1.50   4.00   4.00   8.00
 29   4    5  11.80   0.00  24.65  27.32  24.00   0.00   1.50   1.50   4.00   4.00   8.00
 30   4    5  10.45   5.48  24.65  27.32  24.00  27.69   1.50   1.50   4.00   4.00   8.00
 31   4    5   6.70   9.71  24.65  27.32  24.00  55.38   1.50   1.50   4.00   4.00   8.00
 32   4    5   1.42  11.71  24.65  27.32  24.00  83.07   1.50   1.50   4.00   4.00   8.00
 33   4    5  -4.18  11.03  24.65  27.32  24.00 110.77   1.50   1.50   4.00   4.00   8.00
 34   4    5  -8.83   7.82  24.65  27.32  24.00 138.46   1.50   1.50   4.00   4.00   8.00
 35   4    5 -11.45   2.82  24.65  27.32  24.00 166.15   1.50   1.50   4.00   4.00   8.00
 36   4    5 -11.45  -2.82  24.65  27.32  24.00 193.84   1.50   1.50   4.00   4.00   8.00
 37   4    5  -8.83  -7.82  24.65  27.32  24.00 221.53   1.50   1.50   4.00   4.00   8.00
 38   4    5  -4.18 -11.03  24.65  27.32  24.00 249.22   1.50   1.50   4.00   4.00   8.00
 39   4    5   1.42 -11.71  24.65  27.32  24.00 276.91   1.50   1.50   4.00   4.00   8.00
 40   4    5   6.70  -9.71  24.65  27.32  24.00 304.60   1.50   1.50   4.00   4.00   8.00
 41   4    5  10.44  -5.48  24.65  27.32  24.00 332.30   1.50   1.50   4.00   4.00   8.00
 42   5    5  14.71   0.00  25.48  29.41  31.47   0.00   1.50   1.50   4.00   4.00   8.00
 43   5    5  13.92   4.78  25.48  29.41  31.47  18.95   1.50   1.50   4.00   4.00   8.00
 44   5    5  11.61   9.04  25.48  29.41  31.47  37.89   1.50   1.50   4.00   4.00   8.00
 45   5    5   8.05  12.32  25.48  29.41  31.47  56.84   1.50   1.50   4.00   4.00   8.00
 46   5    5   3.61  14.26  25.48  29.41  31.47  75.78   1.50   1.50   4.00   4.00   8.00
 47   5    5  -1.21  14.66  25.48  29.41  31.47  94.73   1.50   1.50   4.00   4.00   8.00
 48   5    5  -5.91  13.48  25.48  29.41  31.47 113.68   1.50   1.50   4.00   4.00   8.00
 49   5    5  -9.96  10.83  25.48  29.41  31.47 132.62   1.50   1.50   4.00   4.00   8.00
 50   5    5 -12.94   7.01  25.48  29.41  31.47 151.57   1.50   1.50   4.00   4.00   8.00
 51   5    5 -14.51   2.42  25.48  29.41  31.47 170.52   1.50   1.50   4.00   4.00   8.00
 52   5    5 -14.51  -2.42  25.48  29.41  31.47 189.46   1.50   1.50   4.00   4.00   8.00
 53   5    5 -12.94  -7.00  25.48  29.41  31.47 208.41   1.50   1.50   4.00   4.00   8.00
 54   5    5  -9.97 -10.82  25.48  29.41  31.47 227.35   1.50   1.50   4.00   4.00   8.00
 55   5    5  -5.91 -13.47  25.48  29.41  31.47 246.30   1.50   1.50   4.00   4.00   8.00
 56   5    5  -1.22 -14.66  25.48  29.41  31.47 265.25   1.50   1.50   4.00   4.00   8.00
 57   5    5   3.61 -14.26  25.48  29.41  31.47 284.19   1.50   1.50   4.00   4.00   8.00
 58   5    5   8.04 -12.32  25.48  29.41  31.47 303.14   1.50   1.50   4.00   4.00   8.00
 59   5    5  11.61  -9.04  25.48  29.41  31.47 322.08   1.50   1.50   4.00   4.00   8.00
 60   5    5  13.91  -4.78  25.48  29.41  31.47 341.03   1.50   1.50   4.00   4.00   8.00
 61   6    5  15.99   0.00  24.69  29.41  31.47   0.00   1.50   1.50   4.00   4.00   8.00
 62   6    5  15.13   5.19  24.69  29.41  31.47  18.95   1.50   1.50   4.00   4.00   8.00
 63   6    5  12.62   9.82  24.69  29.41  31.47  37.89   1.50   1.50   4.00   4.00   8.00
 64   6    5   8.75  13.39  24.69  29.41  31.47  56.84   1.50   1.50   4.00   4.00   8.00
 65   6    5   3.93  15.50  24.69  29.41  31.47  75.78   1.50   1.50   4.00   4.00   8.00
 66   6    5  -1.32  15.94  24.69  29.41  31.47  94.73   1.50   1.50   4.00   4.00   8.00
 67   6    5  -6.42  14.65  24.69  29.41  31.47 113.68   1.50   1.50   4.00   4.00   8.00
 68   6    5 -10.83  11.77  24.69  29.41  31.47 132.62   1.50   1.50   4.00   4.00   8.00
 69   6    5 -14.06   7.61  24.69  29.41  31.47 151.57   1.50   1.50   4.00   4.00   8.00
 70   6    5 -15.77   2.64  24.69  29.41  31.47 170.52   1.50   1.50   4.00   4.00   8.00
 71   6    5 -15.78  -2.63  24.69  29.41  31.47 189.46   1.50   1.50   4.00   4.00   8.00
 72   6    5 -14.07  -7.61  24.69  29.41  31.47 208.41   1.50   1.50   4.00   4.00   8.00
 73   6    5 -10.84 -11.76  24.69  29.41  31.47 227.35   1.50   1.50   4.00   4.00   8.00
 74   6    5  -6.43 -14.64  24.69  29.41  31.47 246.30   1.50   1.50   4.00   4.00   8.00
 75   6    5  -1.33 -15.94  24.69  29.41  31.47 265.25   1.50   1.50   4.00   4.00   8.00
 76   6    5   3.92 -15.51  24.69  29.41  31.47 284.19   1.50   1.50   4.00   4.00   8.00
 77   6    5   8.74 -13.39  24.69  29.41  31.47 303.14   1.50   1.50   4.00   4.00   8.00
 78   6    5  12.62  -9.83  24.69  29.41  31.47 322.08   1.50   1.50   4.00   4.00   8.00
 79   6    5  15.12  -5.20  24.69  29.41  31.47 341.03   1.50   1.50   4.00   4.00   8.00
 80   7    5  18.97   0.00  25.12  31.44  39.79   0.00   1.50   1.50   4.00   4.00   8.00
 81   7    5  18.37   4.72  25.12  31.44  39.79  14.40   1.50   1.50   4.00   4.00   8.00
 82   7    5  16.62   9.14  25.12  31.44  39.79  28.80   1.50   1.50   4.00   4.00   8.00
 83   7    5  13.83  12.98  25.12  31.44  39.79  43.20   1.50   1.50   4.00   4.00   8.00
 84   7    5  10.16  16.02  25.12  31.44  39.79  57.60   1.50   1.50   4.00   4.00   8.00
 85   7    5   5.86  18.04  25.12  31.44  39.79  72.00   1.50   1.50   4.00   4.00   8.00
 86   7    5   1.19  18.93  25.12  31.44  39.79  86.40   1.50   1.50   4.00   4.00   8.00
 87   7    5  -3.55  18.63  25.12  31.44  39.79 100.80   1.50   1.50   4.00   4.00   8.00
 88   7    5  -8.07  17.16  25.12  31.44  39.79 115.19   1.50   1.50   4.00   4.00   8.00
 89   7    5 -12.09  14.62  25.12  31.44  39.79 129.59   1.50   1.50   4.00   4.00   8.00
 90   7    5 -15.34  11.15  25.12  31.44  39.79 143.99   1.50   1.50   4.00   4.00   8.00
 91   7    5 -17.64   6.99  25.12  31.44  39.79 158.39   1.50   1.50   4.00   4.00   8.00
 92   7    5 -18.82   2.38  25.12  31.44  39.79 172.79   1.50   1.50   4.00   4.00   8.00
 93   7    5 -18.82  -2.37  25.12  31.44  39.79 187.19   1.50   1.50   4.00   4.00   8.00
 94   7    5 -17.64  -6.98  25.12  31.44  39.79 201.59   1.50   1.50   4.00   4.00   8.00
 95   7    5 -15.35 -11.15  25.12  31.44  39.79 215.99   1.50   1.50   4.00   4.00   8.00
 96   7    5 -12.09 -14.61  25.12  31.44  39.79 230.39   1.50   1.50   4.00   4.00   8.00
 97   7    5  -8.08 -17.16  25.12  31.44  39.79 244.79   1.50   1.50   4.00   4.00   8.00
 98   7    5  -3.56 -18.63  25.12  31.44  39.79 259.19   1.50   1.50   4.00   4.00   8.00
 99   7    5   1.19 -18.93  25.12  31.44  39.79 273.59   1.50   1.50   4.00   4.00   8.00
100   7    5   5.86 -18.04  25.12  31.44  39.79 287.99   1.50   1.50   4.00   4.00   8.00
101   7    5  10.16 -16.02  25.12  31.44  39.79 302.39   1.50   1.50   4.00   4.00   8.00
102   7    5  13.82 -12.99  25.12  31.44  39.79 316.78   1.50   1.50   4.00   4.00   8.00
103   7    5  16.62  -9.14  25.12  31.44  39.79 331.18   1.50   1.50   4.00   4.00   8.00
104   7    5  18.37  -4.72  25.12  31.44  39.79 345.58   1.50   1.50   4.00   4.00   8.00
105   8    5  20.12   0.00  24.16  31.44  39.79   0.00   1.50   1.50   4.00   4.00   8.00
106   8    5  19.49   5.00  24.16  31.44  39.79  14.40   1.50   1.50   4.00   4.00   8.00
107   8    5  17.63   9.69  24.16  31.44  39.79  28.80   1.50   1.50   4.00   4.00   8.00
108   8    5  14.67  13.77  24.16  31.44  39.79  43.20   1.50   1.50   4.00   4.00   8.00
109   8    5  10.78  16.99  24.16  31.44  39.79  57.60   1.50   1.50   4.00   4.00   8.00
110   8    5   6.22  19.14  24.16  31.44  39.79  72.00   1.50   1.50   4.00   4.00   8.00
111   8    5   1.26  20.08  24.16  31.44  39.79  86.40   1.50   1.50   4.00   4.00   8.00
112   8    5  -3.77  19.77  24.16  31.44  39.79 100.80   1.50   1.50   4.00   4.00   8.00
113   8    5  -8.57  18.21  24.16  31.44  39.79 115.19   1.50   1.50   4.00   4.00   8.00
114   8    5 -12.82  15.51  24.16  31.44  39.79 129.59   1.50   1.50   4.00   4.00   8.00
115   8    5 -16.28  11.83  24.16  31.44  39.79 143.99   1.50   1.50   4.00   4.00   8.00
116   8    5 -18.71   7.41  24.16  31.44  39.79 158.39   1.50   1.50   4.00   4.00   8.00
117   8    5 -19.96   2.52  24.16  31.44  39.79 172.79   1.50   1.50   4.00   4.00   8.00
118   8    5 -19.96  -2.52  24.16  31.44  39.79 187.19   1.50   1.50   4.00   4.00   8.00
119   8    5 -18.71  -7.40  24.16  31.44  39.79 201.59   1.50   1.50   4.00   4.00   8.00
120   8    5 -16.28 -11.82  24.16  31.44  39.79 215.99   1.50   1.50   4.00   4.00   8.00
121   8    5 -12.83 -15.50  24.16  31.44  39.79 230.39   1.50   1.50   4.00   4.00   8.00
122   8    5  -8.57 -18.20  24.16  31.44  39.79 244.79   1.50   1.50   4.00   4.00   8.00
123   8    5  -3.77 -19.76  24.16  31.44  39.79 259.19   1.50   1.50   4.00   4.00   8.00
124   8    5   1.26 -20.08  24.16  31.44  39.79 273.59   1.50   1.50   4.00   4.00   8.00
125   8    5   6.21 -19.14  24.16  31.44  39.79 287.99   1.50   1.50   4.00   4.00   8.00
126   8    5  10.78 -16.99  24.16  31.44  39.79 302.39   1.50   1.50   4.00   4.00   8.00
127   8    5  14.66 -13.78  24.16  31.44  39.79 316.78   1.50   1.50   4.00   4.00   8.00
128   8    5  17.63  -9.70  24.16  31.44  39.79 331.18   1.50   1.50   4.00   4.00   8.00
129   8    5  19.49  -5.01  24.16  31.44  39.79 345.58   1.50   1.50   4.00   4.00   8.00
130   9    5  21.27   0.00  23.20  31.44  39.79   0.00   1.50   1.50   4.00   4.00   8.00
131   9    5  20.61   5.29  23.20  31.44  39.79  14.40   1.50   1.50   4.00   4.00   8.00
132   9    5  18.64  10.25  23.20  31.44  39.79  28.80   1.50   1.50   4.00   4.00   8.00
133   9    5  15.51  14.56  23.20  31.44  39.79  43.20   1.50   1.50   4.00   4.00   8.00
134   9    5  11.40  17.96  23.20  31.44  39.79  57.60   1.50   1.50   4.00   4.00   8.00
135   9    5   6.58  20.23  23.20  31.44  39.79  72.00   1.50   1.50   4.00   4.00   8.00
136   9    5   1.34  21.23  23.20  31.44  39.79  86.40   1.50   1.50   4.00   4.00   8.00
137   9    5  -3.98  20.90  23.20  31.44  39.79 100.80   1.50   1.50   4.00   4.00   8.00
138   9    5  -9.06  19.25  23.20  31.44  39.79 115.19   1.50   1.50   4.00   4.00   8.00
139   9    5 -13.56  16.39  23.20  31.44  39.79 129.59   1.50   1.50   4.00   4.00   8.00
140   9    5 -17.21  12.51  23.20  31.44  39.79 143.99   1.50   1.50   4.00   4.00   8.00
141   9    5 -19.78   7.83  23.20  31.44  39.79 158.39   1.50   1.50   4.00   4.00   8.00
142   9    5 -21.11   2.67  23.20  31.44  39.79 172.79   1.50   1.50   4.00   4.00   8.00
143   9    5 -21.11  -2.66  23.20  31.44  39.79 187.19   1.50   1.50   4.00   4.00   8.00
144   9    5 -19.78  -7.83  23.20  31.44  39.79 201.59   1.50   1.50   4.00   4.00   8.00
145   9    5 -17.21 -12.50  23.20  31.44  39.79 215.99   1.50   1.50   4.00   4.00   8.00
146   9    5 -13.56 -16.39  23.20  31.44  39.79 230.39   1.50   1.50   4.00   4.00   8.00
147   9    5  -9.06 -19.25  23.20  31.44  39.79 244.79   1.50   1.50   4.00   4.00   8.00
148   9    5  -3.99 -20.90  23.20  31.44  39.79 259.19   1.50   1.50   4.00   4.00   8.00
149   9    5   1.33 -21.23  23.20  31.44  39.79 273.59   1.50   1.50   4.00   4.00   8.00
150   9    5   6.57 -20.23  23.20  31.44  39.79 287.99   1.50   1.50   4.00   4.00   8.00
151   9    5  11.39 -17.96  23.20  31.44  39.79 302.39   1.50   1.50   4.00   4.00   8.00
152   9    5  15.50 -14.57  23.20  31.44  39.79 316.78   1.50   1.50   4.00   4.00   8.00
153   9    5  18.64 -10.25  23.20  31.44  39.79 331.18   1.50   1.50   4.00   4.00   8.00
154   9    5  20.60  -5.30  23.20  31.44  39.79 345.58   1.50   1.50   4.00   4.00   8.00
155  10    5  23.82   0.00  22.61  32.81  49.11   0.00   1.50   1.50   4.00   4.00   8.00
156  10    5  23.36   4.65  22.61  32.81  49.11  11.25   1.50   1.50   4.00   4.00   8.00
157  10    5  22.01   9.12  22.61  32.81  49.11  22.50   1.50   1.50   4.00   4.00   8.00
158  10    5  19.81  13.23  22.61  32.81  49.11  33.75   1.50   1.50   4.00   4.00   8.00
159  10    5  16.85  16.84  22.61  32.81  49.11  45.00   1.50   1.50   4.00   4.00   8.00
160  10    5  13.24  19.81  22.61  32.81  49.11  56.25   1.50   1.50   4.00   4.00   8.00
161  10    5   9.12  22.01  22.61  32.81  49.11  67.50   1.50   1.50   4.00   4.00   8.00
162  10    5   4.65  23.36  22.61  32.81  49.11  78.74   1.50   1.50   4.00   4.00   8.00
163  10    5   0.00  23.82  22.61  32.81  49.11  89.99   1.50   1.50   4.00   4.00   8.00
164  10    5  -4.64  23.37  22.61  32.81  49.11 101.24   1.50   1.50   4.00   4.00   8.00
165  10    5  -9.11  22.01  22.61  32.81  49.11 112.49   1.50   1.50   4.00   4.00   8.00
166  10    5 -13.23  19.81  22.61  32.81  49.11 123.74   1.50   1.50   4.00   4.00   8.00
167  10    5 -16.84  16.85  22.61  32.81  49.11 134.99   1.50   1.50   4.00   4.00   8.00
168  10    5 -19.81  13.24  22.61  32.81  49.11 146.24   1.50   1.50   4.00   4.00   8.00
169  10    5 -22.01   9.12  22.61  32.81  49.11 157.49   1.50   1.50   4.00   4.00   8.00
170  10    5 -23.36   4.65  22.61  32.81  49.11 168.74   1.50   1.50   4.00   4.00   8.00
171  10    5 -23.82   0.01  22.61  32.81  49.11 179.99   1.50   1.50   4.00   4.00   8.00
172  10    5 -23.37  -4.64  22.61  32.81  49.11 191.24   1.50   1.50   4.00   4.00   8.00
173  10    5 -22.01  -9.11  22.61  32.81  49.11 202.49   1.50   1.50   4.00   4.00   8.00
174  10    5 -19.81 -13.23  22.61  32.81  49.11 213.74   1.50   1.50   4.00   4.00   8.00
175  10    5 -16.85 -16.84  22.61  32.81  49.11 224.98   1.50   1.50   4.00   4.00   8.00
176  10    5 -13.24 -19.80  22.61  32.81  49.11 236.23   1.50   1.50   4.00   4.00   8.00
177  10    5  -9.12 -22.01  22.61  32.81  49.11 247.48   1.50   1.50   4.00   4.00   8.00
178  10    5  -4.65 -23.36  22.61  32.81  49.11 258.73   1.50   1.50   4.00   4.00   8.00
179  10    5  -0.01 -23.82  22.61  32.81  49.11 269.98   1.50   1.50   4.00   4.00   8.00
180  10    5   4.64 -23.37  22.61  32.81  49.11 281.23   1.50   1.50   4.00   4.00   8.00
181  10    5   9.11 -22.01  22.61  32.81  49.11 292.48   1.50   1.50   4.00   4.00   8.00
182  10    5  13.23 -19.81  22.61  32.81  49.11 303.73   1.50   1.50   4.00   4.00   8.00
183  10    5  16.84 -16.85  22.61  32.81  49.11 314.98   1.50   1.50   4.00   4.00   8.00
184  10    5  19.80 -13.24  22.61  32.81  49.11 326.23   1.50   1.50   4.00   4.00   8.00
185  10    5  22.01  -9.13  22.61  32.81  49.11 337.48   1.50   1.50   4.00   4.00   8.00
186  10    5  23.36  -4.66  22.61  32.81  49.11 348.73   1.50   1.50   4.00   4.00   8.00
187  11    5  24.80   0.00  21.48  32.81  49.11   0.00   1.50   1.50   4.00   4.00   8.00
188  11    5  24.33   4.84  21.48  32.81  49.11  11.25   1.50   1.50   4.00   4.00   8.00
189  11    5  22.92   9.49  21.48  32.81  49.11  22.50   1.50   1.50   4.00   4.00   8.00
190  11    5  20.62  13.78  21.48  32.81  49.11  33.75   1.50   1.50   4.00   4.00   8.00
191  11    5  17.54  17.54  21.48  32.81  49.11  45.00   1.50   1.50   4.00   4.00   8.00
192  11    5  13.78  20.62  21.48  32.81  49.11  56.25   1.50   1.50   4.00   4.00   8.00
193  11    5   9.49  22.92  21.48  32.81  49.11  67.50   1.50   1.50   4.00   4.00   8.00
194  11    5   4.84  24.33  21.48  32.81  49.11  78.74   1.50   1.50   4.00   4.00   8.00
195  11    5   0.00  24.80  21.48  32.81  49.11  89.99   1.50   1.50   4.00   4.00   8.00
196  11    5  -4.84  24.33  21.48  32.81  49.11 101.24   1.50   1.50   4.00   4.00   8.00
197  11    5  -9.49  22.92  21.48  32.81  49.11 112.49   1.50   1.50   4.00   4.00   8.00
198  11    5 -13.78  20.63  21.48  32.81  49.11 123.74   1.50   1.50   4.00   4.00   8.00
199  11    5 -17.54  17.54  21.48  32.81  49.11 134.99   1.50   1.50   4.00   4.00   8.00
200  11    5 -20.62  13.78  21.48  32.81  49.11 146.24   1.50   1.50   4.00   4.00   8.00
201  11    5 -22.91   9.50  21.48  32.81  49.11 157.49   1.50   1.50   4.00   4.00   8.00
202  11    5 -24.33   4.84  21.48  32.81  49.11 168.74   1.50   1.50   4.00   4.00   8.00
203  11    5 -24.80   0.01  21.48  32.81  49.11 179.99   1.50   1.50   4.00   4.00   8.00
204  11    5 -24.33  -4.83  21.48  32.81  49.11 191.24   1.50   1.50   4.00   4.00   8.00
205  11    5 -22.92  -9.49  21.48  32.81  49.11 202.49   1.50   1.50   4.00   4.00   8.00
206  11    5 -20.63 -13.78  21.48  32.81  49.11 213.74   1.50   1.50   4.00   4.00   8.00
207  11    5 -17.54 -17.53  21.48  32.81  49.11 224.98   1.50   1.50   4.00   4.00   8.00
208  11    5 -13.79 -20.62  21.48  32.81  49.11 236.23   1.50   1.50   4.00   4.00   8.00
209  11    5  -9.50 -22.91  21.48  32.81  49.11 247.48   1.50   1.50   4.00   4.00   8.00
210  11    5  -4.85 -24.33  21.48  32.81  49.11 258.73   1.50   1.50   4.00   4.00   8.00
211  11    5  -0.01 -24.80  21.48  32.81  49.11 269.98   1.50   1.50   4.00   4.00   8.00
212  11    5   4.83 -24.33  21.48  32.81  49.11 281.23   1.50   1.50   4.00   4.00   8.00
213  11    5   9.48 -22.92  21.48  32.81  49.11 292.48   1.50   1.50   4.00   4.00   8.00
214  11    5  13.77 -20.63  21.48  32.81  49.11 303.73   1.50   1.50   4.00   4.00   8.00
215  11    5  17.53 -17.55  21.48  32.81  49.11 314.98   1.50   1.50   4.00   4.00   8.00
216  11    5  20.62 -13.79  21.48  32.81  49.11 326.23   1.50   1.50   4.00   4.00   8.00
217  11    5  22.91  -9.50  21.48  32.81  49.11 337.48   1.50   1.50   4.00   4.00   8.00
218  11    5  24.33  -4.85  21.48  32.81  49.11 348.73   1.50   1.50   4.00   4.00   8.00
219  12    5  25.79   0.00  20.35  32.81  49.11   0.00   1.50   1.50   4.00   4.00   8.00
220  12    5  25.29   5.03  20.35  32.81  49.11  11.25   1.50   1.50   4.00   4.00   8.00
221  12    5  23.82   9.87  20.35  32.81  49.11  22.50   1.50   1.50   4.00   4.00   8.00
222  12    5  21.44  14.33  20.35  32.81  49.11  33.75   1.50   1.50   4.00   4.00   8.00
223  12    5  18.23  18.23  20.35  32.81  49.11  45.00   1.50   1.50   4.00   4.00   8.00
224  12    5  14.33  21.44  20.35  32.81  49.11  56.25   1.50   1.50   4.00   4.00   8.00
225  12    5   9.87  23.82  20.35  32.81  49.11  67.50   1.50   1.50   4.00   4.00   8.00
226  12    5   5.03  25.29  20.35  32.81  49.11  78.74   1.50   1.50   4.00   4.00   8.00
227  12    5   0.00  25.79  20.35  32.81  49.11  89.99   1.50   1.50   4.00   4.00   8.00
228  12    5  -5.03  25.29  20.35  32.81  49.11 101.24   1.50   1.50   4.00   4.00   8.00
229  12    5  -9.86  23.82  20.35  32.81  49.11 112.49   1.50   1.50   4.00   4.00   8.00
230  12    5 -14.32  21.44  20.35  32.81  49.11 123.74   1.50   1.50   4.00   4.00   8.00
231  12    5 -18.23  18.24  20.35  32.81  49.11 134.99   1.50   1.50   4.00   4.00   8.00
232  12    5 -21.44  14.33  20.35  32.81  49.11 146.24   1.50   1.50   4.00   4.00   8.00
233  12    5 -23.82   9.87  20.35  32.81  49.11 157.49   1.50   1.50   4.00   4.00   8.00
234  12    5 -25.29   5.04  20.35  32.81  49.11 168.74   1.50   1.50   4.00   4.00   8.00
235  12    5 -25.79   0.01  20.35  32.81  49.11 179.99   1.50   1.50   4.00   4.00   8.00
236  12    5 -25.29  -5.02  20.35  32.81  49.11 191.24   1.50   1.50   4.00   4.00   8.00
237  12    5 -23.83  -9.86  20.35  32.81  49.11 202.49   1.50   1.50   4.00   4.00   8.00
238  12    5 -21.44 -14.32  20.35  32.81  49.11 213.74   1.50   1.50   4.00   4.00   8.00
239  12    5 -18.24 -18.23  20.35  32.81  49.11 224.98   1.50   1.50   4.00   4.00   8.00
240  12    5 -14.33 -21.44  20.35  32.81  49.11 236.23   1.50   1.50   4.00   4.00   8.00
241  12    5  -9.88 -23.82  20.35  32.81  49.11 247.48   1.50   1.50   4.00   4.00   8.00
242  12    5  -5.04 -25.29  20.35  32.81  49.11 258.73   1.50   1.50   4.00   4.00   8.00
243  12    5  -0.01 -25.79  20.35  32.81  49.11 269.98   1.50   1.50   4.00   4.00   8.00
244  12    5   5.02 -25.29  20.35  32.81  49.11 281.23   1.50   1.50   4.00   4.00   8.00
245  12    5   9.86 -23.83  20.35  32.81  49.11 292.48   1.50   1.50   4.00   4.00   8.00
246  12    5  14.32 -21.45  20.35  32.81  49.11 303.73   1.50   1.50   4.00   4.00   8.00
247  12    5  18.23 -18.24  20.35  32.81  49.11 314.98   1.50   1.50   4.00   4.00   8.00
248  12    5  21.44 -14.33  20.35  32.81  49.11 326.23   1.50   1.50   4.00   4.00   8.00
249  12    5  23.82  -9.88  20.35  32.81  49.11 337.48   1.50   1.50   4.00   4.00   8.00
250  12    5  25.29  -5.04  20.35  32.81  49.11 348.73   1.50   1.50   4.00   4.00   8.00
251  13    5  26.66   0.00  18.27  32.28  58.23   0.00   1.50   1.50   4.00   4.00   8.00
252  13    5  26.25   4.63  18.27  32.28  58.23  10.00   1.50   1.50   4.00   4.00   8.00
253  13    5  25.05   9.12  18.27  32.28  58.23  20.00   1.50   1.50   4.00   4.00   8.00
254  13    5  23.08  13.33  18.27  32.28  58.23  30.00   1.50   1.50   4.00   4.00   8.00
255  13    5  20.42  17.13  18.27  32.28  58.23  40.00   1.50   1.50   4.00   4.00   8.00
256  13    5  17.13  20.42  18.27  32.28  58.23  50.00   1.50   1.50   4.00   4.00   8.00
257  13    5  13.33  23.08  18.27  32.28  58.23  60.00   1.50   1.50   4.00   4.00   8.00
258  13    5   9.12  25.05  18.27  32.28  58.23  70.00   1.50   1.50   4.00   4.00   8.00
259  13    5   4.63  26.25  18.27  32.28  58.23  80.00   1.50   1.50   4.00   4.00   8.00
260  13    5   0.00  26.66  18.27  32.28  58.23  90.00   1.50   1.50   4.00   4.00   8.00
261  13    5  -4.63  26.25  18.27  32.28  58.23 100.00   1.50   1.50   4.00   4.00   8.00
262  13    5  -9.12  25.05  18.27  32.28  58.23 110.00   1.50   1.50   4.00   4.00   8.00
263  13    5 -13.33  23.08  18.27  32.28  58.23 120.00   1.50   1.50   4.00   4.00   8.00
264  13    5 -17.13  20.42  18.27  32.28  58.23 130.00   1.50   1.50   4.00   4.00   8.00
265  13    5 -20.42  17.13  18.27  32.28  58.23 140.00   1.50   1.50   4.00   4.00   8.00
266  13    5 -23.08  13.33  18.27  32.28  58.23 150.00   1.50   1.50   4.00   4.00   8.00
267  13    5 -25.05   9.12  18.27  32.28  58.23 160.00   1.50   1.50   4.00   4.00   8.00
268  13    5 -26.25   4.63  18.27  32.28  58.23 170.00   1.50   1.50   4.00   4.00   8.00
269  13    5 -26.66   0.00  18.27  32.28  58.23 180.00   1.50   1.50   4.00   4.00   8.00
270  13    5 -26.25  -4.63  18.27  32.28  58.23 190.00   1.50   1.50   4.00   4.00   8.00
271  13    5 -25.05  -9.12  18.27  32.28  58.23 200.00   1.50   1.50   4.00   4.00   8.00
272  13    5 -23.08 -13.33  18.27  32.28  58.23 210.00   1.50   1.50   4.00   4.00   8.00
273  13    5 -20.42 -17.13  18.27  32.28  58.23 220.00   1.50   1.50   4.00   4.00   8.00
274  13    5 -17.13 -20.42  18.27  32.28  58.23 230.00   1.50   1.50   4.00   4.00   8.00
275  13    5 -13.33 -23.08  18.27  32.28  58.23 240.00   1.50   1.50   4.00   4.00   8.00
276  13    5  -9.12 -25.05  18.27  32.28  58.23 250.00   1.50   1.50   4.00   4.00   8.00
277  13    5  -4.63 -26.25  18.27  32.28  58.23 260.00   1.50   1.50   4.00   4.00   8.00
278  13    5  -0.00 -26.66  18.27  32.28  58.23 270.00   1.50   1.50   4.00   4.00   8.00
279  13    5   4.63 -26.25  18.27  32.28  58.23 280.00   1.50   1.50   4.00   4.00   8.00
280  13    5   9.12 -25.05  18.27  32.28  58.23 290.00   1.50   1.50   4.00   4.00   8.00
281  13    5  13.33 -23.08  18.27  32.28  58.23 300.00   1.50   1.50   4.00   4.00   8.00
282  13    5  17.13 -20.42  18.27  32.28  58.23 310.00   1.50   1.50   4.00   4.00   8.00
283  13    5  20.42 -17.13  18.27  32.28  58.23 320.00   1.50   1.50   4.00   4.00   8.00
284  13    5  23.08 -13.33  18.27  32.28  58.23 330.00   1.50   1.50   4.00   4.00   8.00
285  13    5  25.05  -9.12  18.27  32.28  58.23 340.00   1.50   1.50   4.00   4.00   8.00
286  13    5  26.25  -4.63  18.27  32.28  58.23 350.00   1.50   1.50   4.00   4.00   8.00
287  14    5  27.45   0.00  17.00  32.28  58.23   0.00   1.50   1.50   4.00   4.00   8.00
288  14    5  27.03   4.77  17.00  32.28  58.23  10.00   1.50   1.50   4.00   4.00   8.00
289  14    5  25.79   9.39  17.00  32.28  58.23  20.00   1.50   1.50   4.00   4.00   8.00
290  14    5  23.77  13.72  17.00  32.28  58.23  30.00   1.50   1.50   4.00   4.00   8.00
291  14    5  21.02  17.64  17.00  32.28  58.23  40.00   1.50   1.50   4.00   4.00   8.00
292  14    5  17.64  21.02  17.00  32.28  58.23  50.00   1.50   1.50   4.00   4.00   8.00
293  14    5  13.72  23.77  17.00  32.28  58.23  60.00   1.50   1.50   4.00   4.00   8.00
294  14    5   9.39  25.79  17.00  32.28  58.23  70.00   1.50   1.50   4.00   4.00   8.00
295  14    5   4.77  27.03  17.00  32.28  58.23  80.00   1.50   1.50   4.00   4.00   8.00
296  14    5   0.00  27.45  17.00  32.28  58.23  90.00   1.50   1.50   4.00   4.00   8.00
297  14    5  -4.77  27.03  17.00  32.28  58.23 100.00   1.50   1.50   4.00   4.00   8.00
298  14    5  -9.39  25.79  17.00  32.28  58.23 110.00   1.50   1.50   4.00   4.00   8.00
299  14    5 -13.72  23.77  17.00  32.28  58.23 120.00   1.50   1.50   4.00   4.00   8.00
300  14    5 -17.64  21.02  17.00  32.28  58.23 130.00   1.50   1.50   4.00   4.00   8.00
301  14    5 -21.02  17.64  17.00  32.28  58.23 140.00   1.50   1.50   4.00   4.00   8.00
302  14    5 -23.77  13.72  17.00  32.28  58.23 150.00   1.50   1.50   4.00   4.00   8.00
303  14    5 -25.79   9.39  17.00  32.28  58.23 160.00   1.50   1.50   4.00   4.00   8.00
304  14    5 -27.03   4.77  17.00  32.28  58.23 170.00   1.50   1.50   4.00   4.00   8.00
305  14    5 -27.45   0.00  17.00  32.28  58.23 180.00   1.50   1.50   4.00   4.00   8.00
306  14    5 -27.03  -4.77  17.00  32.28  58.23 190.00   1.50   1.50   4.00   4.00   8.00
307  14    5 -25.79  -9.39  17.00  32.28  58.23 200.00   1.50   1.50   4.00   4.00   8.00
308  14    5 -23.77 -13.72  17.00  32.28  58.23 210.00   1.50   1.50   4.00   4.00   8.00
309  14    5 -21.02 -17.64  17.00  32.28  58.23 220.00   1.50   1.50   4.00   4.00   8.00
310  14    5 -17.64 -21.02  17.00  32.28  58.23 230.00   1.50   1.50   4.00   4.00   8.00
311  14    5 -13.72 -23.77  17.00  32.28  58.23 240.00   1.50   1.50   4.00   4.00   8.00
312  14    5  -9.39 -25.79  17.00  32.28  58.23 250.00   1.50   1.50   4.00   4.00   8.00
313  14    5  -4.77 -27.03  17.00  32.28  58.23 260.00   1.50   1.50   4.00   4.00   8.00
314  14    5  -0.00 -27.45  17.00  32.28  58.23 270.00   1.50   1.50   4.00   4.00   8.00
315  14    5   4.77 -27.03  17.00  32.28  58.23 280.00   1.50   1.50   4.00   4.00   8.00
316  14    5   9.39 -25.79  17.00  32.28  58.23 290.00   1.50   1.50   4.00   4.00   8.00
317  14    5  13.72 -23.77  17.00  32.28  58.23 300.00   1.50   1.50   4.00   4.00   8.00
318  14    5  17.64 -21.02  17.00  32.28  58.23 310.00   1.50   1.50   4.00   4.00   8.00
319  14    5  21.02 -17.64  17.00  32.28  58.23 320.00   1.50   1.50   4.00   4.00   8.00
320  14    5  23.77 -13.72  17.00  32.28  58.23 330.00   1.50   1.50   4.00   4.00   8.00
321  14    5  25.79  -9.39  17.00  32.28  58.23 340.00   1.50   1.50   4.00   4.00   8.00
322  14    5  27.03  -4.77  17.00  32.28  58.23 350.00   1.50   1.50   4.00   4.00   8.00
323  15    5  28.24   0.00  15.72  32.28  58.23   0.00   1.50   1.50   4.00   4.00   8.00
324  15    5  27.81   4.90  15.72  32.28  58.23  10.00   1.50   1.50   4.00   4.00   8.00
325  15    5  26.53   9.66  15.72  32.28  58.23  20.00   1.50   1.50   4.00   4.00   8.00
326  15    5  24.45  14.12  15.72  32.28  58.23  30.00   1.50   1.50   4.00   4.00   8.00
327  15    5  21.63  18.15  15.72  32.28  58.23  40.00   1.50   1.50   4.00   4.00   8.00
328  15    5  18.15  21.63  15.72  32.28  58.23  50.00   1.50   1.50   4.00   4.00   8.00
329  15    5  14.12  24.45  15.72  32.28  58.23  60.00   1.50   1.50   4.00   4.00   8.00
330  15    5   9.66  26.53  15.72  32.28  58.23  70.00   1.50   1.50   4.00   4.00   8.00
331  15    5   4.90  27.81  15.72  32.28  58.23  80.00   1.50   1.50   4.00   4.00   8.00
332  15    5   0.00  28.24  15.72  32.28  58.23  90.00   1.50   1.50   4.00   4.00   8.00
333  15    5  -4.90  27.81  15.72  32.28  58.23 100.00   1.50   1.50   4.00   4.00   8.00
334  15    5  -9.66  26.53  15.72  32.28  58.23 110.00   1.50   1.50   4.00   4.00   8.00
335  15    5 -14.12  24.45  15.72  32.28  58.23 120.00   1.50   1.50   4.00   4.00   8.00
336  15    5 -18.15  21.63  15.72  32.28  58.23 130.00   1.50   1.50   4.00   4.00   8.00
337  15    5 -21.63  18.15  15.72  32.28  58.23 140.00   1.50   1.50   4.00   4.00   8.00
338  15    5 -24.45  14.12  15.72  32.28  58.23 150.00   1.50   1.50   4.00   4.00   8.00
339  15    5 -26.53   9.66  15.72  32.28  58.23 160.00   1.50   1.50   4.00   4.00   8.00
340  15    5 -27.81   4.90  15.72  32.28  58.23 170.00   1.50   1.50   4.00   4.00   8.00
341  15    5 -28.24   0.00  15.72  32.28  58.23 180.00   1.50   1.50   4.00   4.00   8.00
342  15    5 -27.81  -4.90  15.72  32.28  58.23 190.00   1.50   1.50   4.00   4.00   8.00
343  15    5 -26.53  -9.66  15.72  32.28  58.23 200.00   1.50   1.50   4.00   4.00   8.00
344  15    5 -24.45 -14.12  15.72  32.28  58.23 210.00   1.50   1.50   4.00   4.00   8.00
345  15    5 -21.63 -18.15  15.72  32.28  58.23 220.00   1.50   1.50   4.00   4.00   8.00
346  15    5 -18.15 -21.63  15.72  32.28  58.23 230.00   1.50   1.50   4.00   4.00   8.00
347  15    5 -14.12 -24.45  15.72  32.28  58.23 240.00   1.50   1.50   4.00   4.00   8.00
348  15    5  -9.66 -26.53  15.72  32.28  58.23 250.00   1.50   1.50   4.00   4.00   8.00
349  15    5  -4.90 -27.81  15.72  32.28  58.23 260.00   1.50   1.50   4.00   4.00   8.00
350  15    5  -0.00 -28.24  15.72  32.28  58.23 270.00   1.50   1.50   4.00   4.00   8.00
351  15    5   4.90 -27.81  15.72  32.28  58.23 280.00   1.50   1.50   4.00   4.00   8.00
352  15    5   9.66 -26.53  15.72  32.28  58.23 290.00   1.50   1.50   4.00   4.00   8.00
353  15    5  14.12 -24.45  15.72  32.28  58.23 300.00   1.50   1.50   4.00   4.00   8.00
354  15    5  18.15 -21.63  15.72  32.28  58.23 310.00   1.50   1.50   4.00   4.00   8.00
355  15    5  21.63 -18.15  15.72  32.28  58.23 320.00   1.50   1.50   4.00   4.00   8.00
356  15    5  24.45 -14.12  15.72  32.28  58.23 330.00   1.50   1.50   4.00   4.00   8.00
357  15    5  26.53  -9.66  15.72  32.28  58.23 340.00   1.50   1.50   4.00   4.00   8.00
358  15    5  27.81  -4.90  15.72  32.28  58.23 350.00   1.50   1.50   4.00   4.00   8.00
359  16    5  28.13   0.00  13.21  31.04  67.61   0.00   1.50   1.50   4.00   4.00   8.00
360  16    5  27.75   4.63  13.21  31.04  67.61   9.47   1.50   1.50   4.00   4.00   8.00
361  16    5  26.61   9.13  13.21  31.04  67.61  18.94   1.50   1.50   4.00   4.00   8.00
362  16    5  24.75  13.38  13.21  31.04  67.61  28.41   1.50   1.50   4.00   4.00   8.00
363  16    5  22.21  17.27  13.21  31.04  67.61  37.88   1.50   1.50   4.00   4.00   8.00
364  16    5  19.06  20.69  13.21  31.04  67.61  47.34   1.50   1.50   4.00   4.00   8.00
365  16    5  15.40  23.54  13.21  31.04  67.61  56.81   1.50   1.50   4.00   4.00   8.00
366  16    5  11.32  25.76  13.21  31.04  67.61  66.28   1.50   1.50   4.00   4.00   8.00
367  16    5   6.92  27.27  13.21  31.04  67.61  75.75   1.50   1.50   4.00   4.00   8.00
368  16    5   2.34  28.04  13.21  31.04  67.61  85.22   1.50   1.50   4.00   4.00   8.00
369  16    5  -2.30  28.04  13.21  31.04  67.61  94.69   1.50   1.50   4.00   4.00   8.00
370  16    5  -6.88  27.28  13.21  31.04  67.61 104.16   1.50   1.50   4.00   4.00   8.00
371  16    5 -11.27  25.77  13.21  31.04  67.61 113.63   1.50   1.50   4.00   4.00   8.00
372  16    5 -15.36  23.57  13.21  31.04  67.61 123.09   1.50   1.50   4.00   4.00   8.00
373  16    5 -19.03  20.72  13.21  31.04  67.61 132.56   1.50   1.50   4.00   4.00   8.00
374  16    5 -22.18  17.31  13.21  31.04  67.61 142.03   1.50   1.50   4.00   4.00   8.00
375  16    5 -24.72  13.42  13.21  31.04  67.61 151.50   1.50   1.50   4.00   4.00   8.00
376  16    5 -26.60   9.17  13.21  31.04  67.61 160.97   1.50   1.50   4.00   4.00   8.00
377  16    5 -27.74   4.67  13.21  31.04  67.61 170.44   1.50   1.50   4.00   4.00   8.00
378  16    5 -28.13   0.05  13.21  31.04  67.61 179.91   1.50   1.50   4.00   4.00   8.00
379  16    5 -27.76  -4.58  13.21  31.04  67.61 189.38   1.50   1.50   4.00   4.00   8.00
380  16    5 -26.62  -9.09  13.21  31.04  67.61 198.85   1.50   1.50   4.00   4.00   8.00
381  16    5 -24.77 -13.34  13.21  31.04  67.61 208.31   1.50   1.50   4.00   4.00   8.00
382  16    5 -22.23 -17.24  13.21  31.04  67.61 217.78   1.50   1.50   4.00   4.00   8.00
383  16    5 -19.10 -20.66  13.21  31.04  67.61 227.25   1.50   1.50   4.00   4.00   8.00
384  16    5 -15.44 -23.52  13.21  31.04  67.61 236.72   1.50   1.50   4.00   4.00   8.00
385  16    5 -11.36 -25.74  13.21  31.04  67.61 246.19   1.50   1.50   4.00   4.00   8.00
386  16    5  -6.97 -27.26  13.21  31.04  67.61 255.66   1.50   1.50   4.00   4.00   8.00
387  16    5  -2.39 -28.03  13.21  31.04  67.61 265.13   1.50   1.50   4.00   4.00   8.00
388  16    5   2.25 -28.04  13.21  31.04  67.61 274.60   1.50   1.50   4.00   4.00   8.00
389  16    5   6.84 -27.29  13.21  31.04  67.61 284.07   1.50   1.50   4.00   4.00   8.00
390  16    5  11.23 -25.79  13.21  31.04  67.61 293.53   1.50   1.50   4.00   4.00   8.00
391  16    5  15.32 -23.59  13.21  31.04  67.61 303.00   1.50   1.50   4.00   4.00   8.00
392  16    5  19.00 -20.75  13.21  31.04  67.61 312.47   1.50   1.50   4.00   4.00   8.00
393  16    5  22.15 -17.34  13.21  31.04  67.61 321.94   1.50   1.50   4.00   4.00   8.00
394  16    5  24.70 -13.46  13.21  31.04  67.61 331.41   1.50   1.50   4.00   4.00   8.00
395  16    5  26.58  -9.22  13.21  31.04  67.61 340.88   1.50   1.50   4.00   4.00   8.00
396  16    5  27.73  -4.72  13.21  31.04  67.61 350.35   1.50   1.50   4.00   4.00   8.00
397  17    5  28.70   0.00  11.83  31.04  67.61   0.00   1.50   1.50   4.00   4.00   8.00
398  17    5  28.31   4.72  11.83  31.04  67.61   9.47   1.50   1.50   4.00   4.00   8.00
399  17    5  27.15   9.32  11.83  31.04  67.61  18.94   1.50   1.50   4.00   4.00   8.00
400  17    5  25.25  13.66  11.83  31.04  67.61  28.41   1.50   1.50   4.00   4.00   8.00
401  17    5  22.66  17.62  11.83  31.04  67.61  37.88   1.50   1.50   4.00   4.00   8.00
402  17    5  19.45  21.11  11.83  31.04  67.61  47.34   1.50   1.50   4.00   4.00   8.00
403  17    5  15.71  24.02  11.83  31.04  67.61  56.81   1.50   1.50   4.00   4.00   8.00
404  17    5  11.55  26.28  11.83  31.04  67.61  66.28   1.50   1.50   4.00   4.00   8.00
405  17    5   7.07  27.82  11.83  31.04  67.61  75.75   1.50   1.50   4.00   4.00   8.00
406  17    5   2.39  28.60  11.83  31.04  67.61  85.22   1.50   1.50   4.00   4.00   8.00
407  17    5  -2.35  28.61  11.83  31.04  67.61  94.69   1.50   1.50   4.00   4.00   8.00
408  17    5  -7.02  27.83  11.83  31.04  67.61 104.16   1.50   1.50   4.00   4.00   8.00
409  17    5 -11.50  26.30  11.83  31.04  67.61 113.63   1.50   1.50   4.00   4.00   8.00
410  17    5 -15.67  24.05  11.83  31.04  67.61 123.09   1.50   1.50   4.00   4.00   8.00
411  17    5 -19.42  21.14  11.83  31.04  67.61 132.56   1.50   1.50   4.00   4.00   8.00
412  17    5 -22.63  17.66  11.83  31.04  67.61 142.03   1.50   1.50   4.00   4.00   8.00
413  17    5 -25.23  13.70  11.83  31.04  67.61 151.50   1.50   1.50   4.00   4.00   8.00
414  17    5 -27.14   9.36  11.83  31.04  67.61 160.97   1.50   1.50   4.00   4.00   8.00
415  17    5 -28.31   4.77  11.83  31.04  67.61 170.44   1.50   1.50   4.00   4.00   8.00
416  17    5 -28.70   0.05  11.83  31.04  67.61 179.91   1.50   1.50   4.00   4.00   8.00
417  17    5 -28.32  -4.68  11.83  31.04  67.61 189.38   1.50   1.50   4.00   4.00   8.00
418  17    5 -27.17  -9.27  11.83  31.04  67.61 198.85   1.50   1.50   4.00   4.00   8.00
419  17    5 -25.27 -13.61  11.83  31.04  67.61 208.31   1.50   1.50   4.00   4.00   8.00
420  17    5 -22.69 -17.59  11.83  31.04  67.61 217.78   1.50   1.50   4.00   4.00   8.00
421  17    5 -19.48 -21.08  11.83  31.04  67.61 227.25   1.50   1.50   4.00   4.00   8.00
422  17    5 -15.75 -24.00  11.83  31.04  67.61 236.72   1.50   1.50   4.00   4.00   8.00
423  17    5 -11.59 -26.26  11.83  31.04  67.61 246.19   1.50   1.50   4.00   4.00   8.00
424  17    5  -7.11 -27.81  11.83  31.04  67.61 255.66   1.50   1.50   4.00   4.00   8.00
425  17    5  -2.44 -28.60  11.83  31.04  67.61 265.13   1.50   1.50   4.00   4.00   8.00
426  17    5   2.30 -28.61  11.83  31.04  67.61 274.60   1.50   1.50   4.00   4.00   8.00
427  17    5   6.98 -27.84  11.83  31.04  67.61 284.07   1.50   1.50   4.00   4.00   8.00
428  17    5  11.46 -26.32  11.83  31.04  67.61 293.53   1.50   1.50   4.00   4.00   8.00
429  17    5  15.63 -24.07  11.83  31.04  67.61 303.00   1.50   1.50   4.00   4.00   8.00
430  17    5  19.38 -21.17  11.83  31.04  67.61 312.47   1.50   1.50   4.00   4.00   8.00
431  17    5  22.60 -17.70  11.83  31.04  67.61 321.94   1.50   1.50   4.00   4.00   8.00
432  17    5  25.20 -13.74  11.83  31.04  67.61 331.41   1.50   1.50   4.00   4.00   8.00
433  17    5  27.12  -9.40  11.83  31.04  67.61 340.88   1.50   1.50   4.00   4.00   8.00
434  17    5  28.30  -4.81  11.83  31.04  67.61 350.35   1.50   1.50   4.00   4.00   8.00
435  18    5  29.28   0.00  10.44  31.04  67.61   0.00   1.50   1.50   4.00   4.00   8.00
436  18    5  28.88   4.82  10.44  31.04  67.61   9.47   1.50   1.50   4.00   4.00   8.00
437  18    5  27.69   9.50  10.44  31.04  67.61  18.94   1.50   1.50   4.00   4.00   8.00
438  18    5  25.75  13.93  10.44  31.04  67.61  28.41   1.50   1.50   4.00   4.00   8.00
439  18    5  23.11  17.97  10.44  31.04  67.61  37.88   1.50   1.50   4.00   4.00   8.00
440  18    5  19.84  21.53  10.44  31.04  67.61  47.34   1.50   1.50   4.00   4.00   8.00
441  18    5  16.02  24.50  10.44  31.04  67.61  56.81   1.50   1.50   4.00   4.00   8.00
442  18    5  11.78  26.80  10.44  31.04  67.61  66.28   1.50   1.50   4.00   4.00   8.00
443  18    5   7.21  28.37  10.44  31.04  67.61  75.75   1.50   1.50   4.00   4.00   8.00
444  18    5   2.44  29.17  10.44  31.04  67.61  85.22   1.50   1.50   4.00   4.00   8.00
445  18    5  -2.39  29.18  10.44  31.04  67.61  94.69   1.50   1.50   4.00   4.00   8.00
446  18    5  -7.16  28.39  10.44  31.04  67.61 104.16   1.50   1.50   4.00   4.00   8.00
447  18    5 -11.73  26.82  10.44  31.04  67.61 113.63   1.50   1.50   4.00   4.00   8.00
448  18    5 -15.99  24.53  10.44  31.04  67.61 123.09   1.50   1.50   4.00   4.00   8.00
449  18    5 -19.80  21.56  10.44  31.04  67.61 132.56   1.50   1.50   4.00   4.00   8.00
450  18    5 -23.08  18.01  10.44  31.04  67.61 142.03   1.50   1.50   4.00   4.00   8.00
451  18    5 -25.73  13.97  10.44  31.04  67.61 151.50   1.50   1.50   4.00   4.00   8.00
452  18    5 -27.68   9.55  10.44  31.04  67.61 160.97   1.50   1.50   4.00   4.00   8.00
453  18    5 -28.87   4.86  10.44  31.04  67.61 170.44   1.50   1.50   4.00   4.00   8.00
454  18    5 -29.28   0.05  10.44  31.04  67.61 179.91   1.50   1.50   4.00   4.00   8.00
455  18    5 -28.88  -4.77  10.44  31.04  67.61 189.38   1.50   1.50   4.00   4.00   8.00
456  18    5 -27.71  -9.46  10.44  31.04  67.61 198.85   1.50   1.50   4.00   4.00   8.00
457  18    5 -25.77 -13.89  10.44  31.04  67.61 208.31   1.50   1.50   4.00   4.00   8.00
458  18    5 -23.14 -17.94  10.44  31.04  67.61 217.78   1.50   1.50   4.00   4.00   8.00
459  18    5 -19.87 -21.50  10.44  31.04  67.61 227.25   1.50   1.50   4.00   4.00   8.00
460  18    5 -16.06 -24.47  10.44  31.04  67.61 236.72   1.50   1.50   4.00   4.00   8.00
461  18    5 -11.82 -26.78  10.44  31.04  67.61 246.19   1.50   1.50   4.00   4.00   8.00
462  18    5  -7.25 -28.36  10.44  31.04  67.61 255.66   1.50   1.50   4.00   4.00   8.00
463  18    5  -2.49 -29.17  10.44  31.04  67.61 265.13   1.50   1.50   4.00   4.00   8.00
464  18    5   2.35 -29.18  10.44  31.04  67.61 274.60   1.50   1.50   4.00   4.00   8.00
465  18    5   7.11 -28.40  10.44  31.04  67.61 284.07   1.50   1.50   4.00   4.00   8.00
466  18    5  11.69 -26.84  10.44  31.04  67.61 293.53   1.50   1.50   4.00   4.00   8.00
467  18    5  15.95 -24.55  10.44  31.04  67.61 303.00   1.50   1.50   4.00   4.00   8.00
468  18    5  19.77 -21.59  10.44  31.04  67.61 312.47   1.50   1.50   4.00   4.00   8.00
469  18    5  23.05 -18.05  10.44  31.04  67.61 321.94   1.50   1.50   4.00   4.00   8.00
470  18    5  25.71 -14.01  10.44  31.04  67.61 331.41   1.50   1.50   4.00   4.00   8.00
471  18    5  27.66  -9.59  10.44  31.04  67.61 340.88   1.50   1.50   4.00   4.00   8.00
472  18    5  28.86  -4.91  10.44  31.04  67.61 350.35   1.50   1.50   4.00   4.00   8.00
473  19    5  28.22   0.00   7.79  29.23  77.51   0.00   1.50   1.50   4.00   4.00   8.00
474  19    5  27.83   4.64   7.79  29.23  77.51   9.47   1.50   1.50   4.00   4.00   8.00
475  19    5  26.69   9.16   7.79  29.23  77.51  18.94   1.50   1.50   4.00   4.00   8.00
476  19    5  24.82  13.42   7.79  29.23  77.51  28.41   1.50   1.50   4.00   4.00   8.00
477  19    5  22.27  17.32   7.79  29.23  77.51  37.87   1.50   1.50   4.00   4.00   8.00
478  19    5  19.12  20.75   7.79  29.23  77.51  47.34   1.50   1.50   4.00   4.00   8.00
479  19    5  15.45  23.61   7.79  29.23  77.51  56.81   1.50   1.50   4.00   4.00   8.00
480  19    5  11.35  25.83   7.79  29.23  77.51  66.28   1.50   1.50   4.00   4.00   8.00
481  19    5   6.95  27.35   7.79  29.23  77.51  75.75   1.50   1.50   4.00   4.00   8.00
482  19    5   2.35  28.12   7.79  29.23  77.51  85.22   1.50   1.50   4.00   4.00   8.00
483  19    5  -2.30  28.12   7.79  29.23  77.51  94.69   1.50   1.50   4.00   4.00   8.00
484  19    5  -6.90  27.36   7.79  29.23  77.51 104.15   1.50   1.50   4.00   4.00   8.00
485  19    5 -11.31  25.85   7.79  29.23  77.51 113.62   1.50   1.50   4.00   4.00   8.00
486  19    5 -15.41  23.64   7.79  29.23  77.51 123.09   1.50   1.50   4.00   4.00   8.00
487  19    5 -19.08  20.78   7.79  29.23  77.51 132.56   1.50   1.50   4.00   4.00   8.00
488  19    5 -22.24  17.36   7.79  29.23  77.51 142.03   1.50   1.50   4.00   4.00   8.00
489  19    5 -24.80  13.47   7.79  29.23  77.51 151.50   1.50   1.50   4.00   4.00   8.00
490  19    5 -26.67   9.20   7.79  29.23  77.51 160.97   1.50   1.50   4.00   4.00   8.00
491  19    5 -27.82   4.69   7.79  29.23  77.51 170.43   1.50   1.50   4.00   4.00   8.00
492  19    5 -28.22   0.05   7.79  29.23  77.51 179.90   1.50   1.50   4.00   4.00   8.00
493  19    5 -27.84  -4.59   7.79  29.23  77.51 189.37   1.50   1.50   4.00   4.00   8.00
494  19    5 -26.71  -9.11   7.79  29.23  77.51 198.84   1.50   1.50   4.00   4.00   8.00
495  19    5 -24.84 -13.38   7.79  29.23  77.51 208.31   1.50   1.50   4.00   4.00   8.00
496  19    5 -22.30 -17.29   7.79  29.23  77.51 217.78   1.50   1.50   4.00   4.00   8.00
497  19    5 -19.16 -20.72   7.79  29.23  77.51 227.25   1.50   1.50   4.00   4.00   8.00
498  19    5 -15.49 -23.59   7.79  29.23  77.51 236.71   1.50   1.50   4.00   4.00   8.00
499  19    5 -11.39 -25.81   7.79  29.23  77.51 246.18   1.50   1.50   4.00   4.00   8.00
500  19    5  -6.99 -27.34   7.79  29.23  77.51 255.65   1.50   1.50   4.00   4.00   8.00
501  19    5  -2.40 -28.11   7.79  29.23  77.51 265.12   1.50   1.50   4.00   4.00   8.00
502  19    5   2.26 -28.13   7.79  29.23  77.51 274.59   1.50   1.50   4.00   4.00   8.00
503  19    5   6.85 -27.37   7.79  29.23  77.51 284.06   1.50   1.50   4.00   4.00   8.00
504  19    5  11.26 -25.87   7.79  29.23  77.51 293.53   1.50   1.50   4.00   4.00   8.00
505  19    5  15.37 -23.67   7.79  29.23  77.51 302.99   1.50   1.50   4.00   4.00   8.00
506  19    5  19.05 -20.82   7.79  29.23  77.51 312.46   1.50   1.50   4.00   4.00   8.00
507  19    5  22.21 -17.40   7.79  29.23  77.51 321.93   1.50   1.50   4.00   4.00   8.00
508  19    5  24.77 -13.51   7.79  29.23  77.51 331.40   1.50   1.50   4.00   4.00   8.00
509  19    5  26.66  -9.25   7.79  29.23  77.51 340.87   1.50   1.50   4.00   4.00   8.00
510  19    5  27.82  -4.74   7.79  29.23  77.51 350.34   1.50   1.50   4.00   4.00   8.00
511  20    5  28.54   0.00   6.32  29.23  77.51   0.00   1.50   1.50   4.00   4.00   8.00
512  20    5  28.15   4.70   6.32  29.23  77.51   9.47   1.50   1.50   4.00   4.00   8.00
513  20    5  27.00   9.26   6.32  29.23  77.51  18.94   1.50   1.50   4.00   4.00   8.00
514  20    5  25.11  13.58   6.32  29.23  77.51  28.41   1.50   1.50   4.00   4.00   8.00
515  20    5  22.53  17.52   6.32  29.23  77.51  37.87   1.50   1.50   4.00   4.00   8.00
516  20    5  19.34  20.99   6.32  29.23  77.51  47.34   1.50   1.50   4.00   4.00   8.00
517  20    5  15.62  23.89   6.32  29.23  77.51  56.81   1.50   1.50   4.00   4.00   8.00
518  20    5  11.48  26.13   6.32  29.23  77.51  66.28   1.50   1.50   4.00   4.00   8.00
519  20    5   7.03  27.66   6.32  29.23  77.51  75.75   1.50   1.50   4.00   4.00   8.00
520  20    5   2.38  28.44   6.32  29.23  77.51  85.22   1.50   1.50   4.00   4.00   8.00
521  20    5  -2.33  28.45   6.32  29.23  77.51  94.69   1.50   1.50   4.00   4.00   8.00
522  20    5  -6.98  27.67   6.32  29.23  77.51 104.15   1.50   1.50   4.00   4.00   8.00
523  20    5 -11.44  26.15   6.32  29.23  77.51 113.62   1.50   1.50   4.00   4.00   8.00
524  20    5 -15.58  23.91   6.32  29.23  77.51 123.09   1.50   1.50   4.00   4.00   8.00
525  20    5 -19.30  21.02   6.32  29.23  77.51 132.56   1.50   1.50   4.00   4.00   8.00
526  20    5 -22.50  17.56   6.32  29.23  77.51 142.03   1.50   1.50   4.00   4.00   8.00
527  20    5 -25.08  13.62   6.32  29.23  77.51 151.50   1.50   1.50   4.00   4.00   8.00
528  20    5 -26.98   9.31   6.32  29.23  77.51 160.97   1.50   1.50   4.00   4.00   8.00
529  20    5 -28.14   4.74   6.32  29.23  77.51 170.43   1.50   1.50   4.00   4.00   8.00
530  20    5 -28.54   0.05   6.32  29.23  77.51 179.90   1.50   1.50   4.00   4.00   8.00
531  20    5 -28.16  -4.65   6.32  29.23  77.51 189.37   1.50   1.50   4.00   4.00   8.00
532  20    5 -27.01  -9.22   6.32  29.23  77.51 198.84   1.50   1.50   4.00   4.00   8.00
533  20    5 -25.13 -13.53   6.32  29.23  77.51 208.31   1.50   1.50   4.00   4.00   8.00
534  20    5 -22.56 -17.48   6.32  29.23  77.51 217.78   1.50   1.50   4.00   4.00   8.00
535  20    5 -19.38 -20.96   6.32  29.23  77.51 227.25   1.50   1.50   4.00   4.00   8.00
536  20    5 -15.66 -23.86   6.32  29.23  77.51 236.71   1.50   1.50   4.00   4.00   8.00
537  20    5 -11.53 -26.11   6.32  29.23  77.51 246.18   1.50   1.50   4.00   4.00   8.00
538  20    5  -7.07 -27.65   6.32  29.23  77.51 255.65   1.50   1.50   4.00   4.00   8.00
539  20    5  -2.43 -28.44   6.32  29.23  77.51 265.12   1.50   1.50   4.00   4.00   8.00
540  20    5   2.28 -28.45   6.32  29.23  77.51 274.59   1.50   1.50   4.00   4.00   8.00
541  20    5   6.93 -27.69   6.32  29.23  77.51 284.06   1.50   1.50   4.00   4.00   8.00
542  20    5  11.39 -26.17   6.32  29.23  77.51 293.53   1.50   1.50   4.00   4.00   8.00
543  20    5  15.54 -23.94   6.32  29.23  77.51 302.99   1.50   1.50   4.00   4.00   8.00
544  20    5  19.27 -21.06   6.32  29.23  77.51 312.46   1.50   1.50   4.00   4.00   8.00
545  20    5  22.47 -17.60   6.32  29.23  77.51 321.93   1.50   1.50   4.00   4.00   8.00
546  20    5  25.06 -13.66   6.32  29.23  77.51 331.40   1.50   1.50   4.00   4.00   8.00
547  20    5  26.96  -9.35   6.32  29.23  77.51 340.87   1.50   1.50   4.00   4.00   8.00
548  20    5  28.14  -4.79   6.32  29.23  77.51 350.34   1.50   1.50   4.00   4.00   8.00
549  21    5  28.87   0.00   4.86  29.23  77.51   0.00   1.50   1.50   4.00   4.00   8.00
550  21    5  28.47   4.75   4.86  29.23  77.51   9.47   1.50   1.50   4.00   4.00   8.00
551  21    5  27.30   9.37   4.86  29.23  77.51  18.94   1.50   1.50   4.00   4.00   8.00
552  21    5  25.39  13.73   4.86  29.23  77.51  28.41   1.50   1.50   4.00   4.00   8.00
553  21    5  22.79  17.72   4.86  29.23  77.51  37.87   1.50   1.50   4.00   4.00   8.00
554  21    5  19.56  21.23   4.86  29.23  77.51  47.34   1.50   1.50   4.00   4.00   8.00
555  21    5  15.80  24.16   4.86  29.23  77.51  56.81   1.50   1.50   4.00   4.00   8.00
556  21    5  11.61  26.43   4.86  29.23  77.51  66.28   1.50   1.50   4.00   4.00   8.00
557  21    5   7.11  27.98   4.86  29.23  77.51  75.75   1.50   1.50   4.00   4.00   8.00
558  21    5   2.41  28.77   4.86  29.23  77.51  85.22   1.50   1.50   4.00   4.00   8.00
559  21    5  -2.36  28.77   4.86  29.23  77.51  94.69   1.50   1.50   4.00   4.00   8.00
560  21    5  -7.06  27.99   4.86  29.23  77.51 104.15   1.50   1.50   4.00   4.00   8.00
561  21    5 -11.57  26.45   4.86  29.23  77.51 113.62   1.50   1.50   4.00   4.00   8.00
562  21    5 -15.76  24.18   4.86  29.23  77.51 123.09   1.50   1.50   4.00   4.00   8.00
563  21    5 -19.52  21.26   4.86  29.23  77.51 132.56   1.50   1.50   4.00   4.00   8.00
564  21    5 -22.76  17.76   4.86  29.23  77.51 142.03   1.50   1.50   4.00   4.00   8.00
565  21    5 -25.37  13.77   4.86  29.23  77.51 151.50   1.50   1.50   4.00   4.00   8.00
566  21    5 -27.29   9.41   4.86  29.23  77.51 160.97   1.50   1.50   4.00   4.00   8.00
567  21    5 -28.46   4.80   4.86  29.23  77.51 170.43   1.50   1.50   4.00   4.00   8.00
568  21    5 -28.87   0.05   4.86  29.23  77.51 179.90   1.50   1.50   4.00   4.00   8.00
569  21    5 -28.48  -4.70   4.86  29.23  77.51 189.37   1.50   1.50   4.00   4.00   8.00
570  21    5 -27.32  -9.32   4.86  29.23  77.51 198.84   1.50   1.50   4.00   4.00   8.00
571  21    5 -25.41 -13.69   4.86  29.23  77.51 208.31   1.50   1.50   4.00   4.00   8.00
572  21    5 -22.82 -17.68   4.86  29.23  77.51 217.78   1.50   1.50   4.00   4.00   8.00
573  21    5 -19.60 -21.20   4.86  29.23  77.51 227.25   1.50   1.50   4.00   4.00   8.00
574  21    5 -15.84 -24.13   4.86  29.23  77.51 236.71   1.50   1.50   4.00   4.00   8.00
575  21    5 -11.66 -26.41   4.86  29.23  77.51 246.18   1.50   1.50   4.00   4.00   8.00
576  21    5  -7.15 -27.97   4.86  29.23  77.51 255.65   1.50   1.50   4.00   4.00   8.00
577  21    5  -2.46 -28.76   4.86  29.23  77.51 265.12   1.50   1.50   4.00   4.00   8.00
578  21    5   2.31 -28.77   4.86  29.23  77.51 274.59   1.50   1.50   4.00   4.00   8.00
579  21    5   7.01 -28.00   4.86  29.23  77.51 284.06   1.50   1.50   4.00   4.00   8.00
580  21    5  11.52 -26.47   4.86  29.23  77.51 293.53   1.50   1.50   4.00   4.00   8.00
581  21    5  15.72 -24.21   4.86  29.23  77.51 302.99   1.50   1.50   4.00   4.00   8.00
582  21    5  19.49 -21.29   4.86  29.23  77.51 312.46   1.50   1.50   4.00   4.00   8.00
583  21    5  22.73 -17.80   4.86  29.23  77.51 321.93   1.50   1.50   4.00   4.00   8.00
584  21    5  25.34 -13.82   4.86  29.23  77.51 331.40   1.50   1.50   4.00   4.00   8.00
585  21    5  27.27  -9.46   4.86  29.23  77.51 340.87   1.50   1.50   4.00   4.00   8.00
586  21    5  28.46  -4.85   4.86  29.23  77.51 350.34   1.50   1.50   4.00   4.00   8.00
587  22    5  26.88   0.00   2.33  26.94  88.24   0.00   1.50   1.50   4.00   4.00   8.00
588  22    5  26.47   4.67   2.33  26.94  88.24  10.00   1.50   1.50   4.00   4.00   8.00
589  22    5  25.26   9.19   2.33  26.94  88.24  20.00   1.50   1.50   4.00   4.00   8.00
590  22    5  23.28  13.44   2.33  26.94  88.24  30.00   1.50   1.50   4.00   4.00   8.00
591  22    5  20.59  17.28   2.33  26.94  88.24  40.00   1.50   1.50   4.00   4.00   8.00
592  22    5  17.28  20.59   2.33  26.94  88.24  50.00   1.50   1.50   4.00   4.00   8.00
593  22    5  13.44  23.28   2.33  26.94  88.24  60.00   1.50   1.50   4.00   4.00   8.00
594  22    5   9.20  25.26   2.33  26.94  88.24  70.00   1.50   1.50   4.00   4.00   8.00
595  22    5   4.67  26.47   2.33  26.94  88.24  80.00   1.50   1.50   4.00   4.00   8.00
596  22    5   0.00  26.88   2.33  26.94  88.24  90.00   1.50   1.50   4.00   4.00   8.00
597  22    5  -4.67  26.47   2.33  26.94  88.24 100.00   1.50   1.50   4.00   4.00   8.00
598  22    5  -9.19  25.26   2.33  26.94  88.24 110.00   1.50   1.50   4.00   4.00   8.00
599  22    5 -13.44  23.28   2.33  26.94  88.24 120.00   1.50   1.50   4.00   4.00   8.00
600  22    5 -17.28  20.59   2.33  26.94  88.24 130.00   1.50   1.50   4.00   4.00   8.00
601  22    5 -20.59  17.28   2.33  26.94  88.24 140.00   1.50   1.50   4.00   4.00   8.00
602  22    5 -23.28  13.44   2.33  26.94  88.24 149.99   1.50   1.50   4.00   4.00   8.00
603  22    5 -25.26   9.20   2.33  26.94  88.24 159.99   1.50   1.50   4.00   4.00   8.00
604  22    5 -26.47   4.67   2.33  26.94  88.24 169.99   1.50   1.50   4.00   4.00   8.00
605  22    5 -26.88   0.00   2.33  26.94  88.24 179.99   1.50   1.50   4.00   4.00   8.00
606  22    5 -26.47  -4.66   2.33  26.94  88.24 189.99   1.50   1.50   4.00   4.00   8.00
607  22    5 -25.26  -9.19   2.33  26.94  88.24 199.99   1.50   1.50   4.00   4.00   8.00
608  22    5 -23.28 -13.44   2.33  26.94  88.24 209.99   1.50   1.50   4.00   4.00   8.00
609  22    5 -20.60 -17.28   2.33  26.94  88.24 219.99   1.50   1.50   4.00   4.00   8.00
610  22    5 -17.28 -20.59   2.33  26.94  88.24 229.99   1.50   1.50   4.00   4.00   8.00
611  22    5 -13.44 -23.28   2.33  26.94  88.24 239.99   1.50   1.50   4.00   4.00   8.00
612  22    5  -9.20 -25.26   2.33  26.94  88.24 249.99   1.50   1.50   4.00   4.00   8.00
613  22    5  -4.67 -26.47   2.33  26.94  88.24 259.99   1.50   1.50   4.00   4.00   8.00
614  22    5  -0.00 -26.88   2.33  26.94  88.24 269.99   1.50   1.50   4.00   4.00   8.00
615  22    5   4.66 -26.47   2.33  26.94  88.24 279.99   1.50   1.50   4.00   4.00   8.00
616  22    5   9.19 -25.26   2.33  26.94  88.24 289.99   1.50   1.50   4.00   4.00   8.00
617  22    5  13.44 -23.28   2.33  26.94  88.24 299.99   1.50   1.50   4.00   4.00   8.00
618  22    5  17.28 -20.60   2.33  26.94  88.24 309.99   1.50   1.50   4.00   4.00   8.00
619  22    5  20.59 -17.28   2.33  26.94  88.24 319.99   1.50   1.50   4.00   4.00   8.00
620  22    5  23.28 -13.45   2.33  26.94  88.24 329.99   1.50   1.50   4.00   4.00   8.00
621  22    5  25.26  -9.20   2.33  26.94  88.24 339.99   1.50   1.50   4.00   4.00   8.00
622  22    5  26.47  -4.67   2.33  26.94  88.24 349.99   1.50   1.50   4.00   4.00   8.00
623  23    5  26.93   0.00   0.83  26.94  88.24   0.00   1.50   1.50   4.00   4.00   8.00
624  23    5  26.52   4.68   0.83  26.94  88.24  10.00   1.50   1.50   4.00   4.00   8.00
625  23    5  25.30   9.21   0.83  26.94  88.24  20.00   1.50   1.50   4.00   4.00   8.00
626  23    5  23.32  13.46   0.83  26.94  88.24  30.00   1.50   1.50   4.00   4.00   8.00
627  23    5  20.63  17.31   0.83  26.94  88.24  40.00   1.50   1.50   4.00   4.00   8.00
628  23    5  17.31  20.63   0.83  26.94  88.24  50.00   1.50   1.50   4.00   4.00   8.00
629  23    5  13.46  23.32   0.83  26.94  88.24  60.00   1.50   1.50   4.00   4.00   8.00
630  23    5   9.21  25.30   0.83  26.94  88.24  70.00   1.50   1.50   4.00   4.00   8.00
631  23    5   4.68  26.52   0.83  26.94  88.24  80.00   1.50   1.50   4.00   4.00   8.00
632  23    5   0.00  26.93   0.83  26.94  88.24  90.00   1.50   1.50   4.00   4.00   8.00
633  23    5  -4.67  26.52   0.83  26.94  88.24 100.00   1.50   1.50   4.00   4.00   8.00
634  23    5  -9.21  25.30   0.83  26.94  88.24 110.00   1.50   1.50   4.00   4.00   8.00
635  23    5 -13.46  23.32   0.83  26.94  88.24 120.00   1.50   1.50   4.00   4.00   8.00
636  23    5 -17.31  20.63   0.83  26.94  88.24 130.00   1.50   1.50   4.00   4.00   8.00
637  23    5 -20.63  17.31   0.83  26.94  88.24 140.00   1.50   1.50   4.00   4.00   8.00
638  23    5 -23.32  13.47   0.83  26.94  88.24 149.99   1.50   1.50   4.00   4.00   8.00
639  23    5 -25.30   9.21   0.83  26.94  88.24 159.99   1.50   1.50   4.00   4.00   8.00
640  23    5 -26.52   4.68   0.83  26.94  88.24 169.99   1.50   1.50   4.00   4.00   8.00
641  23    5 -26.93   0.00   0.83  26.94  88.24 179.99   1.50   1.50   4.00   4.00   8.00
642  23    5 -26.52  -4.67   0.83  26.94  88.24 189.99   1.50   1.50   4.00   4.00   8.00
643  23    5 -25.31  -9.21   0.83  26.94  88.24 199.99   1.50   1.50   4.00   4.00   8.00
644  23    5 -23.32 -13.46   0.83  26.94  88.24 209.99   1.50   1.50   4.00   4.00   8.00
645  23    5 -20.63 -17.31   0.83  26.94  88.24 219.99   1.50   1.50   4.00   4.00   8.00
646  23    5 -17.31 -20.63   0.83  26.94  88.24 229.99   1.50   1.50   4.00   4.00   8.00
647  23    5 -13.47 -23.32   0.83  26.94  88.24 239.99   1.50   1.50   4.00   4.00   8.00
648  23    5  -9.21 -25.30   0.83  26.94  88.24 249.99   1.50   1.50   4.00   4.00   8.00
649  23    5  -4.68 -26.52   0.83  26.94  88.24 259.99   1.50   1.50   4.00   4.00   8.00
650  23    5  -0.00 -26.93   0.83  26.94  88.24 269.99   1.50   1.50   4.00   4.00   8.00
651  23    5   4.67 -26.52   0.83  26.94  88.24 279.99   1.50   1.50   4.00   4.00   8.00
652  23    5   9.21 -25.31   0.83  26.94  88.24 289.99   1.50   1.50   4.00   4.00   8.00
653  23    5  13.46 -23.32   0.83  26.94  88.24 299.99   1.50   1.50   4.00   4.00   8.00
654  23    5  17.31 -20.63   0.83  26.94  88.24 309.99   1.50   1.50   4.00   4.00   8.00
655  23    5  20.62 -17.31   0.83  26.94  88.24 319.99   1.50   1.50   4.00   4.00   8.00
656  23    5  23.32 -13.47   0.83  26.94  88.24 329.99   1.50   1.50   4.00   4.00   8.00
657  23    5  25.30  -9.22   0.83  26.94  88.24 339.99   1.50   1.50   4.00   4.00   8.00
658  23    5  26.52  -4.68   0.83  26.94  88.24 349.99   1.50   1.50   4.00   4.00   8.00
659  24    5  26.97   0.00  -0.67  26.94  88.24   0.00   1.50   1.50   4.00   4.00   8.00
660  24    5  26.56   4.68  -0.67  26.94  88.24  10.00   1.50   1.50   4.00   4.00   8.00
661  24    5  25.35   9.23  -0.67  26.94  88.24  20.00   1.50   1.50   4.00   4.00   8.00
662  24    5  23.36  13.49  -0.67  26.94  88.24  30.00   1.50   1.50   4.00   4.00   8.00
663  24    5  20.66  17.34  -0.67  26.94  88.24  40.00   1.50   1.50   4.00   4.00   8.00
664  24    5  17.34  20.66  -0.67  26.94  88.24  50.00   1.50   1.50   4.00   4.00   8.00
665  24    5  13.49  23.36  -0.67  26.94  88.24  60.00   1.50   1.50   4.00   4.00   8.00
666  24    5   9.23  25.35  -0.67  26.94  88.24  70.00   1.50   1.50   4.00   4.00   8.00
667  24    5   4.69  26.56  -0.67  26.94  88.24  80.00   1.50   1.50   4.00   4.00   8.00
668  24    5   0.00  26.97  -0.67  26.94  88.24  90.00   1.50   1.50   4.00   4.00   8.00
669  24    5  -4.68  26.56  -0.67  26.94  88.24 100.00   1.50   1.50   4.00   4.00   8.00
670  24    5  -9.22  25.35  -0.67  26.94  88.24 110.00   1.50   1.50   4.00   4.00   8.00
671  24    5 -13.49  23.36  -0.67  26.94  88.24 120.00   1.50   1.50   4.00   4.00   8.00
672  24    5 -17.34  20.66  -0.67  26.94  88.24 130.00   1.50   1.50   4.00   4.00   8.00
673  24    5 -20.66  17.34  -0.67  26.94  88.24 140.00   1.50   1.50   4.00   4.00   8.00
674  24    5 -23.36  13.49  -0.67  26.94  88.24 149.99   1.50   1.50   4.00   4.00   8.00
675  24    5 -25.35   9.23  -0.67  26.94  88.24 159.99   1.50   1.50   4.00   4.00   8.00
676  24    5 -26.56   4.69  -0.67  26.94  88.24 169.99   1.50   1.50   4.00   4.00   8.00
677  24    5 -26.97   0.00  -0.67  26.94  88.24 179.99   1.50   1.50   4.00   4.00   8.00
678  24    5 -26.56  -4.68  -0.67  26.94  88.24 189.99   1.50   1.50   4.00   4.00   8.00
679  24    5 -25.35  -9.22  -0.67  26.94  88.24 199.99   1.50   1.50   4.00   4.00   8.00
680  24    5 -23.36 -13.48  -0.67  26.94  88.24 209.99   1.50   1.50   4.00   4.00   8.00
681  24    5 -20.67 -17.34  -0.67  26.94  88.24 219.99   1.50   1.50   4.00   4.00   8.00
682  24    5 -17.34 -20.66  -0.67  26.94  88.24 229.99   1.50   1.50   4.00   4.00   8.00
683  24    5 -13.49 -23.36  -0.67  26.94  88.24 239.99   1.50   1.50   4.00   4.00   8.00
684  24    5  -9.23 -25.35  -0.67  26.94  88.24 249.99   1.50   1.50   4.00   4.00   8.00
685  24    5  -4.69 -26.56  -0.67  26.94  88.24 259.99   1.50   1.50   4.00   4.00   8.00
686  24    5  -0.00 -26.97  -0.67  26.94  88.24 269.99   1.50   1.50   4.00   4.00   8.00
687  24    5   4.68 -26.57  -0.67  26.94  88.24 279.99   1.50   1.50   4.00   4.00   8.00
688  24    5   9.22 -25.35  -0.67  26.94  88.24 289.99   1.50   1.50   4.00   4.00   8.00
689  24    5  13.48 -23.36  -0.67  26.94  88.24 299.99   1.50   1.50   4.00   4.00   8.00
690  24    5  17.33 -20.67  -0.67  26.94  88.24 309.99   1.50   1.50   4.00   4.00   8.00
691  24    5  20.66 -17.34  -0.67  26.94  88.24 319.99   1.50   1.50   4.00   4.00   8.00
692  24    5  23.36 -13.49  -0.67  26.94  88.24 329.99   1.50   1.50   4.00   4.00   8.00
693  24    5  25.35  -9.23  -0.67  26.94  88.24 339.99   1.50   1.50   4.00   4.00   8.00
694  24    5  26.56  -4.69  -0.67  26.94  88.24 349.99   1.50   1.50   4.00   4.00   8.00
695  25    5  24.58   0.00  -2.71  24.72  98.02   0.00   1.50   1.50   4.00   4.00   8.00
696  25    5  24.11   4.80  -2.71  24.72  98.02  11.25   1.50   1.50   4.00   4.00   8.00
697  25    5  22.71   9.41  -2.71  24.72  98.02  22.50   1.50   1.50   4.00   4.00   8.00
698  25    5  20.44  13.66  -2.71  24.72  98.02  33.75   1.50   1.50   4.00   4.00   8.00
699  25    5  17.38  17.38  -2.71  24.72  98.02  45.00   1.50   1.50   4.00   4.00   8.00
700  25    5  13.66  20.44  -2.71  24.72  98.02  56.25   1.50   1.50   4.00   4.00   8.00
701  25    5   9.41  22.71  -2.71  24.72  98.02  67.50   1.50   1.50   4.00   4.00   8.00
702  25    5   4.80  24.11  -2.71  24.72  98.02  78.75   1.50   1.50   4.00   4.00   8.00
703  25    5   0.00  24.58  -2.71  24.72  98.02  90.00   1.50   1.50   4.00   4.00   8.00
704  25    5  -4.79  24.11  -2.71  24.72  98.02 101.25   1.50   1.50   4.00   4.00   8.00
705  25    5  -9.41  22.71  -2.71  24.72  98.02 112.49   1.50   1.50   4.00   4.00   8.00
706  25    5 -13.66  20.44  -2.71  24.72  98.02 123.74   1.50   1.50   4.00   4.00   8.00
707  25    5 -17.38  17.38  -2.71  24.72  98.02 134.99   1.50   1.50   4.00   4.00   8.00
708  25    5 -20.44  13.66  -2.71  24.72  98.02 146.24   1.50   1.50   4.00   4.00   8.00
709  25    5 -22.71   9.41  -2.71  24.72  98.02 157.49   1.50   1.50   4.00   4.00   8.00
710  25    5 -24.11   4.80  -2.71  24.72  98.02 168.74   1.50   1.50   4.00   4.00   8.00
711  25    5 -24.58   0.00  -2.71  24.72  98.02 179.99   1.50   1.50   4.00   4.00   8.00
712  25    5 -24.11  -4.79  -2.71  24.72  98.02 191.24   1.50   1.50   4.00   4.00   8.00
713  25    5 -22.71  -9.40  -2.71  24.72  98.02 202.49   1.50   1.50   4.00   4.00   8.00
714  25    5 -20.44 -13.65  -2.71  24.72  98.02 213.74   1.50   1.50   4.00   4.00   8.00
715  25    5 -17.39 -17.38  -2.71  24.72  98.02 224.99   1.50   1.50   4.00   4.00   8.00
716  25    5 -13.66 -20.44  -2.71  24.72  98.02 236.24   1.50   1.50   4.00   4.00   8.00
717  25    5  -9.41 -22.71  -2.71  24.72  98.02 247.49   1.50   1.50   4.00   4.00   8.00
718  25    5  -4.80 -24.11  -2.71  24.72  98.02 258.74   1.50   1.50   4.00   4.00   8.00
719  25    5  -0.01 -24.58  -2.71  24.72  98.02 269.99   1.50   1.50   4.00   4.00   8.00
720  25    5   4.79 -24.11  -2.71  24.72  98.02 281.24   1.50   1.50   4.00   4.00   8.00
721  25    5   9.40 -22.71  -2.71  24.72  98.02 292.49   1.50   1.50   4.00   4.00   8.00
722  25    5  13.65 -20.44  -2.71  24.72  98.02 303.74   1.50   1.50   4.00   4.00   8.00
723  25    5  17.38 -17.39  -2.71  24.72  98.02 314.99   1.50   1.50   4.00   4.00   8.00
724  25    5  20.44 -13.66  -2.71  24.72  98.02 326.23   1.50   1.50   4.00   4.00   8.00
725  25    5  22.71  -9.41  -2.71  24.72  98.02 337.48   1.50   1.50   4.00   4.00   8.00
726  25    5  24.11  -4.80  -2.71  24.72  98.02 348.73   1.50   1.50   4.00   4.00   8.00
727  26    5  24.37   0.00  -4.19  24.72  98.02   0.00   1.50   1.50   4.00   4.00   8.00
728  26    5  23.90   4.75  -4.19  24.72  98.02  11.25   1.50   1.50   4.00   4.00   8.00
729  26    5  22.52   9.33  -4.19  24.72  98.02  22.50   1.50   1.50   4.00   4.00   8.00
730  26    5  20.27  13.54  -4.19  24.72  98.02  33.75   1.50   1.50   4.00   4.00   8.00
731  26    5  17.23  17.23  -4.19  24.72  98.02  45.00   1.50   1.50   4.00   4.00   8.00
732  26    5  13.54  20.26  -4.19  24.72  98.02  56.25   1.50   1.50   4.00   4.00   8.00
733  26    5   9.33  22.52  -4.19  24.72  98.02  67.50   1.50   1.50   4.00   4.00   8.00
734  26    5   4.76  23.90  -4.19  24.72  98.02  78.75   1.50   1.50   4.00   4.00   8.00
735  26    5   0.00  24.37  -4.19  24.72  98.02  90.00   1.50   1.50   4.00   4.00   8.00
736  26    5  -4.75  23.90  -4.19  24.72  98.02 101.25   1.50   1.50   4.00   4.00   8.00
737  26    5  -9.33  22.52  -4.19  24.72  98.02 112.49   1.50   1.50   4.00   4.00   8.00
738  26    5 -13.54  20.27  -4.19  24.72  98.02 123.74   1.50   1.50   4.00   4.00   8.00
739  26    5 -17.23  17.24  -4.19  24.72  98.02 134.99   1.50   1.50   4.00   4.00   8.00
740  26    5 -20.26  13.54  -4.19  24.72  98.02 146.24   1.50   1.50   4.00   4.00   8.00
741  26    5 -22.52   9.33  -4.19  24.72  98.02 157.49   1.50   1.50   4.00   4.00   8.00
742  26    5 -23.90   4.76  -4.19  24.72  98.02 168.74   1.50   1.50   4.00   4.00   8.00
743  26    5 -24.37   0.00  -4.19  24.72  98.02 179.99   1.50   1.50   4.00   4.00   8.00
744  26    5 -23.91  -4.75  -4.19  24.72  98.02 191.24   1.50   1.50   4.00   4.00   8.00
745  26    5 -22.52  -9.32  -4.19  24.72  98.02 202.49   1.50   1.50   4.00   4.00   8.00
746  26    5 -20.27 -13.54  -4.19  24.72  98.02 213.74   1.50   1.50   4.00   4.00   8.00
747  26    5 -17.24 -17.23  -4.19  24.72  98.02 224.99   1.50   1.50   4.00   4.00   8.00
748  26    5 -13.54 -20.26  -4.19  24.72  98.02 236.24   1.50   1.50   4.00   4.00   8.00
749  26    5  -9.33 -22.52  -4.19  24.72  98.02 247.49   1.50   1.50   4.00   4.00   8.00
750  26    5  -4.76 -23.90  -4.19  24.72  98.02 258.74   1.50   1.50   4.00   4.00   8.00
751  26    5  -0.01 -24.37  -4.19  24.72  98.02 269.99   1.50   1.50   4.00   4.00   8.00
752  26    5   4.75 -23.91  -4.19  24.72  98.02 281.24   1.50   1.50   4.00   4.00   8.00
753  26    5   9.32 -22.52  -4.19  24.72  98.02 292.49   1.50   1.50   4.00   4.00   8.00
754  26    5  13.54 -20.27  -4.19  24.72  98.02 303.74   1.50   1.50   4.00   4.00   8.00
755  26    5  17.23 -17.24  -4.19  24.72  98.02 314.99   1.50   1.50   4.00   4.00   8.00
756  26    5  20.26 -13.55  -4.19  24.72  98.02 326.23   1.50   1.50   4.00   4.00   8.00
757  26    5  22.51  -9.33  -4.19  24.72  98.02 337.48   1.50   1.50   4.00   4.00   8.00
758  26    5  23.90  -4.76  -4.19  24.72  98.02 348.73   1.50   1.50   4.00   4.00   8.00
759  27    5  22.23   0.00  -5.92  22.99 106.78   0.00   1.50   1.50   4.00   4.00   8.00
760  27    5  21.67   4.95  -5.92  22.99 106.78  12.86   1.50   1.50   4.00   4.00   8.00
761  27    5  20.03   9.65  -5.92  22.99 106.78  25.71   1.50   1.50   4.00   4.00   8.00
762  27    5  17.38  13.86  -5.92  22.99 106.78  38.57   1.50   1.50   4.00   4.00   8.00
763  27    5  13.86  17.38  -5.92  22.99 106.78  51.43   1.50   1.50   4.00   4.00   8.00
764  27    5   9.65  20.03  -5.92  22.99 106.78  64.28   1.50   1.50   4.00   4.00   8.00
765  27    5   4.95  21.67  -5.92  22.99 106.78  77.14   1.50   1.50   4.00   4.00   8.00
766  27    5   0.00  22.23  -5.92  22.99 106.78  90.00   1.50   1.50   4.00   4.00   8.00
767  27    5  -4.94  21.67  -5.92  22.99 106.78 102.85   1.50   1.50   4.00   4.00   8.00
768  27    5  -9.64  20.03  -5.92  22.99 106.78 115.71   1.50   1.50   4.00   4.00   8.00
769  27    5 -13.86  17.38  -5.92  22.99 106.78 128.56   1.50   1.50   4.00   4.00   8.00
770  27    5 -17.38  13.86  -5.92  22.99 106.78 141.42   1.50   1.50   4.00   4.00   8.00
771  27    5 -20.03   9.65  -5.92  22.99 106.78 154.28   1.50   1.50   4.00   4.00   8.00
772  27    5 -21.67   4.95  -5.92  22.99 106.78 167.13   1.50   1.50   4.00   4.00   8.00
773  27    5 -22.23   0.00  -5.92  22.99 106.78 179.99   1.50   1.50   4.00   4.00   8.00
774  27    5 -21.67  -4.94  -5.92  22.99 106.78 192.85   1.50   1.50   4.00   4.00   8.00
775  27    5 -20.03  -9.64  -5.92  22.99 106.78 205.70   1.50   1.50   4.00   4.00   8.00
776  27    5 -17.38 -13.86  -5.92  22.99 106.78 218.56   1.50   1.50   4.00   4.00   8.00
777  27    5 -13.86 -17.38  -5.92  22.99 106.78 231.42   1.50   1.50   4.00   4.00   8.00
778  27    5  -9.65 -20.03  -5.92  22.99 106.78 244.27   1.50   1.50   4.00   4.00   8.00
779  27    5  -4.95 -21.67  -5.92  22.99 106.78 257.13   1.50   1.50   4.00   4.00   8.00
780  27    5  -0.01 -22.23  -5.92  22.99 106.78 269.99   1.50   1.50   4.00   4.00   8.00
781  27    5   4.94 -21.67  -5.92  22.99 106.78 282.84   1.50   1.50   4.00   4.00   8.00
782  27    5   9.64 -20.03  -5.92  22.99 106.78 295.70   1.50   1.50   4.00   4.00   8.00
783  27    5  13.86 -17.38  -5.92  22.99 106.78 308.56   1.50   1.50   4.00   4.00   8.00
784  27    5  17.38 -13.87  -5.92  22.99 106.78 321.41   1.50   1.50   4.00   4.00   8.00
785  27    5  20.03  -9.65  -5.92  22.99 106.78 334.27   1.50   1.50   4.00   4.00   8.00
786  27    5  21.67  -4.95  -5.92  22.99 106.78 347.12   1.50   1.50   4.00   4.00   8.00
787  28    5  21.80   0.00  -7.36  22.99 106.78   0.00   1.50   1.50   4.00   4.00   8.00
788  28    5  21.25   4.85  -7.36  22.99 106.78  12.86   1.50   1.50   4.00   4.00   8.00
789  28    5  19.64   9.46  -7.36  22.99 106.78  25.71   1.50   1.50   4.00   4.00   8.00
790  28    5  17.04  13.59  -7.36  22.99 106.78  38.57   1.50   1.50   4.00   4.00   8.00
791  28    5  13.59  17.04  -7.36  22.99 106.78  51.43   1.50   1.50   4.00   4.00   8.00
792  28    5   9.46  19.64  -7.36  22.99 106.78  64.28   1.50   1.50   4.00   4.00   8.00
793  28    5   4.85  21.25  -7.36  22.99 106.78  77.14   1.50   1.50   4.00   4.00   8.00
794  28    5   0.00  21.80  -7.36  22.99 106.78  90.00   1.50   1.50   4.00   4.00   8.00
795  28    5  -4.85  21.25  -7.36  22.99 106.78 102.85   1.50   1.50   4.00   4.00   8.00
796  28    5  -9.46  19.64  -7.36  22.99 106.78 115.71   1.50   1.50   4.00   4.00   8.00
797  28    5 -13.59  17.04  -7.36  22.99 106.78 128.56   1.50   1.50   4.00   4.00   8.00
798  28    5 -17.04  13.59  -7.36  22.99 106.78 141.42   1.50   1.50   4.00   4.00   8.00
799  28    5 -19.64   9.46  -7.36  22.99 106.78 154.28   1.50   1.50   4.00   4.00   8.00
800  28    5 -21.25   4.85  -7.36  22.99 106.78 167.13   1.50   1.50   4.00   4.00   8.00
801  28    5 -21.80   0.00  -7.36  22.99 106.78 179.99   1.50   1.50   4.00   4.00   8.00
802  28    5 -21.25  -4.85  -7.36  22.99 106.78 192.85   1.50   1.50   4.00   4.00   8.00
803  28    5 -19.64  -9.45  -7.36  22.99 106.78 205.70   1.50   1.50   4.00   4.00   8.00
804  28    5 -17.04 -13.59  -7.36  22.99 106.78 218.56   1.50   1.50   4.00   4.00   8.00
805  28    5 -13.59 -17.04  -7.36  22.99 106.78 231.42   1.50   1.50   4.00   4.00   8.00
806  28    5  -9.46 -19.64  -7.36  22.99 106.78 244.27   1.50   1.50   4.00   4.00   8.00
807  28    5  -4.86 -21.25  -7.36  22.99 106.78 257.13   1.50   1.50   4.00   4.00   8.00
808  28    5  -0.01 -21.80  -7.36  22.99 106.78 269.99   1.50   1.50   4.00   4.00   8.00
809  28    5   4.84 -21.25  -7.36  22.99 106.78 282.84   1.50   1.50   4.00   4.00   8.00
810  28    5   9.45 -19.64  -7.36  22.99 106.78 295.70   1.50   1.50   4.00   4.00   8.00
811  28    5  13.59 -17.05  -7.36  22.99 106.78 308.56   1.50   1.50   4.00   4.00   8.00
812  28    5  17.04 -13.60  -7.36  22.99 106.78 321.41   1.50   1.50   4.00   4.00   8.00
813  28    5  19.64  -9.46  -7.36  22.99 106.78 334.27   1.50   1.50   4.00   4.00   8.00
814  28    5  21.25  -4.86  -7.36  22.99 106.78 347.12   1.50   1.50   4.00   4.00   8.00
815  29    5  18.49   0.00  -8.48  20.33 116.74   0.00   1.50   1.50   4.00   4.00   8.00
816  29    5  17.75   5.21  -8.48  20.33 116.74  16.36   1.50   1.50   4.00   4.00   8.00
817  29    5  15.56  10.00  -8.48  20.33 116.74  32.73   1.50   1.50   4.00   4.00   8.00
818  29    5  12.11  13.98  -8.48  20.33 116.74  49.09   1.50   1.50   4.00   4.00   8.00
819  29    5   7.68  16.82  -8.48  20.33 116.74  65.45   1.50   1.50   4.00   4.00   8.00
820  29    5   2.63  18.31  -8.48  20.33 116.74  81.82   1.50   1.50   4.00   4.00   8.00
821  29    5  -2.63  18.31  -8.48  20.33 116.74  98.18   1.50   1.50   4.00   4.00   8.00
822  29    5  -7.68  16.82  -8.48  20.33 116.74 114.55   1.50   1.50   4.00   4.00   8.00
823  29    5 -12.11  13.98  -8.48  20.33 116.74 130.91   1.50   1.50   4.00   4.00   8.00
824  29    5 -15.56  10.00  -8.48  20.33 116.74 147.27   1.50   1.50   4.00   4.00   8.00
825  29    5 -17.75   5.21  -8.48  20.33 116.74 163.64   1.50   1.50   4.00   4.00   8.00
826  29    5 -18.49   0.00  -8.48  20.33 116.74 180.00   1.50   1.50   4.00   4.00   8.00
827  29    5 -17.75  -5.21  -8.48  20.33 116.74 196.36   1.50   1.50   4.00   4.00   8.00
828  29    5 -15.56 -10.00  -8.48  20.33 116.74 212.73   1.50   1.50   4.00   4.00   8.00
829  29    5 -12.11 -13.98  -8.48  20.33 116.74 229.09   1.50   1.50   4.00   4.00   8.00
830  29    5  -7.68 -16.82  -8.48  20.33 116.74 245.45   1.50   1.50   4.00   4.00   8.00
831  29    5  -2.63 -18.31  -8.48  20.33 116.74 261.82   1.50   1.50   4.00   4.00   8.00
832  29    5   2.63 -18.31  -8.48  20.33 116.74 278.18   1.50   1.50   4.00   4.00   8.00
833  29    5   7.68 -16.82  -8.48  20.33 116.74 294.55   1.50   1.50   4.00   4.00   8.00
834  29    5  12.11 -13.98  -8.48  20.33 116.74 310.91   1.50   1.50   4.00   4.00   8.00
835  29    5  15.56 -10.00  -8.48  20.33 116.74 327.27   1.50   1.50   4.00   4.00   8.00
836  29    5  17.75  -5.21  -8.48  20.33 116.74 343.64   1.50   1.50   4.00   4.00   8.00
837  30    5  17.82   0.00  -9.82  20.33 116.74   0.00   1.50   1.50   4.00   4.00   8.00
838  30    5  17.10   5.02  -9.82  20.33 116.74  16.36   1.50   1.50   4.00   4.00   8.00
839  30    5  14.99   9.63  -9.82  20.33 116.74  32.73   1.50   1.50   4.00   4.00   8.00
840  30    5  11.67  13.47  -9.82  20.33 116.74  49.09   1.50   1.50   4.00   4.00   8.00
841  30    5   7.40  16.21  -9.82  20.33 116.74  65.45   1.50   1.50   4.00   4.00   8.00
842  30    5   2.54  17.64  -9.82  20.33 116.74  81.82   1.50   1.50   4.00   4.00   8.00
843  30    5  -2.54  17.64  -9.82  20.33 116.74  98.18   1.50   1.50   4.00   4.00   8.00
844  30    5  -7.40  16.21  -9.82  20.33 116.74 114.55   1.50   1.50   4.00   4.00   8.00
845  30    5 -11.67  13.47  -9.82  20.33 116.74 130.91   1.50   1.50   4.00   4.00   8.00
846  30    5 -14.99   9.63  -9.82  20.33 116.74 147.27   1.50   1.50   4.00   4.00   8.00
847  30    5 -17.10   5.02  -9.82  20.33 116.74 163.64   1.50   1.50   4.00   4.00   8.00
848  30    5 -17.82   0.00  -9.82  20.33 116.74 180.00   1.50   1.50   4.00   4.00   8.00
849  30    5 -17.10  -5.02  -9.82  20.33 116.74 196.36   1.50   1.50   4.00   4.00   8.00
850  30    5 -14.99  -9.63  -9.82  20.33 116.74 212.73   1.50   1.50   4.00   4.00   8.00
851  30    5 -11.67 -13.47  -9.82  20.33 116.74 229.09   1.50   1.50   4.00   4.00   8.00
852  30    5  -7.40 -16.21  -9.82  20.33 116.74 245.45   1.50   1.50   4.00   4.00   8.00
853  30    5  -2.54 -17.64  -9.82  20.33 116.74 261.82   1.50   1.50   4.00   4.00   8.00
854  30    5   2.54 -17.64  -9.82  20.33 116.74 278.18   1.50   1.50   4.00   4.00   8.00
855  30    5   7.40 -16.21  -9.82  20.33 116.74 294.55   1.50   1.50   4.00   4.00   8.00
856  30    5  11.67 -13.47  -9.82  20.33 116.74 310.91   1.50   1.50   4.00   4.00   8.00
857  30    5  14.99  -9.63  -9.82  20.33 116.74 327.27   1.50   1.50   4.00   4.00   8.00
858  30    5  17.10  -5.02  -9.82  20.33 116.74 343.64   1.50   1.50   4.00   4.00   8.00
859  31    5  15.06   0.00 -10.66  18.45 125.31   0.00   1.50   1.50   4.00   4.00   8.00
860  31    5  14.15   5.14 -10.66  18.45 125.31  19.97   1.50   1.50   4.00   4.00   8.00
861  31    5  11.54   9.67 -10.66  18.45 125.31  39.94   1.50   1.50   4.00   4.00   8.00
862  31    5   7.55  13.03 -10.66  18.45 125.31  59.91   1.50   1.50   4.00   4.00   8.00
863  31    5   2.64  14.82 -10.66  18.45 125.31  79.88   1.50   1.50   4.00   4.00   8.00
864  31    5  -2.58  14.84 -10.66  18.45 125.31  99.85   1.50   1.50   4.00   4.00   8.00
865  31    5  -7.49  13.06 -10.66  18.45 125.31 119.82   1.50   1.50   4.00   4.00   8.00
866  31    5 -11.50   9.72 -10.66  18.45 125.31 139.80   1.50   1.50   4.00   4.00   8.00
867  31    5 -14.13   5.21 -10.66  18.45 125.31 159.77   1.50   1.50   4.00   4.00   8.00
868  31    5 -15.06   0.07 -10.66  18.45 125.31 179.74   1.50   1.50   4.00   4.00   8.00
869  31    5 -14.18  -5.08 -10.66  18.45 125.31 199.71   1.50   1.50   4.00   4.00   8.00
870  31    5 -11.59  -9.61 -10.66  18.45 125.31 219.68   1.50   1.50   4.00   4.00   8.00
871  31    5  -7.61 -12.99 -10.66  18.45 125.31 239.65   1.50   1.50   4.00   4.00   8.00
872  31    5  -2.71 -14.81 -10.66  18.45 125.31 259.62   1.50   1.50   4.00   4.00   8.00
873  31    5   2.51 -14.85 -10.66  18.45 125.31 279.59   1.50   1.50   4.00   4.00   8.00
874  31    5   7.43 -13.10 -10.66  18.45 125.31 299.56   1.50   1.50   4.00   4.00   8.00
875  31    5  11.46  -9.77 -10.66  18.45 125.31 319.53   1.50   1.50   4.00   4.00   8.00
876  31    5  14.10  -5.27 -10.66  18.45 125.31 339.50   1.50   1.50   4.00   4.00   8.00
877  32    5  12.88   0.00 -11.61  17.34 132.02   0.00   1.50   1.50   4.00   4.00   8.00
878  32    5  11.77   5.24 -11.61  17.34 132.02  24.00   1.50   1.50   4.00   4.00   8.00
879  32    5   8.62   9.57 -11.61  17.34 132.02  48.00   1.50   1.50   4.00   4.00   8.00
880  32    5   3.98  12.25 -11.61  17.34 132.02  72.00   1.50   1.50   4.00   4.00   8.00
881  32    5  -1.35  12.81 -11.61  17.34 132.02  96.00   1.50   1.50   4.00   4.00   8.00
882  32    5  -6.44  11.16 -11.61  17.34 132.02 120.00   1.50   1.50   4.00   4.00   8.00
883  32    5 -10.42   7.57 -11.61  17.34 132.02 144.00   1.50   1.50   4.00   4.00   8.00
884  32    5 -12.60   2.68 -11.61  17.34 132.02 168.00   1.50   1.50   4.00   4.00   8.00
885  32    5 -12.60  -2.68 -11.61  17.34 132.02 192.00   1.50   1.50   4.00   4.00   8.00
886  32    5 -10.42  -7.57 -11.61  17.34 132.02 216.00   1.50   1.50   4.00   4.00   8.00
887  32    5  -6.44 -11.16 -11.61  17.34 132.02 240.00   1.50   1.50   4.00   4.00   8.00
888  32    5  -1.35 -12.81 -11.61  17.34 132.02 264.00   1.50   1.50   4.00   4.00   8.00
889  32    5   3.98 -12.25 -11.61  17.34 132.02 288.00   1.50   1.50   4.00   4.00   8.00
890  32    5   8.62  -9.57 -11.61  17.34 132.02 312.00   1.50   1.50   4.00   4.00   8.00
891  32    5  11.77  -5.24 -11.61  17.34 132.02 336.00   1.50   1.50   4.00   4.00   8.00
892  33    5   9.96   0.00 -11.83  15.46 139.89   0.00   1.50   1.50   4.00   4.00   8.00
893  33    5   8.38   5.39 -11.83  15.46 139.89  32.72   1.50   1.50   4.00   4.00   8.00
894  33    5   4.14   9.06 -11.83  15.46 139.89  65.45   1.50   1.50   4.00   4.00   8.00
895  33    5  -1.42   9.86 -11.83  15.46 139.89  98.17   1.50   1.50   4.00   4.00   8.00
896  33    5  -6.52   7.53 -11.83  15.46 139.89 130.90   1.50   1.50   4.00   4.00   8.00
897  33    5  -9.56   2.81 -11.83  15.46 139.89 163.62   1.50   1.50   4.00   4.00   8.00
898  33    5  -9.56  -2.80 -11.83  15.46 139.89 196.35   1.50   1.50   4.00   4.00   8.00
899  33    5  -6.53  -7.53 -11.83  15.46 139.89 229.07   1.50   1.50   4.00   4.00   8.00
900  33    5  -1.42  -9.86 -11.83  15.46 139.89 261.80   1.50   1.50   4.00   4.00   8.00
901  33    5   4.13  -9.06 -11.83  15.46 139.89 294.52   1.50   1.50   4.00   4.00   8.00
902  33    5   8.38  -5.39 -11.83  15.46 139.89 327.25   1.50   1.50   4.00   4.00   8.00
903  34    5   6.81   0.00 -11.73  13.56 149.86   0.00   1.50   1.50   4.00   4.00   8.00
904  34    5   4.25   5.32 -11.73  13.56 149.86  51.43   1.50   1.50   4.00   4.00   8.00
905  34    5  -1.51   6.64 -11.73  13.56 149.86 102.85   1.50   1.50   4.00   4.00   8.00
906  34    5  -6.14   2.96 -11.73  13.56 149.86 154.28   1.50   1.50   4.00   4.00   8.00
907  34    5  -6.14  -2.95 -11.73  13.56 149.86 205.70   1.50   1.50   4.00   4.00   8.00
908  34    5  -1.52  -6.64 -11.73  13.56 149.86 257.13   1.50   1.50   4.00   4.00   8.00
909  34    5   4.24  -5.33 -11.73  13.56 149.86 308.55   1.50   1.50   4.00   4.00   8.00
-1
