 1   1    7   5.25   0.00  24.11  24.68  12.29   0.00   1.50   1.50   4.00   4.00  8.00
  2   1    7   2.63   4.55  24.11  24.68  12.29  60.00   1.50   1.50   4.00   4.00  8.00
  3   1    7  -2.63   4.55  24.11  24.68  12.29 120.00   1.50   1.50   4.00   4.00  8.00
  4   1    7  -5.25   0.00  24.11  24.68  12.29 180.00   1.50   1.50   4.00   4.00  8.00
  5   1    7  -2.63  -4.55  24.11  24.68  12.29 240.00   1.50   1.50   4.00   4.00  8.00
  6   1    7   2.63  -4.55  24.11  24.68  12.29 300.00   1.50   1.50   4.00   4.00  8.00
  7   2    7   7.72   0.00  23.93  25.14  17.87   0.00   1.50   1.50   4.00   4.00  8.00
  8   2    7   5.91   4.96  23.93  25.14  17.87  40.00   1.50   1.50   4.00   4.00  8.00
  9   2    7   1.34   7.60  23.93  25.14  17.87  80.00   1.50   1.50   4.00   4.00  8.00
 10   2    7  -3.86   6.68  23.93  25.14  17.87 119.99   1.50   1.50   4.00   4.00  8.00
 11   2    7  -7.25   2.64  23.93  25.14  17.87 159.99   1.50   1.50   4.00   4.00  8.00
 12   2    7  -7.25  -2.64  23.93  25.14  17.87 199.99   1.50   1.50   4.00   4.00  8.00
 13   2    7  -3.86  -6.68  23.93  25.14  17.87 239.99   1.50   1.50   4.00   4.00  8.00
 14   2    7   1.34  -7.60  23.93  25.14  17.87 279.99   1.50   1.50   4.00   4.00  8.00
 15   2    7   5.91  -4.96  23.93  25.14  17.87 319.99   1.50   1.50   4.00   4.00  8.00
 16   3    7  11.40   0.00  27.26  29.54  22.69   0.00   1.50   1.50   4.00   4.00  8.00
 17   3    7  10.27   4.94  27.26  29.54  22.69  25.71   1.50   1.50   4.00   4.00  8.00
 18   3    7   7.11   8.91  27.26  29.54  22.69  51.42   1.50   1.50   4.00   4.00  8.00
 19   3    7   2.54  11.11  27.26  29.54  22.69  77.14   1.50   1.50   4.00   4.00  8.00
 20   3    7  -2.53  11.11  27.26  29.54  22.69 102.85   1.50   1.50   4.00   4.00  8.00
 21   3    7  -7.10   8.91  27.26  29.54  22.69 128.56   1.50   1.50   4.00   4.00  8.00
 22   3    7 -10.27   4.95  27.26  29.54  22.69 154.27   1.50   1.50   4.00   4.00  8.00
 23   3    7 -11.40   0.00  27.26  29.54  22.69 179.98   1.50   1.50   4.00   4.00  8.00
 24   3    7 -10.27  -4.94  27.26  29.54  22.69 205.70   1.50   1.50   4.00   4.00  8.00
 25   3    7  -7.11  -8.91  27.26  29.54  22.69 231.41   1.50   1.50   4.00   4.00  8.00
 26   3    7  -2.54 -11.11  27.26  29.54  22.69 257.12   1.50   1.50   4.00   4.00  8.00
 27   3    7   2.53 -11.11  27.26  29.54  22.69 282.83   1.50   1.50   4.00   4.00  8.00
 28   3    7   7.10  -8.91  27.26  29.54  22.69 308.54   1.50   1.50   4.00   4.00  8.00
 29   3    7  10.27  -4.95  27.26  29.54  22.69 334.26   1.50   1.50   4.00   4.00  8.00
 30   4    7  13.64   0.00  27.07  30.31  26.75   0.00   1.50   1.50   4.00   4.00  8.00
 31   4    7  12.72   4.93  27.07  30.31  26.75  21.17   1.50   1.50   4.00   4.00  8.00
 32   4    7  10.08   9.19  27.07  30.31  26.75  42.35   1.50   1.50   4.00   4.00  8.00
 33   4    7   6.08  12.21  27.07  30.31  26.75  63.52   1.50   1.50   4.00   4.00  8.00
 34   4    7   1.26  13.58  27.07  30.31  26.75  84.69   1.50   1.50   4.00   4.00  8.00
 35   4    7  -3.73  13.12  27.07  30.31  26.75 105.87   1.50   1.50   4.00   4.00  8.00
 36   4    7  -8.22  10.89  27.07  30.31  26.75 127.04   1.50   1.50   4.00   4.00  8.00
 37   4    7 -11.59   7.18  27.07  30.31  26.75 148.21   1.50   1.50   4.00   4.00  8.00
 38   4    7 -13.41   2.51  27.07  30.31  26.75 169.39   1.50   1.50   4.00   4.00  8.00
 39   4    7 -13.41  -2.50  27.07  30.31  26.75 190.56   1.50   1.50   4.00   4.00  8.00
 40   4    7 -11.60  -7.17  27.07  30.31  26.75 211.74   1.50   1.50   4.00   4.00  8.00
 41   4    7  -8.23 -10.88  27.07  30.31  26.75 232.91   1.50   1.50   4.00   4.00  8.00
 42   4    7  -3.74 -13.12  27.07  30.31  26.75 254.08   1.50   1.50   4.00   4.00  8.00
 43   4    7   1.25 -13.58  27.07  30.31  26.75 275.26   1.50   1.50   4.00   4.00  8.00
 44   4    7   6.07 -12.21  27.07  30.31  26.75 296.43   1.50   1.50   4.00   4.00  8.00
 45   4    7  10.07  -9.20  27.07  30.31  26.75 317.60   1.50   1.50   4.00   4.00  8.00
 46   4    7  12.71  -4.94  27.07  30.31  26.75 338.78   1.50   1.50   4.00   4.00  8.00
 47   5    7  16.51   0.00  28.01  32.51  30.52   0.00   1.50   1.50   4.00   4.00  8.00
 48   5    7  15.77   4.87  28.01  32.51  30.52  17.14   1.50   1.50   4.00   4.00  8.00
 49   5    7  13.64   9.30  28.01  32.51  30.52  34.29   1.50   1.50   4.00   4.00  8.00
 50   5    7  10.29  12.91  28.01  32.51  30.52  51.43   1.50   1.50   4.00   4.00  8.00
 51   5    7   6.03  15.37  28.01  32.51  30.52  68.57   1.50   1.50   4.00   4.00  8.00
 52   5    7   1.23  16.46  28.01  32.51  30.52  85.71   1.50   1.50   4.00   4.00  8.00
 53   5    7  -3.67  16.09  28.01  32.51  30.52 102.86   1.50   1.50   4.00   4.00  8.00
 54   5    7  -8.25  14.30  28.01  32.51  30.52 120.00   1.50   1.50   4.00   4.00  8.00
 55   5    7 -12.10  11.23  28.01  32.51  30.52 137.14   1.50   1.50   4.00   4.00  8.00
 56   5    7 -14.87   7.16  28.01  32.51  30.52 154.29   1.50   1.50   4.00   4.00  8.00
 57   5    7 -16.32   2.46  28.01  32.51  30.52 171.43   1.50   1.50   4.00   4.00  8.00
 58   5    7 -16.32  -2.46  28.01  32.51  30.52 188.57   1.50   1.50   4.00   4.00  8.00
 59   5    7 -14.87  -7.16  28.01  32.51  30.52 205.71   1.50   1.50   4.00   4.00  8.00
 60   5    7 -12.10 -11.23  28.01  32.51  30.52 222.86   1.50   1.50   4.00   4.00  8.00
 61   5    7  -8.25 -14.30  28.01  32.51  30.52 240.00   1.50   1.50   4.00   4.00  8.00
 62   5    7  -3.67 -16.09  28.01  32.51  30.52 257.14   1.50   1.50   4.00   4.00  8.00
 63   5    7   1.23 -16.46  28.01  32.51  30.52 274.29   1.50   1.50   4.00   4.00  8.00
 64   5    7   6.03 -15.37  28.01  32.51  30.52 291.43   1.50   1.50   4.00   4.00  8.00
 65   5    7  10.29 -12.91  28.01  32.51  30.52 308.57   1.50   1.50   4.00   4.00  8.00
 66   5    7  13.64  -9.30  28.01  32.51  30.52 325.71   1.50   1.50   4.00   4.00  8.00
 67   5    7  15.77  -4.87  28.01  32.51  30.52 342.86   1.50   1.50   4.00   4.00  8.00
 68   6    7  18.68   0.00  27.68  33.39  34.02   0.00   1.50   1.50   4.00   4.00  8.00
 69   6    7  18.04   4.83  27.68  33.39  34.02  15.00   1.50   1.50   4.00   4.00  8.00
 70   6    7  16.18   9.34  27.68  33.39  34.02  30.00   1.50   1.50   4.00   4.00  8.00
 71   6    7  13.21  13.21  27.68  33.39  34.02  45.00   1.50   1.50   4.00   4.00  8.00
 72   6    7   9.34  16.18  27.68  33.39  34.02  60.00   1.50   1.50   4.00   4.00  8.00
 73   6    7   4.84  18.04  27.68  33.39  34.02  75.00   1.50   1.50   4.00   4.00  8.00
 74   6    7   0.00  18.68  27.68  33.39  34.02  90.00   1.50   1.50   4.00   4.00  8.00
 75   6    7  -4.83  18.04  27.68  33.39  34.02 105.00   1.50   1.50   4.00   4.00  8.00
 76   6    7  -9.34  16.18  27.68  33.39  34.02 120.00   1.50   1.50   4.00   4.00  8.00
 77   6    7 -13.21  13.21  27.68  33.39  34.02 135.00   1.50   1.50   4.00   4.00  8.00
 78   6    7 -16.18   9.34  27.68  33.39  34.02 149.99   1.50   1.50   4.00   4.00  8.00
 79   6    7 -18.04   4.84  27.68  33.39  34.02 164.99   1.50   1.50   4.00   4.00  8.00
 80   6    7 -18.68   0.00  27.68  33.39  34.02 179.99   1.50   1.50   4.00   4.00  8.00
 81   6    7 -18.04  -4.83  27.68  33.39  34.02 194.99   1.50   1.50   4.00   4.00  8.00
 82   6    7 -16.18  -9.34  27.68  33.39  34.02 209.99   1.50   1.50   4.00   4.00  8.00
 83   6    7 -13.21 -13.21  27.68  33.39  34.02 224.99   1.50   1.50   4.00   4.00  8.00
 84   6    7  -9.34 -16.18  27.68  33.39  34.02 239.99   1.50   1.50   4.00   4.00  8.00
 85   6    7  -4.84 -18.04  27.68  33.39  34.02 254.99   1.50   1.50   4.00   4.00  8.00
 86   6    7  -0.00 -18.68  27.68  33.39  34.02 269.99   1.50   1.50   4.00   4.00  8.00
 87   6    7   4.83 -18.04  27.68  33.39  34.02 284.99   1.50   1.50   4.00   4.00  8.00
 88   6    7   9.34 -16.18  27.68  33.39  34.02 299.99   1.50   1.50   4.00   4.00  8.00
 89   6    7  13.21 -13.21  27.68  33.39  34.02 314.99   1.50   1.50   4.00   4.00  8.00
 90   6    7  16.18  -9.34  27.68  33.39  34.02 329.99   1.50   1.50   4.00   4.00  8.00
 91   6    7  18.04  -4.84  27.68  33.39  34.02 344.99   1.50   1.50   4.00   4.00  8.00
 92   7    7  20.83   0.00  27.27  34.32  37.38   0.00   1.50   1.50   4.00   4.00  8.00
 93   7    7  20.27   4.80  27.27  34.32  37.38  13.33   1.50   1.50   4.00   4.00  8.00
 94   7    7  18.62   9.35  27.27  34.32  37.38  26.67   1.50   1.50   4.00   4.00  8.00
 95   7    7  15.96  13.39  27.27  34.32  37.38  40.00   1.50   1.50   4.00   4.00  8.00
 96   7    7  12.44  16.71  27.27  34.32  37.38  53.33   1.50   1.50   4.00   4.00  8.00
 97   7    7   8.25  19.13  27.27  34.32  37.38  66.67   1.50   1.50   4.00   4.00  8.00
 98   7    7   3.62  20.52  27.27  34.32  37.38  80.00   1.50   1.50   4.00   4.00  8.00
 99   7    7  -1.21  20.80  27.27  34.32  37.38  93.33   1.50   1.50   4.00   4.00  8.00
100   7    7  -5.97  19.96  27.27  34.32  37.38 106.66   1.50   1.50   4.00   4.00  8.00
101   7    7 -10.42  18.04  27.27  34.32  37.38 120.00   1.50   1.50   4.00   4.00  8.00
102   7    7 -14.30  15.15  27.27  34.32  37.38 133.33   1.50   1.50   4.00   4.00  8.00
103   7    7 -17.40  11.45  27.27  34.32  37.38 146.66   1.50   1.50   4.00   4.00  8.00
104   7    7 -19.58   7.13  27.27  34.32  37.38 160.00   1.50   1.50   4.00   4.00  8.00
105   7    7 -20.69   2.42  27.27  34.32  37.38 173.33   1.50   1.50   4.00   4.00  8.00
106   7    7 -20.69  -2.42  27.27  34.32  37.38 186.66   1.50   1.50   4.00   4.00  8.00
107   7    7 -19.58  -7.12  27.27  34.32  37.38 200.00   1.50   1.50   4.00   4.00  8.00
108   7    7 -17.41 -11.45  27.27  34.32  37.38 213.33   1.50   1.50   4.00   4.00  8.00
109   7    7 -14.30 -15.15  27.27  34.32  37.38 226.66   1.50   1.50   4.00   4.00  8.00
110   7    7 -10.42 -18.04  27.27  34.32  37.38 239.99   1.50   1.50   4.00   4.00  8.00
111   7    7  -5.98 -19.96  27.27  34.32  37.38 253.33   1.50   1.50   4.00   4.00  8.00
112   7    7  -1.21 -20.80  27.27  34.32  37.38 266.66   1.50   1.50   4.00   4.00  8.00
113   7    7   3.62 -20.52  27.27  34.32  37.38 279.99   1.50   1.50   4.00   4.00  8.00
114   7    7   8.25 -19.13  27.27  34.32  37.38 293.33   1.50   1.50   4.00   4.00  8.00
115   7    7  12.44 -16.71  27.27  34.32  37.38 306.66   1.50   1.50   4.00   4.00  8.00
116   7    7  15.96 -13.39  27.27  34.32  37.38 319.99   1.50   1.50   4.00   4.00  8.00
117   7    7  18.62  -9.35  27.27  34.32  37.38 333.33   1.50   1.50   4.00   4.00  8.00
118   7    7  20.27  -4.81  27.27  34.32  37.38 346.66   1.50   1.50   4.00   4.00  8.00
-1
