  1  1 6   6.54   0.00  26.97  27.75  13.64   0.00   2.50   5.00  16.00
  2  1 6   2.02   6.22  26.97  27.75  13.64  72.00   2.50   5.00  16.00
  3  1 6  -5.29   3.85  26.97  27.75  13.64 144.00   2.50   5.00  16.00
  4  1 6  -5.29  -3.85  26.97  27.75  13.64 216.00   2.50   5.00  16.00
  5  1 6   2.02  -6.22  26.97  27.75  13.64 288.00   2.50   5.00  16.00
  6  2 6  11.81   0.00  29.75  32.01  21.65   0.00   2.50   5.00  16.00
  7  2 6   9.55   6.94  29.75  32.01  21.65  36.00   2.50   5.00  16.00
  8  2 6   3.65  11.23  29.75  32.01  21.65  72.00   2.50   5.00  16.00
  9  2 6  -3.65  11.23  29.75  32.01  21.65 108.00   2.50   5.00  16.00
 10  2 6  -9.55   6.94  29.75  32.01  21.65 144.00   2.50   5.00  16.00
 11  2 6 -11.81   0.00  29.75  32.01  21.65 179.99   2.50   5.00  16.00
 12  2 6  -9.55  -6.94  29.75  32.01  21.65 215.99   2.50   5.00  16.00
 13  2 6  -3.65 -11.23  29.75  32.01  21.65 251.99   2.50   5.00  16.00
 14  2 6   3.65 -11.23  29.75  32.01  21.65 287.99   2.50   5.00  16.00
 15  2 6   9.55  -6.94  29.75  32.01  21.65 323.99   2.50   5.00  16.00
 16  3 6  16.61   0.00  31.37  35.50  27.90   0.00   2.50   5.00  16.00
 17  3 6  15.17   6.76  31.37  35.50  27.90  24.00   2.50   5.00  16.00
 18  3 6  11.11  12.34  31.37  35.50  27.90  48.00   2.50   5.00  16.00
 19  3 6   5.13  15.80  31.37  35.50  27.90  72.00   2.50   5.00  16.00
 20  3 6  -1.74  16.52  31.37  35.50  27.90  96.00   2.50   5.00  16.00
 21  3 6  -8.30  14.38  31.37  35.50  27.90 120.00   2.50   5.00  16.00
 22  3 6 -13.44   9.76  31.37  35.50  27.90 144.00   2.50   5.00  16.00
 23  3 6 -16.25   3.45  31.37  35.50  27.90 168.00   2.50   5.00  16.00
 24  3 6 -16.25  -3.45  31.37  35.50  27.90 192.00   2.50   5.00  16.00
 25  3 6 -13.44  -9.76  31.37  35.50  27.90 216.00   2.50   5.00  16.00
 26  3 6  -8.31 -14.38  31.37  35.50  27.90 240.00   2.50   5.00  16.00
 27  3 6  -1.74 -16.52  31.37  35.50  27.90 264.00   2.50   5.00  16.00
 28  3 6   5.13 -15.80  31.37  35.50  27.90 288.00   2.50   5.00  16.00
 29  3 6  11.11 -12.34  31.37  35.50  27.90 312.00   2.50   5.00  16.00
 30  3 6  15.17  -6.76  31.37  35.50  27.90 336.00   2.50   5.00  16.00
 31  4 6  20.47   0.00  31.09  37.22  33.36   0.00   2.50   5.00  16.00
 32  4 6  19.36   6.63  31.09  37.22  33.36  18.90   2.50   5.00  16.00
 33  4 6  16.17  12.54  31.09  37.22  33.36  37.79   2.50   5.00  16.00
 34  4 6  11.24  17.10  31.09  37.22  33.36  56.69   2.50   5.00  16.00
 35  4 6   5.09  19.82  31.09  37.22  33.36  75.59   2.50   5.00  16.00
 36  4 6  -1.60  20.40  31.09  37.22  33.36  94.48   2.50   5.00  16.00
 37  4 6  -8.12  18.78  31.09  37.22  33.36 113.38   2.50   5.00  16.00
 38  4 6 -13.77  15.14  31.09  37.22  33.36 132.28   2.50   5.00  16.00
 39  4 6 -17.93   9.87  31.09  37.22  33.36 151.18   2.50   5.00  16.00
 40  4 6 -20.16   3.53  31.09  37.22  33.36 170.07   2.50   5.00  16.00
 41  4 6 -20.22  -3.19  31.09  37.22  33.36 188.97   2.50   5.00  16.00
 42  4 6 -18.09  -9.57  31.09  37.22  33.36 207.87   2.50   5.00  16.00
 43  4 6 -14.02 -14.91  31.09  37.22  33.36 226.76   2.50   5.00  16.00
 44  4 6  -8.43 -18.65  31.09  37.22  33.36 245.66   2.50   5.00  16.00
 45  4 6  -1.94 -20.37  31.09  37.22  33.36 264.56   2.50   5.00  16.00
 46  4 6   4.76 -19.90  31.09  37.22  33.36 283.45   2.50   5.00  16.00
 47  4 6  10.95 -17.29  31.09  37.22  33.36 302.35   2.50   5.00  16.00
 48  4 6  15.96 -12.81  31.09  37.22  33.36 321.25   2.50   5.00  16.00
 49  4 6  19.25  -6.95  31.09  37.22  33.36 340.14   2.50   5.00  16.00
 50  5 6  24.14   0.00  30.43  38.84  38.43   0.00   2.50   5.00  16.00
 51  5 6  23.25   6.51  30.43  38.84  38.43  15.65   2.50   5.00  16.00
 52  5 6  20.63  12.54  30.43  38.84  38.43  31.30   2.50   5.00  16.00
 53  5 6  16.48  17.64  30.43  38.84  38.43  46.95   2.50   5.00  16.00
 54  5 6  11.11  21.43  30.43  38.84  38.43  62.60   2.50   5.00  16.00
 55  5 6   4.92  23.64  30.43  38.84  38.43  78.25   2.50   5.00  16.00
 56  5 6  -1.64  24.09  30.43  38.84  38.43  93.90   2.50   5.00  16.00
 57  5 6  -8.08  22.75  30.43  38.84  38.43 109.55   2.50   5.00  16.00
 58  5 6 -13.92  19.73  30.43  38.84  38.43 125.20   2.50   5.00  16.00
 59  5 6 -18.72  15.24  30.43  38.84  38.43 140.85   2.50   5.00  16.00
 60  5 6 -22.14   9.62  30.43  38.84  38.43 156.51   2.50   5.00  16.00
 61  5 6 -23.92   3.29  30.43  38.84  38.43 172.16   2.50   5.00  16.00
 62  5 6 -23.92  -3.28  30.43  38.84  38.43 187.81   2.50   5.00  16.00
 63  5 6 -22.15  -9.61  30.43  38.84  38.43 203.46   2.50   5.00  16.00
 64  5 6 -18.73 -15.23  30.43  38.84  38.43 219.11   2.50   5.00  16.00
 65  5 6 -13.93 -19.72  30.43  38.84  38.43 234.76   2.50   5.00  16.00
 66  5 6  -8.10 -22.74  30.43  38.84  38.43 250.41   2.50   5.00  16.00
 67  5 6  -1.66 -24.09  30.43  38.84  38.43 266.06   2.50   5.00  16.00
 68  5 6   4.90 -23.64  30.43  38.84  38.43 281.71   2.50   5.00  16.00
 69  5 6  11.10 -21.44  30.43  38.84  38.43 297.36   2.50   5.00  16.00
 70  5 6  16.47 -17.65  30.43  38.84  38.43 313.01   2.50   5.00  16.00
 71  5 6  20.62 -12.56  30.43  38.84  38.43 328.66   2.50   5.00  16.00
 72  5 6  23.24  -6.53  30.43  38.84  38.43 344.31   2.50   5.00  16.00
 73  6 6  27.77   0.00  29.61  40.60  43.17   0.00   2.50   5.00  16.00
 74  6 6  27.03   6.40  29.61  40.60  43.17  13.33   2.50   5.00  16.00
 75  6 6  24.82  12.46  29.61  40.60  43.17  26.67   2.50   5.00  16.00
 76  6 6  21.28  17.85  29.61  40.60  43.17  40.00   2.50   5.00  16.00
 77  6 6  16.59  22.28  29.61  40.60  43.17  53.33   2.50   5.00  16.00
 78  6 6  11.00  25.50  29.61  40.60  43.17  66.66   2.50   5.00  16.00
 79  6 6   4.83  27.35  29.61  40.60  43.17  80.00   2.50   5.00  16.00
 80  6 6  -1.61  27.73  29.61  40.60  43.17  93.33   2.50   5.00  16.00
 81  6 6  -7.96  26.61  29.61  40.60  43.17 106.66   2.50   5.00  16.00
 82  6 6 -13.88  24.06  29.61  40.60  43.17 119.99   2.50   5.00  16.00
 83  6 6 -19.06  20.21  29.61  40.60  43.17 133.33   2.50   5.00  16.00
 84  6 6 -23.20  15.27  29.61  40.60  43.17 146.66   2.50   5.00  16.00
 85  6 6 -26.10   9.50  29.61  40.60  43.17 159.99   2.50   5.00  16.00
 86  6 6 -27.59   3.23  29.61  40.60  43.17 173.32   2.50   5.00  16.00
 87  6 6 -27.59  -3.22  29.61  40.60  43.17 186.66   2.50   5.00  16.00
 88  6 6 -26.10  -9.49  29.61  40.60  43.17 199.99   2.50   5.00  16.00
 89  6 6 -23.21 -15.26  29.61  40.60  43.17 213.32   2.50   5.00  16.00
 90  6 6 -19.06 -20.20  29.61  40.60  43.17 226.65   2.50   5.00  16.00
 91  6 6 -13.89 -24.05  29.61  40.60  43.17 239.99   2.50   5.00  16.00
 92  6 6  -7.97 -26.61  29.61  40.60  43.17 253.32   2.50   5.00  16.00
 93  6 6  -1.62 -27.73  29.61  40.60  43.17 266.65   2.50   5.00  16.00
 94  6 6   4.82 -27.35  29.61  40.60  43.17 279.98   2.50   5.00  16.00
 95  6 6  10.99 -25.51  29.61  40.60  43.17 293.32   2.50   5.00  16.00
 96  6 6  16.58 -22.28  29.61  40.60  43.17 306.65   2.50   5.00  16.00
 97  6 6  21.27 -17.86  29.61  40.60  43.17 319.98   2.50   5.00  16.00
 98  6 6  24.82 -12.47  29.61  40.60  43.17 333.31   2.50   5.00  16.00
 99  6 6  27.02  -6.41  29.61  40.60  43.17 346.65   2.50   5.00  16.00
100  7 6  29.75   0.00  27.01  40.19  47.77   0.00   2.50   5.00  16.00
101  7 6  29.06   6.40  27.01  40.19  47.77  12.41   2.50   5.00  16.00
102  7 6  27.00  12.49  27.01  40.19  47.77  24.82   2.50   5.00  16.00
103  7 6  23.69  18.00  27.01  40.19  47.77  37.24   2.50   5.00  16.00
104  7 6  19.26  22.67  27.01  40.19  47.77  49.65   2.50   5.00  16.00
105  7 6  13.94  26.29  27.01  40.19  47.77  62.06   2.50   5.00  16.00
106  7 6   7.96  28.67  27.01  40.19  47.77  74.47   2.50   5.00  16.00
107  7 6   1.62  29.71  27.01  40.19  47.77  86.89   2.50   5.00  16.00
108  7 6  -4.81  29.36  27.01  40.19  47.77  99.30   2.50   5.00  16.00
109  7 6 -11.01  27.64  27.01  40.19  47.77 111.71   2.50   5.00  16.00
110  7 6 -16.69  24.63  27.01  40.19  47.77 124.12   2.50   5.00  16.00
111  7 6 -21.60  20.47  27.01  40.19  47.77 136.54   2.50   5.00  16.00
112  7 6 -25.49  15.35  27.01  40.19  47.77 148.95   2.50   5.00  16.00
113  7 6 -28.19   9.51  27.01  40.19  47.77 161.36   2.50   5.00  16.00
114  7 6 -29.58   3.23  27.01  40.19  47.77 173.77   2.50   5.00  16.00
115  7 6 -29.58  -3.21  27.01  40.19  47.77 186.19   2.50   5.00  16.00
116  7 6 -28.20  -9.49  27.01  40.19  47.77 198.60   2.50   5.00  16.00
117  7 6 -25.50 -15.33  27.01  40.19  47.77 211.01   2.50   5.00  16.00
118  7 6 -21.61 -20.45  27.01  40.19  47.77 223.42   2.50   5.00  16.00
119  7 6 -16.71 -24.62  27.01  40.19  47.77 235.83   2.50   5.00  16.00
120  7 6 -11.03 -27.63  27.01  40.19  47.77 248.25   2.50   5.00  16.00
121  7 6  -4.83 -29.36  27.01  40.19  47.77 260.66   2.50   5.00  16.00
122  7 6   1.59 -29.71  27.01  40.19  47.77 273.07   2.50   5.00  16.00
123  7 6   7.94 -28.67  27.01  40.19  47.77 285.48   2.50   5.00  16.00
124  7 6  13.92 -26.30  27.01  40.19  47.77 297.90   2.50   5.00  16.00
125  7 6  19.25 -22.69  27.01  40.19  47.77 310.31   2.50   5.00  16.00
126  7 6  23.67 -18.02  27.01  40.19  47.77 322.72   2.50   5.00  16.00
127  7 6  26.99 -12.51  27.01  40.19  47.77 335.13   2.50   5.00  16.00
128  7 6  29.05  -6.42  27.01  40.19  47.77 347.55   2.50   5.00  16.00
129  8 6  31.75   0.00  24.47  40.09  52.38   0.00   2.50   5.00  16.00
130  8 6  31.11   6.37  24.47  40.09  52.38  11.58   2.50   5.00  16.00
131  8 6  29.19  12.49  24.47  40.09  52.38  23.16   2.50   5.00  16.00
132  8 6  26.09  18.10  24.47  40.09  52.38  34.74   2.50   5.00  16.00
133  8 6  21.93  22.96  24.47  40.09  52.38  46.32   2.50   5.00  16.00
134  8 6  16.87  26.90  24.47  40.09  52.38  57.90   2.50   5.00  16.00
135  8 6  11.13  29.74  24.47  40.09  52.38  69.49   2.50   5.00  16.00
136  8 6   4.93  31.37  24.47  40.09  52.38  81.07   2.50   5.00  16.00
137  8 6  -1.47  31.72  24.47  40.09  52.38  92.65   2.50   5.00  16.00
138  8 6  -7.80  30.78  24.47  40.09  52.38 104.23   2.50   5.00  16.00
139  8 6 -13.82  28.59  24.47  40.09  52.38 115.81   2.50   5.00  16.00
140  8 6 -19.28  25.23  24.47  40.09  52.38 127.39   2.50   5.00  16.00
141  8 6 -23.95  20.84  24.47  40.09  52.38 138.97   2.50   5.00  16.00
142  8 6 -27.65  15.61  24.47  40.09  52.38 150.55   2.50   5.00  16.00
143  8 6 -30.22   9.74  24.47  40.09  52.38 162.13   2.50   5.00  16.00
144  8 6 -31.56   3.48  24.47  40.09  52.38 173.71   2.50   5.00  16.00
145  8 6 -31.62  -2.93  24.47  40.09  52.38 185.29   2.50   5.00  16.00
146  8 6 -30.39  -9.22  24.47  40.09  52.38 196.87   2.50   5.00  16.00
147  8 6 -27.92 -15.13  24.47  40.09  52.38 208.46   2.50   5.00  16.00
148  8 6 -24.31 -20.43  24.47  40.09  52.38 220.04   2.50   5.00  16.00
149  8 6 -19.72 -24.89  24.47  40.09  52.38 231.62   2.50   5.00  16.00
150  8 6 -14.32 -28.34  24.47  40.09  52.38 243.20   2.50   5.00  16.00
151  8 6  -8.34 -30.64  24.47  40.09  52.38 254.78   2.50   5.00  16.00
152  8 6  -2.02 -31.69  24.47  40.09  52.38 266.36   2.50   5.00  16.00
153  8 6   4.39 -31.45  24.47  40.09  52.38 277.94   2.50   5.00  16.00
154  8 6  10.61 -29.93  24.47  40.09  52.38 289.52   2.50   5.00  16.00
155  8 6  16.40 -27.19  24.47  40.09  52.38 301.10   2.50   5.00  16.00
156  8 6  21.53 -23.34  24.47  40.09  52.38 312.68   2.50   5.00  16.00
157  8 6  25.77 -18.55  24.47  40.09  52.38 324.26   2.50   5.00  16.00
158  8 6  28.97 -12.99  24.47  40.09  52.38 335.84   2.50   5.00  16.00
159  8 6  30.99  -6.91  24.47  40.09  52.38 347.43   2.50   5.00  16.00
160  9 6  33.57   0.00  21.82  40.04  56.98   0.00   2.50   5.00  16.00
161  9 6  32.97   6.35  21.82  40.04  56.98  10.91   2.50   5.00  16.00
162  9 6  31.17  12.48  21.82  40.04  56.98  21.82   2.50   5.00  16.00
163  9 6  28.24  18.15  21.82  40.04  56.98  32.72   2.50   5.00  16.00
164  9 6  24.30  23.17  21.82  40.04  56.98  43.63   2.50   5.00  16.00
165  9 6  19.48  27.35  21.82  40.04  56.98  54.54   2.50   5.00  16.00
166  9 6  13.95  30.54  21.82  40.04  56.98  65.45   2.50   5.00  16.00
167  9 6   7.92  32.63  21.82  40.04  56.98  76.36   2.50   5.00  16.00
168  9 6   1.60  33.53  21.82  40.04  56.98  87.26   2.50   5.00  16.00
169  9 6  -4.77  33.23  21.82  40.04  56.98  98.17   2.50   5.00  16.00
170  9 6 -10.97  31.73  21.82  40.04  56.98 109.08   2.50   5.00  16.00
171  9 6 -16.78  29.08  21.82  40.04  56.98 119.99   2.50   5.00  16.00
172  9 6 -21.98  25.38  21.82  40.04  56.98 130.90   2.50   5.00  16.00
173  9 6 -26.38  20.76  21.82  40.04  56.98 141.80   2.50   5.00  16.00
174  9 6 -29.84  15.39  21.82  40.04  56.98 152.71   2.50   5.00  16.00
175  9 6 -32.21   9.47  21.82  40.04  56.98 163.62   2.50   5.00  16.00
176  9 6 -33.42   3.20  21.82  40.04  56.98 174.53   2.50   5.00  16.00
177  9 6 -33.42  -3.18  21.82  40.04  56.98 185.44   2.50   5.00  16.00
178  9 6 -32.22  -9.45  21.82  40.04  56.98 196.34   2.50   5.00  16.00
179  9 6 -29.85 -15.37  21.82  40.04  56.98 207.25   2.50   5.00  16.00
180  9 6 -26.40 -20.74  21.82  40.04  56.98 218.16   2.50   5.00  16.00
181  9 6 -22.00 -25.36  21.82  40.04  56.98 229.07   2.50   5.00  16.00
182  9 6 -16.80 -29.07  21.82  40.04  56.98 239.98   2.50   5.00  16.00
183  9 6 -10.99 -31.72  21.82  40.04  56.98 250.88   2.50   5.00  16.00
184  9 6  -4.79 -33.23  21.82  40.04  56.98 261.79   2.50   5.00  16.00
185  9 6   1.58 -33.54  21.82  40.04  56.98 272.70   2.50   5.00  16.00
186  9 6   7.90 -32.63  21.82  40.04  56.98 283.61   2.50   5.00  16.00
187  9 6  13.93 -30.55  21.82  40.04  56.98 294.52   2.50   5.00  16.00
188  9 6  19.46 -27.36  21.82  40.04  56.98 305.43   2.50   5.00  16.00
189  9 6  24.29 -23.18  21.82  40.04  56.98 316.33   2.50   5.00  16.00
190  9 6  28.23 -18.17  21.82  40.04  56.98 327.24   2.50   5.00  16.00
191  9 6  31.16 -12.50  21.82  40.04  56.98 338.15   2.50   5.00  16.00
192  9 6  32.96  -6.37  21.82  40.04  56.98 349.06   2.50   5.00  16.00
193 10 6  34.62   0.00  18.71  39.35  61.61   0.00   2.50   5.00  16.00
194 10 6  34.03   6.36  18.71  39.35  61.61  10.58   2.50   5.00  16.00
195 10 6  32.28  12.50  18.71  39.35  61.61  21.17   2.50   5.00  16.00
196 10 6  29.44  18.22  18.71  39.35  61.61  31.75   2.50   5.00  16.00
197 10 6  25.59  23.32  18.71  39.35  61.61  42.34   2.50   5.00  16.00
198 10 6  20.87  27.62  18.71  39.35  61.61  52.92   2.50   5.00  16.00
199 10 6  15.44  30.99  18.71  39.35  61.61  63.51   2.50   5.00  16.00
200 10 6   9.49  33.29  18.71  39.35  61.61  74.09   2.50   5.00  16.00
201 10 6   3.21  34.47  18.71  39.35  61.61  84.68   2.50   5.00  16.00
202 10 6  -3.18  34.47  18.71  39.35  61.61  95.26   2.50   5.00  16.00
203 10 6  -9.45  33.30  18.71  39.35  61.61 105.85   2.50   5.00  16.00
204 10 6 -15.41  31.00  18.71  39.35  61.61 116.43   2.50   5.00  16.00
205 10 6 -20.84  27.64  18.71  39.35  61.61 127.02   2.50   5.00  16.00
206 10 6 -25.57  23.34  18.71  39.35  61.61 137.60   2.50   5.00  16.00
207 10 6 -29.42  18.25  18.71  39.35  61.61 148.19   2.50   5.00  16.00
208 10 6 -32.27  12.54  18.71  39.35  61.61 158.77   2.50   5.00  16.00
209 10 6 -34.02   6.40  18.71  39.35  61.61 169.35   2.50   5.00  16.00
210 10 6 -34.62   0.04  18.71  39.35  61.61 179.94   2.50   5.00  16.00
211 10 6 -34.04  -6.32  18.71  39.35  61.61 190.52   2.50   5.00  16.00
212 10 6 -32.30 -12.47  18.71  39.35  61.61 201.11   2.50   5.00  16.00
213 10 6 -29.46 -18.19  18.71  39.35  61.61 211.69   2.50   5.00  16.00
214 10 6 -25.62 -23.29  18.71  39.35  61.61 222.28   2.50   5.00  16.00
215 10 6 -20.90 -27.60  18.71  39.35  61.61 232.86   2.50   5.00  16.00
216 10 6 -15.48 -30.97  18.71  39.35  61.61 243.45   2.50   5.00  16.00
217 10 6  -9.52 -33.28  18.71  39.35  61.61 254.03   2.50   5.00  16.00
218 10 6  -3.25 -34.47  18.71  39.35  61.61 264.62   2.50   5.00  16.00
219 10 6   3.14 -34.48  18.71  39.35  61.61 275.20   2.50   5.00  16.00
220 10 6   9.42 -33.31  18.71  39.35  61.61 285.79   2.50   5.00  16.00
221 10 6  15.38 -31.02  18.71  39.35  61.61 296.37   2.50   5.00  16.00
222 10 6  20.81 -27.67  18.71  39.35  61.61 306.96   2.50   5.00  16.00
223 10 6  25.54 -23.37  18.71  39.35  61.61 317.54   2.50   5.00  16.00
224 10 6  29.40 -18.28  18.71  39.35  61.61 328.12   2.50   5.00  16.00
225 10 6  32.26 -12.57  18.71  39.35  61.61 338.71   2.50   5.00  16.00
226 10 6  34.02  -6.43  18.71  39.35  61.61 349.29   2.50   5.00  16.00
227 11 6  35.61   0.00  15.62  38.88  66.32   0.00   2.50   5.00  16.00
228 11 6  35.03   6.36  15.62  38.88  66.32  10.29   2.50   5.00  16.00
229 11 6  33.34  12.51  15.62  38.88  66.32  20.57   2.50   5.00  16.00
230 11 6  30.57  18.26  15.62  38.88  66.32  30.86   2.50   5.00  16.00
231 11 6  26.81  23.43  15.62  38.88  66.32  41.14   2.50   5.00  16.00
232 11 6  22.20  27.84  15.62  38.88  66.32  51.43   2.50   5.00  16.00
233 11 6  16.87  31.35  15.62  38.88  66.32  61.71   2.50   5.00  16.00
234 11 6  11.00  33.86  15.62  38.88  66.32  72.00   2.50   5.00  16.00
235 11 6   4.78  35.28  15.62  38.88  66.32  82.28   2.50   5.00  16.00
236 11 6  -1.60  35.57  15.62  38.88  66.32  92.57   2.50   5.00  16.00
237 11 6  -7.92  34.71  15.62  38.88  66.32 102.86   2.50   5.00  16.00
238 11 6 -13.99  32.74  15.62  38.88  66.32 113.14   2.50   5.00  16.00
239 11 6 -19.61  29.72  15.62  38.88  66.32 123.43   2.50   5.00  16.00
240 11 6 -24.61  25.74  15.62  38.88  66.32 133.71   2.50   5.00  16.00
241 11 6 -28.81  20.93  15.62  38.88  66.32 144.00   2.50   5.00  16.00
242 11 6 -32.08  15.45  15.62  38.88  66.32 154.28   2.50   5.00  16.00
243 11 6 -34.32   9.47  15.62  38.88  66.32 164.57   2.50   5.00  16.00
244 11 6 -35.46   3.19  15.62  38.88  66.32 174.85   2.50   5.00  16.00
245 11 6 -35.46  -3.19  15.62  38.88  66.32 185.14   2.50   5.00  16.00
246 11 6 -34.32  -9.47  15.62  38.88  66.32 195.43   2.50   5.00  16.00
247 11 6 -32.08 -15.45  15.62  38.88  66.32 205.71   2.50   5.00  16.00
248 11 6 -28.81 -20.93  15.62  38.88  66.32 216.00   2.50   5.00  16.00
249 11 6 -24.61 -25.73  15.62  38.88  66.32 226.28   2.50   5.00  16.00
250 11 6 -19.62 -29.71  15.62  38.88  66.32 236.57   2.50   5.00  16.00
251 11 6 -14.00 -32.74  15.62  38.88  66.32 246.85   2.50   5.00  16.00
252 11 6  -7.93 -34.71  15.62  38.88  66.32 257.14   2.50   5.00  16.00
253 11 6  -1.60 -35.57  15.62  38.88  66.32 267.42   2.50   5.00  16.00
254 11 6   4.78 -35.28  15.62  38.88  66.32 277.71   2.50   5.00  16.00
255 11 6  11.00 -33.86  15.62  38.88  66.32 288.00   2.50   5.00  16.00
256 11 6  16.87 -31.36  15.62  38.88  66.32 298.28   2.50   5.00  16.00
257 11 6  22.20 -27.84  15.62  38.88  66.32 308.57   2.50   5.00  16.00
258 11 6  26.81 -23.43  15.62  38.88  66.32 318.85   2.50   5.00  16.00
259 11 6  30.56 -18.27  15.62  38.88  66.32 329.14   2.50   5.00  16.00
260 11 6  33.33 -12.51  15.62  38.88  66.32 339.42   2.50   5.00  16.00
261 11 6  35.03  -6.36  15.62  38.88  66.32 349.71   2.50   5.00  16.00
262 12 6  35.75   0.00  12.22  37.78  71.12   0.00   2.50   5.00  16.00
263 12 6  35.18   6.38  12.22  37.78  71.12  10.29   2.50   5.00  16.00
264 12 6  33.47  12.56  12.22  37.78  71.12  20.57   2.50   5.00  16.00
265 12 6  30.69  18.34  12.22  37.78  71.12  30.86   2.50   5.00  16.00
266 12 6  26.92  23.52  12.22  37.78  71.12  41.14   2.50   5.00  16.00
267 12 6  22.29  27.95  12.22  37.78  71.12  51.43   2.50   5.00  16.00
268 12 6  16.94  31.48  12.22  37.78  71.12  61.71   2.50   5.00  16.00
269 12 6  11.05  34.00  12.22  37.78  71.12  72.00   2.50   5.00  16.00
270 12 6   4.80  35.43  12.22  37.78  71.12  82.29   2.50   5.00  16.00
271 12 6  -1.60  35.72  12.22  37.78  71.12  92.57   2.50   5.00  16.00
272 12 6  -7.96  34.86  12.22  37.78  71.12 102.86   2.50   5.00  16.00
273 12 6 -14.05  32.87  12.22  37.78  71.12 113.14   2.50   5.00  16.00
274 12 6 -19.70  29.84  12.22  37.78  71.12 123.43   2.50   5.00  16.00
275 12 6 -24.71  25.84  12.22  37.78  71.12 133.71   2.50   5.00  16.00
276 12 6 -28.92  21.01  12.22  37.78  71.12 144.00   2.50   5.00  16.00
277 12 6 -32.21  15.51  12.22  37.78  71.12 154.28   2.50   5.00  16.00
278 12 6 -34.46   9.51  12.22  37.78  71.12 164.57   2.50   5.00  16.00
279 12 6 -35.61   3.21  12.22  37.78  71.12 174.86   2.50   5.00  16.00
280 12 6 -35.61  -3.20  12.22  37.78  71.12 185.14   2.50   5.00  16.00
281 12 6 -34.46  -9.51  12.22  37.78  71.12 195.43   2.50   5.00  16.00
282 12 6 -32.21 -15.51  12.22  37.78  71.12 205.71   2.50   5.00  16.00
283 12 6 -28.92 -21.01  12.22  37.78  71.12 216.00   2.50   5.00  16.00
284 12 6 -24.71 -25.84  12.22  37.78  71.12 226.28   2.50   5.00  16.00
285 12 6 -19.70 -29.84  12.22  37.78  71.12 236.57   2.50   5.00  16.00
286 12 6 -14.05 -32.87  12.22  37.78  71.12 246.86   2.50   5.00  16.00
287 12 6  -7.96 -34.86  12.22  37.78  71.12 257.14   2.50   5.00  16.00
288 12 6  -1.60 -35.72  12.22  37.78  71.12 267.43   2.50   5.00  16.00
289 12 6   4.80 -35.43  12.22  37.78  71.12 277.71   2.50   5.00  16.00
290 12 6  11.05 -34.00  12.22  37.78  71.12 288.00   2.50   5.00  16.00
291 12 6  16.94 -31.48  12.22  37.78  71.12 298.28   2.50   5.00  16.00
292 12 6  22.29 -27.95  12.22  37.78  71.12 308.57   2.50   5.00  16.00
293 12 6  26.92 -23.52  12.22  37.78  71.12 318.86   2.50   5.00  16.00
294 12 6  30.69 -18.34  12.22  37.78  71.12 329.14   2.50   5.00  16.00
295 12 6  33.47 -12.56  12.22  37.78  71.12 339.43   2.50   5.00  16.00
296 12 6  35.18  -6.38  12.22  37.78  71.12 349.71   2.50   5.00  16.00
297 13 6  35.84   0.00   8.88  36.93  76.08   0.00   2.50   5.00  16.00
298 13 6  35.27   6.40   8.88  36.93  76.08  10.29   2.50   5.00  16.00
299 13 6  33.56  12.59   8.88  36.93  76.08  20.57   2.50   5.00  16.00
300 13 6  30.77  18.38   8.88  36.93  76.08  30.86   2.50   5.00  16.00
301 13 6  26.99  23.58   8.88  36.93  76.08  41.14   2.50   5.00  16.00
302 13 6  22.35  28.02   8.88  36.93  76.08  51.43   2.50   5.00  16.00
303 13 6  16.99  31.56   8.88  36.93  76.08  61.71   2.50   5.00  16.00
304 13 6  11.08  34.09   8.88  36.93  76.08  72.00   2.50   5.00  16.00
305 13 6   4.81  35.52   8.88  36.93  76.08  82.28   2.50   5.00  16.00
306 13 6  -1.61  35.81   8.88  36.93  76.08  92.57   2.50   5.00  16.00
307 13 6  -7.97  34.95   8.88  36.93  76.08 102.85   2.50   5.00  16.00
308 13 6 -14.08  32.96   8.88  36.93  76.08 113.14   2.50   5.00  16.00
309 13 6 -19.74  29.92   8.88  36.93  76.08 123.42   2.50   5.00  16.00
310 13 6 -24.77  25.91   8.88  36.93  76.08 133.71   2.50   5.00  16.00
311 13 6 -29.00  21.07   8.88  36.93  76.08 143.99   2.50   5.00  16.00
312 13 6 -32.29  15.56   8.88  36.93  76.08 154.28   2.50   5.00  16.00
313 13 6 -34.55   9.54   8.88  36.93  76.08 164.56   2.50   5.00  16.00
314 13 6 -35.70   3.22   8.88  36.93  76.08 174.85   2.50   5.00  16.00
315 13 6 -35.70  -3.21   8.88  36.93  76.08 185.13   2.50   5.00  16.00
316 13 6 -34.55  -9.53   8.88  36.93  76.08 195.42   2.50   5.00  16.00
317 13 6 -32.30 -15.55   8.88  36.93  76.08 205.70   2.50   5.00  16.00
318 13 6 -29.00 -21.06   8.88  36.93  76.08 215.99   2.50   5.00  16.00
319 13 6 -24.78 -25.90   8.88  36.93  76.08 226.27   2.50   5.00  16.00
320 13 6 -19.75 -29.91   8.88  36.93  76.08 236.56   2.50   5.00  16.00
321 13 6 -14.09 -32.96   8.88  36.93  76.08 246.85   2.50   5.00  16.00
322 13 6  -7.98 -34.94   8.88  36.93  76.08 257.13   2.50   5.00  16.00
323 13 6  -1.62 -35.81   8.88  36.93  76.08 267.42   2.50   5.00  16.00
324 13 6   4.80 -35.52   8.88  36.93  76.08 277.70   2.50   5.00  16.00
325 13 6  11.07 -34.09   8.88  36.93  76.08 287.99   2.50   5.00  16.00
326 13 6  16.98 -31.57   8.88  36.93  76.08 298.27   2.50   5.00  16.00
327 13 6  22.34 -28.03   8.88  36.93  76.08 308.56   2.50   5.00  16.00
328 13 6  26.99 -23.59   8.88  36.93  76.08 318.84   2.50   5.00  16.00
329 13 6  30.77 -18.39   8.88  36.93  76.08 329.13   2.50   5.00  16.00
330 13 6  33.56 -12.60   8.88  36.93  76.08 339.41   2.50   5.00  16.00
331 13 6  35.27  -6.41   8.88  36.93  76.08 349.70   2.50   5.00  16.00
332 14 6  35.08   0.00   5.42  35.50  81.21   0.00   2.50   5.00  16.00
333 14 6  34.48   6.45   5.42  35.50  81.21  10.59   2.50   5.00  16.00
334 14 6  32.71  12.67   5.42  35.50  81.21  21.17   2.50   5.00  16.00
335 14 6  29.83  18.47   5.42  35.50  81.21  31.76   2.50   5.00  16.00
336 14 6  25.93  23.63   5.42  35.50  81.21  42.35   2.50   5.00  16.00
337 14 6  21.14  27.99   5.42  35.50  81.21  52.94   2.50   5.00  16.00
338 14 6  15.64  31.40   5.42  35.50  81.21  63.52   2.50   5.00  16.00
339 14 6   9.60  33.74   5.42  35.50  81.21  74.11   2.50   5.00  16.00
340 14 6   3.24  34.93   5.42  35.50  81.21  84.70   2.50   5.00  16.00
341 14 6  -3.23  34.93   5.42  35.50  81.21  95.29   2.50   5.00  16.00
342 14 6  -9.59  33.74   5.42  35.50  81.21 105.87   2.50   5.00  16.00
343 14 6 -15.63  31.40   5.42  35.50  81.21 116.46   2.50   5.00  16.00
344 14 6 -21.13  28.00   5.42  35.50  81.21 127.05   2.50   5.00  16.00
345 14 6 -25.92  23.64   5.42  35.50  81.21 137.63   2.50   5.00  16.00
346 14 6 -29.82  18.47   5.42  35.50  81.21 148.22   2.50   5.00  16.00
347 14 6 -32.71  12.68   5.42  35.50  81.21 158.81   2.50   5.00  16.00
348 14 6 -34.48   6.45   5.42  35.50  81.21 169.40   2.50   5.00  16.00
349 14 6 -35.08   0.01   5.42  35.50  81.21 179.98   2.50   5.00  16.00
350 14 6 -34.48  -6.44   5.42  35.50  81.21 190.57   2.50   5.00  16.00
351 14 6 -32.71 -12.66   5.42  35.50  81.21 201.16   2.50   5.00  16.00
352 14 6 -29.83 -18.46   5.42  35.50  81.21 211.75   2.50   5.00  16.00
353 14 6 -25.93 -23.62   5.42  35.50  81.21 222.33   2.50   5.00  16.00
354 14 6 -21.15 -27.99   5.42  35.50  81.21 232.92   2.50   5.00  16.00
355 14 6 -15.65 -31.40   5.42  35.50  81.21 243.51   2.50   5.00  16.00
356 14 6  -9.61 -33.74   5.42  35.50  81.21 254.09   2.50   5.00  16.00
357 14 6  -3.25 -34.93   5.42  35.50  81.21 264.68   2.50   5.00  16.00
358 14 6   3.22 -34.93   5.42  35.50  81.21 275.27   2.50   5.00  16.00
359 14 6   9.58 -33.74   5.42  35.50  81.21 285.86   2.50   5.00  16.00
360 14 6  15.62 -31.41   5.42  35.50  81.21 296.44   2.50   5.00  16.00
361 14 6  21.13 -28.00   5.42  35.50  81.21 307.03   2.50   5.00  16.00
362 14 6  25.91 -23.65   5.42  35.50  81.21 317.62   2.50   5.00  16.00
363 14 6  29.82 -18.48   5.42  35.50  81.21 328.21   2.50   5.00  16.00
364 14 6  32.70 -12.69   5.42  35.50  81.21 338.79   2.50   5.00  16.00
365 14 6  34.48  -6.46   5.42  35.50  81.21 349.38   2.50   5.00  16.00
366 15 6  34.24   0.00   2.05  34.30  86.58   0.00   2.50   5.00  16.00
367 15 6  33.62   6.48   2.05  34.30  86.58  10.91   2.50   5.00  16.00
368 15 6  31.79  12.73   2.05  34.30  86.58  21.82   2.50   5.00  16.00
369 15 6  28.81  18.51   2.05  34.30  86.58  32.73   2.50   5.00  16.00
370 15 6  24.78  23.63   2.05  34.30  86.58  43.63   2.50   5.00  16.00
371 15 6  19.86  27.89   2.05  34.30  86.58  54.54   2.50   5.00  16.00
372 15 6  14.23  31.15   2.05  34.30  86.58  65.45   2.50   5.00  16.00
373 15 6   8.07  33.28   2.05  34.30  86.58  76.36   2.50   5.00  16.00
374 15 6   1.63  34.20   2.05  34.30  86.58  87.27   2.50   5.00  16.00
375 15 6  -4.87  33.89   2.05  34.30  86.58  98.18   2.50   5.00  16.00
376 15 6 -11.20  32.36   2.05  34.30  86.58 109.09   2.50   5.00  16.00
377 15 6 -17.12  29.66   2.05  34.30  86.58 119.99   2.50   5.00  16.00
378 15 6 -22.42  25.88   2.05  34.30  86.58 130.90   2.50   5.00  16.00
379 15 6 -26.91  21.17   2.05  34.30  86.58 141.81   2.50   5.00  16.00
380 15 6 -30.43  15.69   2.05  34.30  86.58 152.72   2.50   5.00  16.00
381 15 6 -32.85   9.65   2.05  34.30  86.58 163.63   2.50   5.00  16.00
382 15 6 -34.09   3.26   2.05  34.30  86.58 174.54   2.50   5.00  16.00
383 15 6 -34.09  -3.25   2.05  34.30  86.58 185.45   2.50   5.00  16.00
384 15 6 -32.86  -9.64   2.05  34.30  86.58 196.35   2.50   5.00  16.00
385 15 6 -30.44 -15.69   2.05  34.30  86.58 207.26   2.50   5.00  16.00
386 15 6 -26.92 -21.16   2.05  34.30  86.58 218.17   2.50   5.00  16.00
387 15 6 -22.43 -25.87   2.05  34.30  86.58 229.08   2.50   5.00  16.00
388 15 6 -17.13 -29.65   2.05  34.30  86.58 239.99   2.50   5.00  16.00
389 15 6 -11.21 -32.36   2.05  34.30  86.58 250.90   2.50   5.00  16.00
390 15 6  -4.88 -33.89   2.05  34.30  86.58 261.81   2.50   5.00  16.00
391 15 6   1.62 -34.20   2.05  34.30  86.58 272.72   2.50   5.00  16.00
392 15 6   8.07 -33.28   2.05  34.30  86.58 283.62   2.50   5.00  16.00
393 15 6  14.22 -31.15   2.05  34.30  86.58 294.53   2.50   5.00  16.00
394 15 6  19.86 -27.90   2.05  34.30  86.58 305.44   2.50   5.00  16.00
395 15 6  24.78 -23.64   2.05  34.30  86.58 316.35   2.50   5.00  16.00
396 15 6  28.80 -18.52   2.05  34.30  86.58 327.26   2.50   5.00  16.00
397 15 6  31.79 -12.74   2.05  34.30  86.58 338.17   2.50   5.00  16.00
398 15 6  33.62  -6.49   2.05  34.30  86.58 349.08   2.50   5.00  16.00
399 16 6  32.63   0.00  -1.26  32.65  92.22   0.00   2.50   5.00  16.00
400 16 6  31.96   6.57  -1.26  32.65  92.22  11.61   2.50   5.00  16.00
401 16 6  29.98  12.87  -1.26  32.65  92.22  23.22   2.50   5.00  16.00
402 16 6  26.78  18.64  -1.26  32.65  92.22  34.84   2.50   5.00  16.00
403 16 6  22.48  23.65  -1.26  32.65  92.22  46.45   2.50   5.00  16.00
404 16 6  17.26  27.69  -1.26  32.65  92.22  58.06   2.50   5.00  16.00
405 16 6  11.33  30.60  -1.26  32.65  92.22  69.67   2.50   5.00  16.00
406 16 6   4.94  32.25  -1.26  32.65  92.22  81.29   2.50   5.00  16.00
407 16 6  -1.65  32.59  -1.26  32.65  92.22  92.90   2.50   5.00  16.00
408 16 6  -8.18  31.59  -1.26  32.65  92.22 104.51   2.50   5.00  16.00
409 16 6 -14.37  29.29  -1.26  32.65  92.22 116.12   2.50   5.00  16.00
410 16 6 -19.97  25.80  -1.26  32.65  92.22 127.74   2.50   5.00  16.00
411 16 6 -24.75  21.26  -1.26  32.65  92.22 139.35   2.50   5.00  16.00
412 16 6 -28.53  15.84  -1.26  32.65  92.22 150.96   2.50   5.00  16.00
413 16 6 -31.13   9.77  -1.26  32.65  92.22 162.57   2.50   5.00  16.00
414 16 6 -32.46   3.31  -1.26  32.65  92.22 174.19   2.50   5.00  16.00
415 16 6 -32.46  -3.30  -1.26  32.65  92.22 185.80   2.50   5.00  16.00
416 16 6 -31.13  -9.76  -1.26  32.65  92.22 197.41   2.50   5.00  16.00
417 16 6 -28.53 -15.83  -1.26  32.65  92.22 209.02   2.50   5.00  16.00
418 16 6 -24.76 -21.25  -1.26  32.65  92.22 220.63   2.50   5.00  16.00
419 16 6 -19.98 -25.80  -1.26  32.65  92.22 232.25   2.50   5.00  16.00
420 16 6 -14.37 -29.29  -1.26  32.65  92.22 243.86   2.50   5.00  16.00
421 16 6  -8.18 -31.58  -1.26  32.65  92.22 255.47   2.50   5.00  16.00
422 16 6  -1.66 -32.59  -1.26  32.65  92.22 267.08   2.50   5.00  16.00
423 16 6   4.93 -32.25  -1.26  32.65  92.22 278.70   2.50   5.00  16.00
424 16 6  11.32 -30.60  -1.26  32.65  92.22 290.31   2.50   5.00  16.00
425 16 6  17.25 -27.69  -1.26  32.65  92.22 301.92   2.50   5.00  16.00
426 16 6  22.47 -23.65  -1.26  32.65  92.22 313.53   2.50   5.00  16.00
427 16 6  26.78 -18.65  -1.26  32.65  92.22 325.15   2.50   5.00  16.00
428 16 6  29.98 -12.88  -1.26  32.65  92.22 336.76   2.50   5.00  16.00
429 16 6  31.96  -6.58  -1.26  32.65  92.22 348.37   2.50   5.00  16.00
430 17 6  31.08   0.00  -4.51  31.41  98.25   0.00   2.50   5.00  16.00
431 17 6  30.36   6.68  -4.51  31.41  98.25  12.41   2.50   5.00  16.00
432 17 6  28.21  13.05  -4.51  31.41  98.25  24.83   2.50   5.00  16.00
433 17 6  24.75  18.81  -4.51  31.41  98.25  37.24   2.50   5.00  16.00
434 17 6  20.12  23.69  -4.51  31.41  98.25  49.65   2.50   5.00  16.00
435 17 6  14.56  27.46  -4.51  31.41  98.25  62.07   2.50   5.00  16.00
436 17 6   8.32  29.95  -4.51  31.41  98.25  74.48   2.50   5.00  16.00
437 17 6   1.68  31.04  -4.51  31.41  98.25  86.89   2.50   5.00  16.00
438 17 6  -5.03  30.68  -4.51  31.41  98.25  99.31   2.50   5.00  16.00
439 17 6 -11.50  28.88  -4.51  31.41  98.25 111.72   2.50   5.00  16.00
440 17 6 -17.44  25.73  -4.51  31.41  98.25 124.13   2.50   5.00  16.00
441 17 6 -22.57  21.38  -4.51  31.41  98.25 136.55   2.50   5.00  16.00
442 17 6 -26.63  16.03  -4.51  31.41  98.25 148.96   2.50   5.00  16.00
443 17 6 -29.46   9.93  -4.51  31.41  98.25 161.37   2.50   5.00  16.00
444 17 6 -30.90   3.36  -4.51  31.41  98.25 173.79   2.50   5.00  16.00
445 17 6 -30.90  -3.36  -4.51  31.41  98.25 186.20   2.50   5.00  16.00
446 17 6 -29.46  -9.92  -4.51  31.41  98.25 198.61   2.50   5.00  16.00
447 17 6 -26.64 -16.02  -4.51  31.41  98.25 211.03   2.50   5.00  16.00
448 17 6 -22.57 -21.37  -4.51  31.41  98.25 223.44   2.50   5.00  16.00
449 17 6 -17.45 -25.73  -4.51  31.41  98.25 235.85   2.50   5.00  16.00
450 17 6 -11.51 -28.87  -4.51  31.41  98.25 248.27   2.50   5.00  16.00
451 17 6  -5.03 -30.67  -4.51  31.41  98.25 260.68   2.50   5.00  16.00
452 17 6   1.68 -31.04  -4.51  31.41  98.25 273.09   2.50   5.00  16.00
453 17 6   8.31 -29.95  -4.51  31.41  98.25 285.51   2.50   5.00  16.00
454 17 6  14.55 -27.47  -4.51  31.41  98.25 297.92   2.50   5.00  16.00
455 17 6  20.12 -23.70  -4.51  31.41  98.25 310.33   2.50   5.00  16.00
456 17 6  24.74 -18.82  -4.51  31.41  98.25 322.75   2.50   5.00  16.00
457 17 6  28.21 -13.06  -4.51  31.41  98.25 335.16   2.50   5.00  16.00
458 17 6  30.36  -6.69  -4.51  31.41  98.25 347.57   2.50   5.00  16.00
459 18 6  28.65   0.00  -7.53  29.62 104.73   0.00   2.50   5.00  16.00
460 18 6  27.81   6.85  -7.53  29.62 104.73  13.84   2.50   5.00  16.00
461 18 6  25.37  13.31  -7.53  29.62 104.73  27.69   2.50   5.00  16.00
462 18 6  21.44  18.99  -7.53  29.62 104.73  41.53   2.50   5.00  16.00
463 18 6  16.27  23.57  -7.53  29.62 104.73  55.38   2.50   5.00  16.00
464 18 6  10.16  26.78  -7.53  29.62 104.73  69.22   2.50   5.00  16.00
465 18 6   3.46  28.44  -7.53  29.62 104.73  83.07   2.50   5.00  16.00
466 18 6  -3.45  28.44  -7.53  29.62 104.73  96.91   2.50   5.00  16.00
467 18 6 -10.15  26.79  -7.53  29.62 104.73 110.76   2.50   5.00  16.00
468 18 6 -16.27  23.58  -7.53  29.62 104.73 124.60   2.50   5.00  16.00
469 18 6 -21.44  19.00  -7.53  29.62 104.73 138.45   2.50   5.00  16.00
470 18 6 -25.36  13.32  -7.53  29.62 104.73 152.29   2.50   5.00  16.00
471 18 6 -27.81   6.86  -7.53  29.62 104.73 166.14   2.50   5.00  16.00
472 18 6 -28.65   0.01  -7.53  29.62 104.73 179.98   2.50   5.00  16.00
473 18 6 -27.82  -6.85  -7.53  29.62 104.73 193.83   2.50   5.00  16.00
474 18 6 -25.37 -13.30  -7.53  29.62 104.73 207.67   2.50   5.00  16.00
475 18 6 -21.45 -18.99  -7.53  29.62 104.73 221.52   2.50   5.00  16.00
476 18 6 -16.28 -23.57  -7.53  29.62 104.73 235.36   2.50   5.00  16.00
477 18 6 -10.17 -26.78  -7.53  29.62 104.73 249.21   2.50   5.00  16.00
478 18 6  -3.46 -28.44  -7.53  29.62 104.73 263.05   2.50   5.00  16.00
479 18 6   3.44 -28.44  -7.53  29.62 104.73 276.90   2.50   5.00  16.00
480 18 6  10.15 -26.79  -7.53  29.62 104.73 290.74   2.50   5.00  16.00
481 18 6  16.26 -23.58  -7.53  29.62 104.73 304.59   2.50   5.00  16.00
482 18 6  21.43 -19.01  -7.53  29.62 104.73 318.43   2.50   5.00  16.00
483 18 6  25.36 -13.33  -7.53  29.62 104.73 332.28   2.50   5.00  16.00
484 18 6  27.81  -6.87  -7.53  29.62 104.73 346.12   2.50   5.00  16.00
485 19 6  26.08   0.00 -10.44  28.09 111.81   0.00   2.50   5.00  16.00
486 19 6  25.11   7.04 -10.44  28.09 111.81  15.65   2.50   5.00  16.00
487 19 6  22.28  13.55 -10.44  28.09 111.81  31.30   2.50   5.00  16.00
488 19 6  17.80  19.06 -10.44  28.09 111.81  46.96   2.50   5.00  16.00
489 19 6  12.00  23.16 -10.44  28.09 111.81  62.61   2.50   5.00  16.00
490 19 6   5.31  25.54 -10.44  28.09 111.81  78.26   2.50   5.00  16.00
491 19 6  -1.78  26.02 -10.44  28.09 111.81  93.91   2.50   5.00  16.00
492 19 6  -8.73  24.58 -10.44  28.09 111.81 109.56   2.50   5.00  16.00
493 19 6 -15.04  21.31 -10.44  28.09 111.81 125.22   2.50   5.00  16.00
494 19 6 -20.23  16.46 -10.44  28.09 111.81 140.87   2.50   5.00  16.00
495 19 6 -23.92  10.39 -10.44  28.09 111.81 156.52   2.50   5.00  16.00
496 19 6 -25.84   3.55 -10.44  28.09 111.81 172.17   2.50   5.00  16.00
497 19 6 -25.84  -3.55 -10.44  28.09 111.81 187.82   2.50   5.00  16.00
498 19 6 -23.92 -10.39 -10.44  28.09 111.81 203.47   2.50   5.00  16.00
499 19 6 -20.23 -16.46 -10.44  28.09 111.81 219.13   2.50   5.00  16.00
500 19 6 -15.04 -21.31 -10.44  28.09 111.81 234.78   2.50   5.00  16.00
501 19 6  -8.74 -24.57 -10.44  28.09 111.81 250.43   2.50   5.00  16.00
502 19 6  -1.78 -26.02 -10.44  28.09 111.81 266.08   2.50   5.00  16.00
503 19 6   5.30 -25.54 -10.44  28.09 111.81 281.73   2.50   5.00  16.00
504 19 6  12.00 -23.16 -10.44  28.09 111.81 297.39   2.50   5.00  16.00
505 19 6  17.80 -19.06 -10.44  28.09 111.81 313.04   2.50   5.00  16.00
506 19 6  22.28 -13.55 -10.44  28.09 111.81 328.69   2.50   5.00  16.00
507 19 6  25.11  -7.04 -10.44  28.09 111.81 344.34   2.50   5.00  16.00
508 20 6  22.55   0.00 -12.86  25.96 119.70   0.00   2.50   5.00  16.00
509 20 6  21.33   7.32 -12.86  25.96 119.70  18.95   2.50   5.00  16.00
510 20 6  17.80  13.85 -12.86  25.96 119.70  37.89   2.50   5.00  16.00
511 20 6  12.33  18.88 -12.86  25.96 119.70  56.84   2.50   5.00  16.00
512 20 6   5.54  21.86 -12.86  25.96 119.70  75.79   2.50   5.00  16.00
513 20 6  -1.86  22.47 -12.86  25.96 119.70  94.73   2.50   5.00  16.00
514 20 6  -9.06  20.65 -12.86  25.96 119.70 113.68   2.50   5.00  16.00
515 20 6 -15.27  16.59 -12.86  25.96 119.70 132.63   2.50   5.00  16.00
516 20 6 -19.83  10.73 -12.86  25.96 119.70 151.57   2.50   5.00  16.00
517 20 6 -22.24   3.71 -12.86  25.96 119.70 170.52   2.50   5.00  16.00
518 20 6 -22.24  -3.71 -12.86  25.96 119.70 189.47   2.50   5.00  16.00
519 20 6 -19.83 -10.73 -12.86  25.96 119.70 208.42   2.50   5.00  16.00
520 20 6 -15.27 -16.59 -12.86  25.96 119.70 227.36   2.50   5.00  16.00
521 20 6  -9.06 -20.65 -12.86  25.96 119.70 246.31   2.50   5.00  16.00
522 20 6  -1.86 -22.47 -12.86  25.96 119.70 265.26   2.50   5.00  16.00
523 20 6   5.53 -21.86 -12.86  25.96 119.70 284.20   2.50   5.00  16.00
524 20 6  12.33 -18.88 -12.86  25.96 119.70 303.15   2.50   5.00  16.00
525 20 6  17.79 -13.85 -12.86  25.96 119.70 322.10   2.50   5.00  16.00
526 20 6  21.33  -7.33 -12.86  25.96 119.70 341.04   2.50   5.00  16.00
527 21 6  17.96   0.00 -14.52  23.10 128.96   0.00   2.50   5.00  16.00
528 21 6  16.18   7.79 -14.52  23.10 128.96  25.71   2.50   5.00  16.00
529 21 6  11.20  14.04 -14.52  23.10 128.96  51.43   2.50   5.00  16.00
530 21 6   4.00  17.51 -14.52  23.10 128.96  77.14   2.50   5.00  16.00
531 21 6  -3.99  17.51 -14.52  23.10 128.96 102.85   2.50   5.00  16.00
532 21 6 -11.20  14.04 -14.52  23.10 128.96 128.56   2.50   5.00  16.00
533 21 6 -16.18   7.80 -14.52  23.10 128.96 154.28   2.50   5.00  16.00
534 21 6 -17.96   0.00 -14.52  23.10 128.96 179.99   2.50   5.00  16.00
535 21 6 -16.18  -7.79 -14.52  23.10 128.96 205.70   2.50   5.00  16.00
536 21 6 -11.20 -14.04 -14.52  23.10 128.96 231.41   2.50   5.00  16.00
537 21 6  -4.00 -17.51 -14.52  23.10 128.96 257.13   2.50   5.00  16.00
538 21 6   3.99 -17.51 -14.52  23.10 128.96 282.84   2.50   5.00  16.00
539 21 6  11.19 -14.05 -14.52  23.10 128.96 308.55   2.50   5.00  16.00
540 21 6  16.18  -7.80 -14.52  23.10 128.96 334.27   2.50   5.00  16.00
541 22 6  12.91   0.00 -15.73  20.35 140.63   0.00   2.50   5.00  16.00
542 22 6   9.89   8.30 -15.73  20.35 140.63  40.00   2.50   5.00  16.00
543 22 6   2.24  12.71 -15.73  20.35 140.63  80.00   2.50   5.00  16.00
544 22 6  -6.45  11.18 -15.73  20.35 140.63 119.99   2.50   5.00  16.00
545 22 6 -12.13   4.42 -15.73  20.35 140.63 159.99   2.50   5.00  16.00
546 22 6 -12.13  -4.41 -15.73  20.35 140.63 199.99   2.50   5.00  16.00
547 22 6  -6.46 -11.18 -15.73  20.35 140.63 239.99   2.50   5.00  16.00
548 22 6   2.24 -12.71 -15.73  20.35 140.63 279.99   2.50   5.00  16.00
549 22 6   9.89  -8.30 -15.73  20.35 140.63 319.98   2.50   5.00  16.00
550 23 6   5.34   0.00 -14.81  15.75 160.17   0.00   2.50   5.00  16.00
551 23 6  -2.65   4.64 -14.81  15.75 160.17 119.72   2.50   5.00  16.00
552 23 6  -2.72  -4.60 -14.81  15.75 160.17 239.44   2.50   5.00  16.00
