  1  1 6   6.54   0.00  26.97  27.75  13.63   0.00   2.50   5.00  16.00
  2  1 6   2.02   6.22  26.97  27.75  13.63  72.00   2.50   5.00  16.00
  3  1 6  -5.29   3.84  26.97  27.75  13.63 144.00   2.50   5.00  16.00
  4  1 6  -5.29  -3.84  26.97  27.75  13.63 216.00   2.50   5.00  16.00
  5  1 6   2.02  -6.22  26.97  27.75  13.63 288.00   2.50   5.00  16.00
  6  2 6  11.02   0.00  27.29  29.44  21.99   0.00   2.50   5.00  16.00
  7  2 6   8.45   7.09  27.29  29.44  21.99  40.00   2.50   5.00  16.00
  8  2 6   1.92  10.86  27.29  29.44  21.99  79.99   2.50   5.00  16.00
  9  2 6  -5.51   9.55  27.29  29.44  21.99 119.99   2.50   5.00  16.00
 10  2 6 -10.36   3.77  27.29  29.44  21.99 159.99   2.50   5.00  16.00
 11  2 6 -10.36  -3.77  27.29  29.44  21.99 199.99   2.50   5.00  16.00
 12  2 6  -5.51  -9.55  27.29  29.44  21.99 239.98   2.50   5.00  16.00
 13  2 6   1.91 -10.86  27.29  29.44  21.99 279.98   2.50   5.00  16.00
 14  2 6   8.44  -7.09  27.29  29.44  21.99 319.98   2.50   5.00  16.00
 15  3 6  15.93   0.00  28.71  32.83  29.02   0.00   2.50   5.00  16.00
 16  3 6  14.35   6.91  28.71  32.83  29.02  25.71   2.50   5.00  16.00
 17  3 6   9.93  12.45  28.71  32.83  29.02  51.43   2.50   5.00  16.00
 18  3 6   3.55  15.53  28.71  32.83  29.02  77.14   2.50   5.00  16.00
 19  3 6  -3.54  15.53  28.71  32.83  29.02 102.85   2.50   5.00  16.00
 20  3 6  -9.93  12.45  28.71  32.83  29.02 128.56   2.50   5.00  16.00
 21  3 6 -14.35   6.91  28.71  32.83  29.02 154.28   2.50   5.00  16.00
 22  3 6 -15.93   0.00  28.71  32.83  29.02 179.99   2.50   5.00  16.00
 23  3 6 -14.35  -6.91  28.71  32.83  29.02 205.70   2.50   5.00  16.00
 24  3 6  -9.93 -12.45  28.71  32.83  29.02 231.41   2.50   5.00  16.00
 25  3 6  -3.55 -15.53  28.71  32.83  29.02 257.13   2.50   5.00  16.00
 26  3 6   3.54 -15.53  28.71  32.83  29.02 282.84   2.50   5.00  16.00
 27  3 6   9.93 -12.46  28.71  32.83  29.02 308.55   2.50   5.00  16.00
 28  3 6  14.35  -6.92  28.71  32.83  29.02 334.27   2.50   5.00  16.00
 29  4 6  19.80   0.00  28.20  34.46  35.07   0.00   2.50   5.00  16.00
 30  4 6  18.60   6.77  28.20  34.46  35.07  20.00   2.50   5.00  16.00
 31  4 6  15.17  12.73  28.20  34.46  35.07  40.00   2.50   5.00  16.00
 32  4 6   9.90  17.15  28.20  34.46  35.07  60.00   2.50   5.00  16.00
 33  4 6   3.44  19.50  28.20  34.46  35.07  80.00   2.50   5.00  16.00
 34  4 6  -3.44  19.50  28.20  34.46  35.07 100.00   2.50   5.00  16.00
 35  4 6  -9.90  17.15  28.20  34.46  35.07 120.00   2.50   5.00  16.00
 36  4 6 -15.17  12.73  28.20  34.46  35.07 140.00   2.50   5.00  16.00
 37  4 6 -18.60   6.77  28.20  34.46  35.07 160.00   2.50   5.00  16.00
 38  4 6 -19.80   0.00  28.20  34.46  35.07 180.00   2.50   5.00  16.00
 39  4 6 -18.60  -6.77  28.20  34.46  35.07 200.00   2.50   5.00  16.00
 40  4 6 -15.17 -12.73  28.20  34.46  35.07 220.00   2.50   5.00  16.00
 41  4 6  -9.90 -17.15  28.20  34.46  35.07 240.00   2.50   5.00  16.00
 42  4 6  -3.44 -19.50  28.20  34.46  35.07 260.00   2.50   5.00  16.00
 43  4 6   3.44 -19.50  28.20  34.46  35.07 280.00   2.50   5.00  16.00
 44  4 6   9.90 -17.15  28.20  34.46  35.07 300.00   2.50   5.00  16.00
 45  4 6  15.17 -12.73  28.20  34.46  35.07 320.00   2.50   5.00  16.00
 46  4 6  18.60  -6.77  28.20  34.46  35.07 340.00   2.50   5.00  16.00
 47  5 6  22.79   0.00  26.43  34.90  40.76   0.00   2.50   5.00  16.00
 48  5 6  21.78   6.70  26.43  34.90  40.76  17.11   2.50   5.00  16.00
 49  5 6  18.84  12.82  26.43  34.90  40.76  34.22   2.50   5.00  16.00
 50  5 6  14.24  17.79  26.43  34.90  40.76  51.33   2.50   5.00  16.00
 51  5 6   8.37  21.19  26.43  34.90  40.76  68.45   2.50   5.00  16.00
 52  5 6   1.77  22.72  26.43  34.90  40.76  85.56   2.50   5.00  16.00
 53  5 6  -5.00  22.23  26.43  34.90  40.76 102.67   2.50   5.00  16.00
 54  5 6 -11.32  19.78  26.43  34.90  40.76 119.78   2.50   5.00  16.00
 55  5 6 -16.64  15.57  26.43  34.90  40.76 136.89   2.50   5.00  16.00
 56  5 6 -20.48   9.99  26.43  34.90  40.76 154.00   2.50   5.00  16.00
 57  5 6 -22.51   3.52  26.43  34.90  40.76 171.11   2.50   5.00  16.00
 58  5 6 -22.55  -3.26  26.43  34.90  40.76 188.23   2.50   5.00  16.00
 59  5 6 -20.60  -9.75  26.43  34.90  40.76 205.34   2.50   5.00  16.00
 60  5 6 -16.81 -15.38  26.43  34.90  40.76 222.45   2.50   5.00  16.00
 61  5 6 -11.55 -19.65  26.43  34.90  40.76 239.56   2.50   5.00  16.00
 62  5 6  -5.25 -22.17  26.43  34.90  40.76 256.67   2.50   5.00  16.00
 63  5 6   1.50 -22.74  26.43  34.90  40.76 273.78   2.50   5.00  16.00
 64  5 6   8.13 -21.29  26.43  34.90  40.76 290.89   2.50   5.00  16.00
 65  5 6  14.03 -17.96  26.43  34.90  40.76 308.00   2.50   5.00  16.00
 66  5 6  18.69 -13.03  26.43  34.90  40.76 325.12   2.50   5.00  16.00
 67  5 6  21.70  -6.96  26.43  34.90  40.76 342.23   2.50   5.00  16.00
 68  6 6  25.66   0.00  24.52  35.49  46.30   0.00   2.50   5.00  16.00
 69  6 6  24.79   6.63  24.52  35.49  46.30  14.98   2.50   5.00  16.00
 70  6 6  22.23  12.82  24.52  35.49  46.30  29.97   2.50   5.00  16.00
 71  6 6  18.16  18.13  24.52  35.49  46.30  44.95   2.50   5.00  16.00
 72  6 6  12.86  22.21  24.52  35.49  46.30  59.93   2.50   5.00  16.00
 73  6 6   6.68  24.77  24.52  35.49  46.30  74.91   2.50   5.00  16.00
 74  6 6   0.05  25.66  24.52  35.49  46.30  89.90   2.50   5.00  16.00
 75  6 6  -6.59  24.80  24.52  35.49  46.30 104.88   2.50   5.00  16.00
 76  6 6 -12.78  22.25  24.52  35.49  46.30 119.86   2.50   5.00  16.00
 77  6 6 -18.09  18.19  24.52  35.49  46.30 134.84   2.50   5.00  16.00
 78  6 6 -22.18  12.90  24.52  35.49  46.30 149.83   2.50   5.00  16.00
 79  6 6 -24.76   6.72  24.52  35.49  46.30 164.81   2.50   5.00  16.00
 80  6 6 -25.66   0.09  24.52  35.49  46.30 179.79   2.50   5.00  16.00
 81  6 6 -24.81  -6.54  24.52  35.49  46.30 194.77   2.50   5.00  16.00
 82  6 6 -22.28 -12.74  24.52  35.49  46.30 209.76   2.50   5.00  16.00
 83  6 6 -18.23 -18.06  24.52  35.49  46.30 224.74   2.50   5.00  16.00
 84  6 6 -12.94 -22.16  24.52  35.49  46.30 239.72   2.50   5.00  16.00
 85  6 6  -6.77 -24.75  24.52  35.49  46.30 254.70   2.50   5.00  16.00
 86  6 6  -0.14 -25.66  24.52  35.49  46.30 269.69   2.50   5.00  16.00
 87  6 6   6.50 -24.82  24.52  35.49  46.30 284.67   2.50   5.00  16.00
 88  6 6  12.69 -22.30  24.52  35.49  46.30 299.65   2.50   5.00  16.00
 89  6 6  18.03 -18.26  24.52  35.49  46.30 314.64   2.50   5.00  16.00
 90  6 6  22.14 -12.98  24.52  35.49  46.30 329.62   2.50   5.00  16.00
 91  6 6  24.74  -6.81  24.52  35.49  46.30 344.60   2.50   5.00  16.00
 92  7 6  28.44   0.00  22.49  36.26  51.67   0.00   2.50   5.00  16.00
 93  7 6  27.67   6.56  22.49  36.26  51.67  13.33   2.50   5.00  16.00
 94  7 6  25.41  12.76  22.49  36.26  51.67  26.67   2.50   5.00  16.00
 95  7 6  21.79  18.28  22.49  36.26  51.67  40.00   2.50   5.00  16.00
 96  7 6  16.98  22.81  22.49  36.26  51.67  53.33   2.50   5.00  16.00
 97  7 6  11.26  26.11  22.49  36.26  51.67  66.67   2.50   5.00  16.00
 98  7 6   4.94  28.01  22.49  36.26  51.67  80.00   2.50   5.00  16.00
 99  7 6  -1.65  28.39  22.49  36.26  51.67  93.33   2.50   5.00  16.00
100  7 6  -8.16  27.25  22.49  36.26  51.67 106.67   2.50   5.00  16.00
101  7 6 -14.22  24.63  22.49  36.26  51.67 120.00   2.50   5.00  16.00
102  7 6 -19.52  20.69  22.49  36.26  51.67 133.33   2.50   5.00  16.00
103  7 6 -23.76  15.63  22.49  36.26  51.67 146.66   2.50   5.00  16.00
104  7 6 -26.72   9.73  22.49  36.26  51.67 160.00   2.50   5.00  16.00
105  7 6 -28.25   3.30  22.49  36.26  51.67 173.33   2.50   5.00  16.00
106  7 6 -28.25  -3.30  22.49  36.26  51.67 186.66   2.50   5.00  16.00
107  7 6 -26.73  -9.73  22.49  36.26  51.67 200.00   2.50   5.00  16.00
108  7 6 -23.76 -15.63  22.49  36.26  51.67 213.33   2.50   5.00  16.00
109  7 6 -19.52 -20.69  22.49  36.26  51.67 226.66   2.50   5.00  16.00
110  7 6 -14.22 -24.63  22.49  36.26  51.67 240.00   2.50   5.00  16.00
111  7 6  -8.16 -27.24  22.49  36.26  51.67 253.33   2.50   5.00  16.00
112  7 6  -1.66 -28.39  22.49  36.26  51.67 266.66   2.50   5.00  16.00
113  7 6   4.94 -28.01  22.49  36.26  51.67 280.00   2.50   5.00  16.00
114  7 6  11.26 -26.11  22.49  36.26  51.67 293.33   2.50   5.00  16.00
115  7 6  16.98 -22.81  22.49  36.26  51.67 306.66   2.50   5.00  16.00
116  7 6  21.78 -18.28  22.49  36.26  51.67 320.00   2.50   5.00  16.00
117  7 6  25.41 -12.77  22.49  36.26  51.67 333.33   2.50   5.00  16.00
118  7 6  27.67  -6.56  22.49  36.26  51.67 346.66   2.50   5.00  16.00
119  8 6  30.37   0.00  19.78  36.24  56.93   0.00   2.50   5.00  16.00
120  8 6  29.66   6.53  19.78  36.24  56.93  12.41   2.50   5.00  16.00
121  8 6  27.57  12.75  19.78  36.24  56.93  24.83   2.50   5.00  16.00
122  8 6  24.18  18.38  19.78  36.24  56.93  37.24   2.50   5.00  16.00
123  8 6  19.67  23.15  19.78  36.24  56.93  49.65   2.50   5.00  16.00
124  8 6  14.23  26.84  19.78  36.24  56.93  62.07   2.50   5.00  16.00
125  8 6   8.13  29.27  19.78  36.24  56.93  74.48   2.50   5.00  16.00
126  8 6   1.65  30.33  19.78  36.24  56.93  86.89   2.50   5.00  16.00
127  8 6  -4.91  29.97  19.78  36.24  56.93  99.31   2.50   5.00  16.00
128  8 6 -11.24  28.22  19.78  36.24  56.93 111.72   2.50   5.00  16.00
129  8 6 -17.04  25.14  19.78  36.24  56.93 124.13   2.50   5.00  16.00
130  8 6 -22.05  20.89  19.78  36.24  56.93 136.54   2.50   5.00  16.00
131  8 6 -26.02  15.66  19.78  36.24  56.93 148.96   2.50   5.00  16.00
132  8 6 -28.78   9.70  19.78  36.24  56.93 161.37   2.50   5.00  16.00
133  8 6 -30.20   3.29  19.78  36.24  56.93 173.78   2.50   5.00  16.00
134  8 6 -30.20  -3.28  19.78  36.24  56.93 186.20   2.50   5.00  16.00
135  8 6 -28.79  -9.69  19.78  36.24  56.93 198.61   2.50   5.00  16.00
136  8 6 -26.03 -15.65  19.78  36.24  56.93 211.02   2.50   5.00  16.00
137  8 6 -22.06 -20.88  19.78  36.24  56.93 223.44   2.50   5.00  16.00
138  8 6 -17.05 -25.14  19.78  36.24  56.93 235.85   2.50   5.00  16.00
139  8 6 -11.25 -28.21  19.78  36.24  56.93 248.26   2.50   5.00  16.00
140  8 6  -4.92 -29.97  19.78  36.24  56.93 260.68   2.50   5.00  16.00
141  8 6   1.64 -30.33  19.78  36.24  56.93 273.09   2.50   5.00  16.00
142  8 6   8.12 -29.27  19.78  36.24  56.93 285.50   2.50   5.00  16.00
143  8 6  14.22 -26.84  19.78  36.24  56.93 297.92   2.50   5.00  16.00
144  8 6  19.66 -23.16  19.78  36.24  56.93 310.33   2.50   5.00  16.00
145  8 6  24.18 -18.39  19.78  36.24  56.93 322.74   2.50   5.00  16.00
146  8 6  27.56 -12.76  19.78  36.24  56.93 335.16   2.50   5.00  16.00
147  8 6  29.66  -6.54  19.78  36.24  56.93 347.57   2.50   5.00  16.00
148  9 6  31.45   0.00  16.56  35.54  62.23   0.00   2.50   5.00  16.00
149  9 6  30.76   6.54  16.56  35.54  62.23  12.00   2.50   5.00  16.00
150  9 6  28.73  12.79  16.56  35.54  62.23  24.00   2.50   5.00  16.00
151  9 6  25.44  18.48  16.56  35.54  62.23  36.00   2.50   5.00  16.00
152  9 6  21.04  23.37  16.56  35.54  62.23  48.00   2.50   5.00  16.00
153  9 6  15.72  27.23  16.56  35.54  62.23  60.00   2.50   5.00  16.00
154  9 6   9.72  29.91  16.56  35.54  62.23  72.00   2.50   5.00  16.00
155  9 6   3.29  31.28  16.56  35.54  62.23  84.00   2.50   5.00  16.00
156  9 6  -3.29  31.28  16.56  35.54  62.23  96.00   2.50   5.00  16.00
157  9 6  -9.72  29.91  16.56  35.54  62.23 108.00   2.50   5.00  16.00
158  9 6 -15.72  27.24  16.56  35.54  62.23 120.00   2.50   5.00  16.00
159  9 6 -21.04  23.37  16.56  35.54  62.23 132.00   2.50   5.00  16.00
160  9 6 -25.44  18.49  16.56  35.54  62.23 144.00   2.50   5.00  16.00
161  9 6 -28.73  12.79  16.56  35.54  62.23 155.99   2.50   5.00  16.00
162  9 6 -30.76   6.54  16.56  35.54  62.23 167.99   2.50   5.00  16.00
163  9 6 -31.45   0.00  16.56  35.54  62.23 179.99   2.50   5.00  16.00
164  9 6 -30.76  -6.53  16.56  35.54  62.23 191.99   2.50   5.00  16.00
165  9 6 -28.73 -12.79  16.56  35.54  62.23 203.99   2.50   5.00  16.00
166  9 6 -25.44 -18.48  16.56  35.54  62.23 215.99   2.50   5.00  16.00
167  9 6 -21.05 -23.37  16.56  35.54  62.23 227.99   2.50   5.00  16.00
168  9 6 -15.73 -27.23  16.56  35.54  62.23 239.99   2.50   5.00  16.00
169  9 6  -9.72 -29.91  16.56  35.54  62.23 251.99   2.50   5.00  16.00
170  9 6  -3.29 -31.28  16.56  35.54  62.23 263.99   2.50   5.00  16.00
171  9 6   3.28 -31.28  16.56  35.54  62.23 275.99   2.50   5.00  16.00
172  9 6   9.71 -29.91  16.56  35.54  62.23 287.99   2.50   5.00  16.00
173  9 6  15.72 -27.24  16.56  35.54  62.23 299.99   2.50   5.00  16.00
174  9 6  21.04 -23.37  16.56  35.54  62.23 311.99   2.50   5.00  16.00
175  9 6  25.44 -18.49  16.56  35.54  62.23 323.99   2.50   5.00  16.00
176  9 6  28.73 -12.80  16.56  35.54  62.23 335.99   2.50   5.00  16.00
177  9 6  30.76  -6.54  16.56  35.54  62.23 347.99   2.50   5.00  16.00
178 10 6  31.66   0.00  12.99  34.22  67.69   0.00   2.50   5.00  16.00
179 10 6  30.97   6.58  12.99  34.22  67.69  12.00   2.50   5.00  16.00
180 10 6  28.93  12.88  12.99  34.22  67.69  24.00   2.50   5.00  16.00
181 10 6  25.62  18.61  12.99  34.22  67.69  36.00   2.50   5.00  16.00
182 10 6  21.19  23.53  12.99  34.22  67.69  48.00   2.50   5.00  16.00
183 10 6  15.83  27.42  12.99  34.22  67.69  60.00   2.50   5.00  16.00
184 10 6   9.79  30.11  12.99  34.22  67.69  72.00   2.50   5.00  16.00
185 10 6   3.31  31.49  12.99  34.22  67.69  84.00   2.50   5.00  16.00
186 10 6  -3.31  31.49  12.99  34.22  67.69  96.00   2.50   5.00  16.00
187 10 6  -9.78  30.11  12.99  34.22  67.69 108.00   2.50   5.00  16.00
188 10 6 -15.83  27.42  12.99  34.22  67.69 120.00   2.50   5.00  16.00
189 10 6 -21.18  23.53  12.99  34.22  67.69 132.00   2.50   5.00  16.00
190 10 6 -25.61  18.61  12.99  34.22  67.69 144.00   2.50   5.00  16.00
191 10 6 -28.92  12.88  12.99  34.22  67.69 156.00   2.50   5.00  16.00
192 10 6 -30.97   6.59  12.99  34.22  67.69 168.00   2.50   5.00  16.00
193 10 6 -31.66   0.00  12.99  34.22  67.69 179.99   2.50   5.00  16.00
194 10 6 -30.97  -6.58  12.99  34.22  67.69 191.99   2.50   5.00  16.00
195 10 6 -28.93 -12.88  12.99  34.22  67.69 203.99   2.50   5.00  16.00
196 10 6 -25.62 -18.61  12.99  34.22  67.69 215.99   2.50   5.00  16.00
197 10 6 -21.19 -23.53  12.99  34.22  67.69 227.99   2.50   5.00  16.00
198 10 6 -15.83 -27.42  12.99  34.22  67.69 239.99   2.50   5.00  16.00
199 10 6  -9.79 -30.11  12.99  34.22  67.69 251.99   2.50   5.00  16.00
200 10 6  -3.31 -31.49  12.99  34.22  67.69 263.99   2.50   5.00  16.00
201 10 6   3.31 -31.49  12.99  34.22  67.69 275.99   2.50   5.00  16.00
202 10 6   9.78 -30.11  12.99  34.22  67.69 287.99   2.50   5.00  16.00
203 10 6  15.83 -27.42  12.99  34.22  67.69 299.99   2.50   5.00  16.00
204 10 6  21.18 -23.53  12.99  34.22  67.69 311.99   2.50   5.00  16.00
205 10 6  25.61 -18.61  12.99  34.22  67.69 323.99   2.50   5.00  16.00
206 10 6  28.92 -12.88  12.99  34.22  67.69 335.99   2.50   5.00  16.00
207 10 6  30.97  -6.59  12.99  34.22  67.69 347.99   2.50   5.00  16.00
208 11 6  31.81   0.00   9.50  33.20  73.37   0.00   2.50   5.00  16.00
209 11 6  31.12   6.61   9.50  33.20  73.37  12.00   2.50   5.00  16.00
210 11 6  29.06  12.94   9.50  33.20  73.37  24.00   2.50   5.00  16.00
211 11 6  25.74  18.70   9.50  33.20  73.37  36.00   2.50   5.00  16.00
212 11 6  21.29  23.64   9.50  33.20  73.37  48.00   2.50   5.00  16.00
213 11 6  15.91  27.55   9.50  33.20  73.37  60.00   2.50   5.00  16.00
214 11 6   9.83  30.25   9.50  33.20  73.37  71.99   2.50   5.00  16.00
215 11 6   3.33  31.64   9.50  33.20  73.37  83.99   2.50   5.00  16.00
216 11 6  -3.32  31.64   9.50  33.20  73.37  95.99   2.50   5.00  16.00
217 11 6  -9.83  30.26   9.50  33.20  73.37 107.99   2.50   5.00  16.00
218 11 6 -15.90  27.55   9.50  33.20  73.37 119.99   2.50   5.00  16.00
219 11 6 -21.28  23.64   9.50  33.20  73.37 131.99   2.50   5.00  16.00
220 11 6 -25.73  18.70   9.50  33.20  73.37 143.99   2.50   5.00  16.00
221 11 6 -29.06  12.94   9.50  33.20  73.37 155.99   2.50   5.00  16.00
222 11 6 -31.11   6.62   9.50  33.20  73.37 167.99   2.50   5.00  16.00
223 11 6 -31.81   0.01   9.50  33.20  73.37 179.99   2.50   5.00  16.00
224 11 6 -31.12  -6.61   9.50  33.20  73.37 191.99   2.50   5.00  16.00
225 11 6 -29.06 -12.93   9.50  33.20  73.37 203.99   2.50   5.00  16.00
226 11 6 -25.74 -18.69   9.50  33.20  73.37 215.98   2.50   5.00  16.00
227 11 6 -21.29 -23.63   9.50  33.20  73.37 227.98   2.50   5.00  16.00
228 11 6 -15.91 -27.54   9.50  33.20  73.37 239.98   2.50   5.00  16.00
229 11 6  -9.84 -30.25   9.50  33.20  73.37 251.98   2.50   5.00  16.00
230 11 6  -3.34 -31.64   9.50  33.20  73.37 263.98   2.50   5.00  16.00
231 11 6   3.31 -31.64   9.50  33.20  73.37 275.98   2.50   5.00  16.00
232 11 6   9.82 -30.26   9.50  33.20  73.37 287.98   2.50   5.00  16.00
233 11 6  15.90 -27.55   9.50  33.20  73.37 299.98   2.50   5.00  16.00
234 11 6  21.28 -23.65   9.50  33.20  73.37 311.98   2.50   5.00  16.00
235 11 6  25.73 -18.71   9.50  33.20  73.37 323.98   2.50   5.00  16.00
236 11 6  29.06 -12.95   9.50  33.20  73.37 335.98   2.50   5.00  16.00
237 11 6  31.11  -6.63   9.50  33.20  73.37 347.98   2.50   5.00  16.00
238 12 6  31.88   0.00   6.06  32.45  79.24   0.00   2.50   5.00  16.00
239 12 6  31.18   6.63   6.06  32.45  79.24  12.00   2.50   5.00  16.00
240 12 6  29.12  12.97   6.06  32.45  79.24  24.00   2.50   5.00  16.00
241 12 6  25.79  18.74   6.06  32.45  79.24  36.00   2.50   5.00  16.00
242 12 6  21.33  23.69   6.06  32.45  79.24  48.00   2.50   5.00  16.00
243 12 6  15.94  27.61   6.06  32.45  79.24  60.00   2.50   5.00  16.00
244 12 6   9.85  30.32   6.06  32.45  79.24  71.99   2.50   5.00  16.00
245 12 6   3.34  31.71   6.06  32.45  79.24  83.99   2.50   5.00  16.00
246 12 6  -3.33  31.71   6.06  32.45  79.24  95.99   2.50   5.00  16.00
247 12 6  -9.85  30.32   6.06  32.45  79.24 107.99   2.50   5.00  16.00
248 12 6 -15.94  27.61   6.06  32.45  79.24 119.99   2.50   5.00  16.00
249 12 6 -21.33  23.70   6.06  32.45  79.24 131.99   2.50   5.00  16.00
250 12 6 -25.79  18.74   6.06  32.45  79.24 143.99   2.50   5.00  16.00
251 12 6 -29.12  12.97   6.06  32.45  79.24 155.99   2.50   5.00  16.00
252 12 6 -31.18   6.63   6.06  32.45  79.24 167.99   2.50   5.00  16.00
253 12 6 -31.88   0.01   6.06  32.45  79.24 179.99   2.50   5.00  16.00
254 12 6 -31.19  -6.62   6.06  32.45  79.24 191.99   2.50   5.00  16.00
255 12 6 -29.13 -12.96   6.06  32.45  79.24 203.99   2.50   5.00  16.00
256 12 6 -25.80 -18.73   6.06  32.45  79.24 215.98   2.50   5.00  16.00
257 12 6 -21.34 -23.69   6.06  32.45  79.24 227.98   2.50   5.00  16.00
258 12 6 -15.95 -27.60   6.06  32.45  79.24 239.98   2.50   5.00  16.00
259 12 6  -9.86 -30.32   6.06  32.45  79.24 251.98   2.50   5.00  16.00
260 12 6  -3.34 -31.70   6.06  32.45  79.24 263.98   2.50   5.00  16.00
261 12 6   3.32 -31.71   6.06  32.45  79.24 275.98   2.50   5.00  16.00
262 12 6   9.84 -30.32   6.06  32.45  79.24 287.98   2.50   5.00  16.00
263 12 6  15.93 -27.61   6.06  32.45  79.24 299.98   2.50   5.00  16.00
264 12 6  21.32 -23.70   6.06  32.45  79.24 311.98   2.50   5.00  16.00
265 12 6  25.78 -18.75   6.06  32.45  79.24 323.98   2.50   5.00  16.00
266 12 6  29.12 -12.98   6.06  32.45  79.24 335.98   2.50   5.00  16.00
267 12 6  31.18  -6.64   6.06  32.45  79.24 347.98   2.50   5.00  16.00
268 13 6  31.06   0.00   2.53  31.17  85.34   0.00   2.50   5.00  16.00
269 13 6  30.34   6.68   2.53  31.17  85.34  12.41   2.50   5.00  16.00
270 13 6  28.19  13.04   2.53  31.17  85.34  24.83   2.50   5.00  16.00
271 13 6  24.73  18.80   2.53  31.17  85.34  37.24   2.50   5.00  16.00
272 13 6  20.11  23.67   2.53  31.17  85.34  49.65   2.50   5.00  16.00
273 13 6  14.55  27.44   2.53  31.17  85.34  62.07   2.50   5.00  16.00
274 13 6   8.31  29.93   2.53  31.17  85.34  74.48   2.50   5.00  16.00
275 13 6   1.68  31.02   2.53  31.17  85.34  86.90   2.50   5.00  16.00
276 13 6  -5.02  30.65   2.53  31.17  85.34  99.31   2.50   5.00  16.00
277 13 6 -11.50  28.86   2.53  31.17  85.34 111.72   2.50   5.00  16.00
278 13 6 -17.43  25.71   2.53  31.17  85.34 124.14   2.50   5.00  16.00
279 13 6 -22.55  21.36   2.53  31.17  85.34 136.55   2.50   5.00  16.00
280 13 6 -26.62  16.02   2.53  31.17  85.34 148.96   2.50   5.00  16.00
281 13 6 -29.44   9.92   2.53  31.17  85.34 161.38   2.50   5.00  16.00
282 13 6 -30.88   3.36   2.53  31.17  85.34 173.79   2.50   5.00  16.00
283 13 6 -30.88  -3.36   2.53  31.17  85.34 186.20   2.50   5.00  16.00
284 13 6 -29.44  -9.92   2.53  31.17  85.34 198.62   2.50   5.00  16.00
285 13 6 -26.62 -16.01   2.53  31.17  85.34 211.03   2.50   5.00  16.00
286 13 6 -22.55 -21.36   2.53  31.17  85.34 223.44   2.50   5.00  16.00
287 13 6 -17.43 -25.71   2.53  31.17  85.34 235.86   2.50   5.00  16.00
288 13 6 -11.50 -28.86   2.53  31.17  85.34 248.27   2.50   5.00  16.00
289 13 6  -5.03 -30.65   2.53  31.17  85.34 260.69   2.50   5.00  16.00
290 13 6   1.68 -31.02   2.53  31.17  85.34 273.10   2.50   5.00  16.00
291 13 6   8.31 -29.93   2.53  31.17  85.34 285.51   2.50   5.00  16.00
292 13 6  14.55 -27.45   2.53  31.17  85.34 297.93   2.50   5.00  16.00
293 13 6  20.11 -23.68   2.53  31.17  85.34 310.34   2.50   5.00  16.00
294 13 6  24.73 -18.80   2.53  31.17  85.34 322.75   2.50   5.00  16.00
295 13 6  28.19 -13.05   2.53  31.17  85.34 335.17   2.50   5.00  16.00
296 13 6  30.34  -6.68   2.53  31.17  85.34 347.58   2.50   5.00  16.00
297 14 6  29.42   0.00  -0.93  29.44  91.81   0.00   2.50   5.00  16.00
298 14 6  28.63   6.79  -0.93  29.44  91.81  13.33   2.50   5.00  16.00
299 14 6  26.30  13.21  -0.93  29.44  91.81  26.67   2.50   5.00  16.00
300 14 6  22.54  18.91  -0.93  29.44  91.81  40.00   2.50   5.00  16.00
301 14 6  17.57  23.60  -0.93  29.44  91.81  53.33   2.50   5.00  16.00
302 14 6  11.66  27.02  -0.93  29.44  91.81  66.67   2.50   5.00  16.00
303 14 6   5.11  28.98  -0.93  29.44  91.81  80.00   2.50   5.00  16.00
304 14 6  -1.71  29.38  -0.93  29.44  91.81  93.33   2.50   5.00  16.00
305 14 6  -8.44  28.19  -0.93  29.44  91.81 106.66   2.50   5.00  16.00
306 14 6 -14.71  25.48  -0.93  29.44  91.81 120.00   2.50   5.00  16.00
307 14 6 -20.19  21.40  -0.93  29.44  91.81 133.33   2.50   5.00  16.00
308 14 6 -24.58  16.17  -0.93  29.44  91.81 146.66   2.50   5.00  16.00
309 14 6 -27.65  10.07  -0.93  29.44  91.81 160.00   2.50   5.00  16.00
310 14 6 -29.23   3.42  -0.93  29.44  91.81 173.33   2.50   5.00  16.00
311 14 6 -29.23  -3.41  -0.93  29.44  91.81 186.66   2.50   5.00  16.00
312 14 6 -27.65 -10.06  -0.93  29.44  91.81 200.00   2.50   5.00  16.00
313 14 6 -24.59 -16.17  -0.93  29.44  91.81 213.33   2.50   5.00  16.00
314 14 6 -20.19 -21.40  -0.93  29.44  91.81 226.66   2.50   5.00  16.00
315 14 6 -14.71 -25.48  -0.93  29.44  91.81 240.00   2.50   5.00  16.00
316 14 6  -8.44 -28.19  -0.93  29.44  91.81 253.33   2.50   5.00  16.00
317 14 6  -1.71 -29.37  -0.93  29.44  91.81 266.66   2.50   5.00  16.00
318 14 6   5.11 -28.98  -0.93  29.44  91.81 279.99   2.50   5.00  16.00
319 14 6  11.65 -27.02  -0.93  29.44  91.81 293.33   2.50   5.00  16.00
320 14 6  17.57 -23.60  -0.93  29.44  91.81 306.66   2.50   5.00  16.00
321 14 6  22.54 -18.92  -0.93  29.44  91.81 319.99   2.50   5.00  16.00
322 14 6  26.29 -13.21  -0.93  29.44  91.81 333.33   2.50   5.00  16.00
323 14 6  28.63  -6.79  -0.93  29.44  91.81 346.66   2.50   5.00  16.00
324 15 6  27.89   0.00  -4.31  28.22  98.79   0.00   2.50   5.00  16.00
325 15 6  27.01   6.93  -4.31  28.22  98.79  14.40   2.50   5.00  16.00
326 15 6  24.44  13.43  -4.31  28.22  98.79  28.80   2.50   5.00  16.00
327 15 6  20.33  19.09  -4.31  28.22  98.79  43.20   2.50   5.00  16.00
328 15 6  14.94  23.55  -4.31  28.22  98.79  57.60   2.50   5.00  16.00
329 15 6   8.62  26.52  -4.31  28.22  98.79  72.00   2.50   5.00  16.00
330 15 6   1.75  27.83  -4.31  28.22  98.79  86.39   2.50   5.00  16.00
331 15 6  -5.22  27.39  -4.31  28.22  98.79 100.79   2.50   5.00  16.00
332 15 6 -11.87  25.24  -4.31  28.22  98.79 115.19   2.50   5.00  16.00
333 15 6 -17.77  21.49  -4.31  28.22  98.79 129.59   2.50   5.00  16.00
334 15 6 -22.56  16.40  -4.31  28.22  98.79 143.99   2.50   5.00  16.00
335 15 6 -25.93  10.27  -4.31  28.22  98.79 158.39   2.50   5.00  16.00
336 15 6 -27.67   3.50  -4.31  28.22  98.79 172.79   2.50   5.00  16.00
337 15 6 -27.67  -3.49  -4.31  28.22  98.79 187.19   2.50   5.00  16.00
338 15 6 -25.93 -10.26  -4.31  28.22  98.79 201.59   2.50   5.00  16.00
339 15 6 -22.57 -16.39  -4.31  28.22  98.79 215.99   2.50   5.00  16.00
340 15 6 -17.78 -21.48  -4.31  28.22  98.79 230.39   2.50   5.00  16.00
341 15 6 -11.88 -25.23  -4.31  28.22  98.79 244.78   2.50   5.00  16.00
342 15 6  -5.23 -27.39  -4.31  28.22  98.79 259.18   2.50   5.00  16.00
343 15 6   1.74 -27.83  -4.31  28.22  98.79 273.58   2.50   5.00  16.00
344 15 6   8.61 -26.53  -4.31  28.22  98.79 287.98   2.50   5.00  16.00
345 15 6  14.94 -23.55  -4.31  28.22  98.79 302.38   2.50   5.00  16.00
346 15 6  20.32 -19.10  -4.31  28.22  98.79 316.78   2.50   5.00  16.00
347 15 6  24.43 -13.44  -4.31  28.22  98.79 331.18   2.50   5.00  16.00
348 15 6  27.01  -6.95  -4.31  28.22  98.79 345.58   2.50   5.00  16.00
349 16 6  25.42   0.00  -7.48  26.49 106.39   0.00   2.50   5.00  16.00
350 16 6  24.39   7.16  -7.48  26.49 106.39  16.36   2.50   5.00  16.00
351 16 6  21.38  13.74  -7.48  26.49 106.39  32.73   2.50   5.00  16.00
352 16 6  16.64  19.21  -7.48  26.49 106.39  49.09   2.50   5.00  16.00
353 16 6  10.56  23.12  -7.48  26.49 106.39  65.45   2.50   5.00  16.00
354 16 6   3.62  25.16  -7.48  26.49 106.39  81.82   2.50   5.00  16.00
355 16 6  -3.62  25.16  -7.48  26.49 106.39  98.18   2.50   5.00  16.00
356 16 6 -10.56  23.12  -7.48  26.49 106.39 114.54   2.50   5.00  16.00
357 16 6 -16.64  19.21  -7.48  26.49 106.39 130.91   2.50   5.00  16.00
358 16 6 -21.38  13.74  -7.48  26.49 106.39 147.27   2.50   5.00  16.00
359 16 6 -24.39   7.16  -7.48  26.49 106.39 163.63   2.50   5.00  16.00
360 16 6 -25.42   0.00  -7.48  26.49 106.39 180.00   2.50   5.00  16.00
361 16 6 -24.39  -7.16  -7.48  26.49 106.39 196.36   2.50   5.00  16.00
362 16 6 -21.38 -13.74  -7.48  26.49 106.39 212.72   2.50   5.00  16.00
363 16 6 -16.65 -19.21  -7.48  26.49 106.39 229.09   2.50   5.00  16.00
364 16 6 -10.56 -23.12  -7.48  26.49 106.39 245.45   2.50   5.00  16.00
365 16 6  -3.62 -25.16  -7.48  26.49 106.39 261.81   2.50   5.00  16.00
366 16 6   3.61 -25.16  -7.48  26.49 106.39 278.18   2.50   5.00  16.00
367 16 6  10.56 -23.12  -7.48  26.49 106.39 294.54   2.50   5.00  16.00
368 16 6  16.64 -19.21  -7.48  26.49 106.39 310.90   2.50   5.00  16.00
369 16 6  21.38 -13.74  -7.48  26.49 106.39 327.27   2.50   5.00  16.00
370 16 6  24.39  -7.16  -7.48  26.49 106.39 343.63   2.50   5.00  16.00
371 17 6  21.96   0.00 -10.22  24.22 114.96   0.00   2.50   5.00  16.00
372 17 6  20.63   7.51 -10.22  24.22 114.96  20.00   2.50   5.00  16.00
373 17 6  16.82  14.11 -10.22  24.22 114.96  40.00   2.50   5.00  16.00
374 17 6  10.98  19.02 -10.22  24.22 114.96  60.00   2.50   5.00  16.00
375 17 6   3.81  21.63 -10.22  24.22 114.96  80.00   2.50   5.00  16.00
376 17 6  -3.81  21.63 -10.22  24.22 114.96 100.00   2.50   5.00  16.00
377 17 6 -10.98  19.02 -10.22  24.22 114.96 120.00   2.50   5.00  16.00
378 17 6 -16.82  14.12 -10.22  24.22 114.96 140.00   2.50   5.00  16.00
379 17 6 -20.63   7.51 -10.22  24.22 114.96 160.00   2.50   5.00  16.00
380 17 6 -21.96   0.00 -10.22  24.22 114.96 179.99   2.50   5.00  16.00
381 17 6 -20.64  -7.51 -10.22  24.22 114.96 199.99   2.50   5.00  16.00
382 17 6 -16.82 -14.11 -10.22  24.22 114.96 219.99   2.50   5.00  16.00
383 17 6 -10.98 -19.02 -10.22  24.22 114.96 239.99   2.50   5.00  16.00
384 17 6  -3.82 -21.62 -10.22  24.22 114.96 259.99   2.50   5.00  16.00
385 17 6   3.81 -21.63 -10.22  24.22 114.96 279.99   2.50   5.00  16.00
386 17 6  10.98 -19.02 -10.22  24.22 114.96 299.99   2.50   5.00  16.00
387 17 6  16.82 -14.12 -10.22  24.22 114.96 319.99   2.50   5.00  16.00
388 17 6  20.63  -7.51 -10.22  24.22 114.96 339.99   2.50   5.00  16.00
389 18 6  18.23   0.00 -12.72  22.23 124.91   0.00   2.50   5.00  16.00
390 18 6  16.42   7.91 -12.72  22.23 124.91  25.71   2.50   5.00  16.00
391 18 6  11.37  14.25 -12.72  22.23 124.91  51.42   2.50   5.00  16.00
392 18 6   4.06  17.77 -12.72  22.23 124.91  77.14   2.50   5.00  16.00
393 18 6  -4.05  17.77 -12.72  22.23 124.91 102.85   2.50   5.00  16.00
394 18 6 -11.36  14.25 -12.72  22.23 124.91 128.56   2.50   5.00  16.00
395 18 6 -16.42   7.91 -12.72  22.23 124.91 154.27   2.50   5.00  16.00
396 18 6 -18.23   0.01 -12.72  22.23 124.91 179.98   2.50   5.00  16.00
397 18 6 -16.43  -7.90 -12.72  22.23 124.91 205.70   2.50   5.00  16.00
398 18 6 -11.37 -14.25 -12.72  22.23 124.91 231.41   2.50   5.00  16.00
399 18 6  -4.06 -17.77 -12.72  22.23 124.91 257.12   2.50   5.00  16.00
400 18 6   4.05 -17.77 -12.72  22.23 124.91 282.83   2.50   5.00  16.00
401 18 6  11.36 -14.26 -12.72  22.23 124.91 308.54   2.50   5.00  16.00
402 18 6  16.42  -7.92 -12.72  22.23 124.91 334.26   2.50   5.00  16.00
403 19 6  13.21   0.00 -14.34  19.49 137.34   0.00   2.50   5.00  16.00
404 19 6  10.12   8.49 -14.34  19.49 137.34  40.00   2.50   5.00  16.00
405 19 6   2.29  13.01 -14.34  19.49 137.34  80.00   2.50   5.00  16.00
406 19 6  -6.60  11.44 -14.34  19.49 137.34 119.99   2.50   5.00  16.00
407 19 6 -12.41   4.52 -14.34  19.49 137.34 159.99   2.50   5.00  16.00
408 19 6 -12.41  -4.52 -14.34  19.49 137.34 199.99   2.50   5.00  16.00
409 19 6  -6.61 -11.44 -14.34  19.49 137.34 239.99   2.50   5.00  16.00
410 19 6   2.29 -13.01 -14.34  19.49 137.34 279.98   2.50   5.00  16.00
411 19 6  10.12  -8.49 -14.34  19.49 137.34 319.98   2.50   5.00  16.00
412 20 6   5.54   0.00 -14.04  15.09 158.45   0.00   2.50   5.00  16.00
413 20 6  -2.77   4.80 -14.04  15.09 158.45 120.00   2.50   5.00  16.00
414 20 6  -2.77  -4.80 -14.04  15.09 158.45 239.99   2.50   5.00  16.00
