  1   1   14   4.83   0.00  22.30  22.82  12.23   0.00   2.00   1.50   5.00   4.00   6.00
  2   1   14   2.42   4.19  22.30  22.82  12.23  59.99   2.00   1.50   5.00   4.00   6.00
  3   1   14  -2.42   4.19  22.30  22.82  12.23 119.99   2.00   1.50   5.00   4.00   6.00
  4   1   14  -4.83   0.00  22.30  22.82  12.23 179.98   2.00   1.50   5.00   4.00   6.00
  5   1   14  -2.42  -4.18  22.30  22.82  12.23 239.98   2.00   1.50   5.00   4.00   6.00
  6   1   14   2.41  -4.19  22.30  22.82  12.23 299.97   2.00   1.50   5.00   4.00   6.00
  7   2   14   7.12   0.00  22.36  23.47  17.66   0.00   2.00   1.50   5.00   4.00   6.00
  8   2   14   5.45   4.58  22.36  23.47  17.66  40.00   2.00   1.50   5.00   4.00   6.00
  9   2   14   1.24   7.01  22.36  23.47  17.66  79.99   2.00   1.50   5.00   4.00   6.00
 10   2   14  -3.56   6.17  22.36  23.47  17.66 119.99   2.00   1.50   5.00   4.00   6.00
 11   2   14  -6.69   2.44  22.36  23.47  17.66 159.98   2.00   1.50   5.00   4.00   6.00
 12   2   14  -6.69  -2.43  22.36  23.47  17.66 199.98   2.00   1.50   5.00   4.00   6.00
 13   2   14  -3.56  -6.16  22.36  23.47  17.66 239.98   2.00   1.50   5.00   4.00   6.00
 14   2   14   1.23  -7.01  22.36  23.47  17.66 279.97   2.00   1.50   5.00   4.00   6.00
 15   2   14   5.45  -4.58  22.36  23.47  17.66 319.97   2.00   1.50   5.00   4.00   6.00
 16   3   14   9.96   0.00  24.06  26.04  22.50   0.00   2.00   1.50   5.00   4.00   6.00
 17   3   14   8.83   4.63  24.06  26.04  22.50  27.66   2.00   1.50   5.00   4.00   6.00
 18   3   14   5.67   8.19  24.06  26.04  22.50  55.33   2.00   1.50   5.00   4.00   6.00
 19   3   14   1.22   9.89  24.06  26.04  22.50  82.99   2.00   1.50   5.00   4.00   6.00
 20   3   14  -3.51   9.32  24.06  26.04  22.50 110.65   2.00   1.50   5.00   4.00   6.00
 21   3   14  -7.44   6.63  24.06  26.04  22.50 138.31   2.00   1.50   5.00   4.00   6.00
 22   3   14  -9.67   2.41  24.06  26.04  22.50 165.98   2.00   1.50   5.00   4.00   6.00
 23   3   14  -9.68  -2.35  24.06  26.04  22.50 193.64   2.00   1.50   5.00   4.00   6.00
 24   3   14  -7.49  -6.58  24.06  26.04  22.50 221.30   2.00   1.50   5.00   4.00   6.00
 25   3   14  -3.58  -9.30  24.06  26.04  22.50 248.97   2.00   1.50   5.00   4.00   6.00
 26   3   14   1.15  -9.90  24.06  26.04  22.50 276.63   2.00   1.50   5.00   4.00   6.00
 27   3   14   5.61  -8.23  24.06  26.04  22.50 304.29   2.00   1.50   5.00   4.00   6.00
 28   3   14   8.79  -4.68  24.06  26.04  22.50 331.95   2.00   1.50   5.00   4.00   6.00
 29   4   14  13.73   0.00  27.37  30.62  26.64   0.00   2.00   1.50   5.00   4.00   6.00
 30   4   14  12.90   4.69  27.37  30.62  26.64  20.00   2.00   1.50   5.00   4.00   6.00
 31   4   14  10.52   8.82  27.37  30.62  26.64  40.00   2.00   1.50   5.00   4.00   6.00
 32   4   14   6.87  11.89  27.37  30.62  26.64  60.00   2.00   1.50   5.00   4.00   6.00
 33   4   14   2.39  13.52  27.37  30.62  26.64  79.99   2.00   1.50   5.00   4.00   6.00
 34   4   14  -2.38  13.52  27.37  30.62  26.64  99.99   2.00   1.50   5.00   4.00   6.00
 35   4   14  -6.86  11.89  27.37  30.62  26.64 119.99   2.00   1.50   5.00   4.00   6.00
 36   4   14 -10.51   8.83  27.37  30.62  26.64 139.99   2.00   1.50   5.00   4.00   6.00
 37   4   14 -12.90   4.70  27.37  30.62  26.64 159.99   2.00   1.50   5.00   4.00   6.00
 38   4   14 -13.73   0.00  27.37  30.62  26.64 179.99   2.00   1.50   5.00   4.00   6.00
 39   4   14 -12.90  -4.69  27.37  30.62  26.64 199.98   2.00   1.50   5.00   4.00   6.00
 40   4   14 -10.52  -8.82  27.37  30.62  26.64 219.98   2.00   1.50   5.00   4.00   6.00
 41   4   14  -6.87 -11.89  27.37  30.62  26.64 239.98   2.00   1.50   5.00   4.00   6.00
 42   4   14  -2.39 -13.52  27.37  30.62  26.64 259.98   2.00   1.50   5.00   4.00   6.00
 43   4   14   2.38 -13.52  27.37  30.62  26.64 279.98   2.00   1.50   5.00   4.00   6.00
 44   4   14   6.86 -11.89  27.37  30.62  26.64 299.98   2.00   1.50   5.00   4.00   6.00
 45   4   14  10.51  -8.83  27.37  30.62  26.64 319.97   2.00   1.50   5.00   4.00   6.00
 46   4   14  12.90  -4.70  27.37  30.62  26.64 339.97   2.00   1.50   5.00   4.00   6.00
 47   5   14  15.94   0.00  27.28  31.60  30.29   0.00   2.00   1.50   5.00   4.00   6.00
 48   5   14  15.23   4.70  27.28  31.60  30.29  17.14   2.00   1.50   5.00   4.00   6.00
 49   5   14  13.17   8.98  27.28  31.60  30.29  34.28   2.00   1.50   5.00   4.00   6.00
 50   5   14   9.94  12.46  27.28  31.60  30.29  51.42   2.00   1.50   5.00   4.00   6.00
 51   5   14   5.82  14.84  27.28  31.60  30.29  68.57   2.00   1.50   5.00   4.00   6.00
 52   5   14   1.19  15.89  27.28  31.60  30.29  85.71   2.00   1.50   5.00   4.00   6.00
 53   5   14  -3.54  15.54  27.28  31.60  30.29 102.85   2.00   1.50   5.00   4.00   6.00
 54   5   14  -7.97  13.80  27.28  31.60  30.29 119.99   2.00   1.50   5.00   4.00   6.00
 55   5   14 -11.68  10.84  27.28  31.60  30.29 137.13   2.00   1.50   5.00   4.00   6.00
 56   5   14 -14.36   6.92  27.28  31.60  30.29 154.27   2.00   1.50   5.00   4.00   6.00
 57   5   14 -15.76   2.38  27.28  31.60  30.29 171.42   2.00   1.50   5.00   4.00   6.00
 58   5   14 -15.76  -2.37  27.28  31.60  30.29 188.56   2.00   1.50   5.00   4.00   6.00
 59   5   14 -14.36  -6.91  27.28  31.60  30.29 205.70   2.00   1.50   5.00   4.00   6.00
 60   5   14 -11.69 -10.84  27.28  31.60  30.29 222.84   2.00   1.50   5.00   4.00   6.00
 61   5   14  -7.97 -13.80  27.28  31.60  30.29 239.98   2.00   1.50   5.00   4.00   6.00
 62   5   14  -3.55 -15.54  27.28  31.60  30.29 257.12   2.00   1.50   5.00   4.00   6.00
 63   5   14   1.19 -15.89  27.28  31.60  30.29 274.26   2.00   1.50   5.00   4.00   6.00
 64   5   14   5.82 -14.84  27.28  31.60  30.29 291.41   2.00   1.50   5.00   4.00   6.00
 65   5   14   9.93 -12.46  27.28  31.60  30.29 308.55   2.00   1.50   5.00   4.00   6.00
 66   5   14  13.16  -8.98  27.28  31.60  30.29 325.69   2.00   1.50   5.00   4.00   6.00
 67   5   14  15.23  -4.70  27.28  31.60  30.29 342.83   2.00   1.50   5.00   4.00   6.00
 68   6   14  18.15   0.00  27.11  32.63  33.80   0.00   2.00   1.50   5.00   4.00   6.00
 69   6   14  17.53   4.70  27.11  32.63  33.80  15.00   2.00   1.50   5.00   4.00   6.00
 70   6   14  15.72   9.08  27.11  32.63  33.80  30.00   2.00   1.50   5.00   4.00   6.00
 71   6   14  12.84  12.84  27.11  32.63  33.80  45.00   2.00   1.50   5.00   4.00   6.00
 72   6   14   9.08  15.72  27.11  32.63  33.80  60.00   2.00   1.50   5.00   4.00   6.00
 73   6   14   4.70  17.53  27.11  32.63  33.80  75.00   2.00   1.50   5.00   4.00   6.00
 74   6   14   0.00  18.15  27.11  32.63  33.80  90.00   2.00   1.50   5.00   4.00   6.00
 75   6   14  -4.70  17.53  27.11  32.63  33.80 105.00   2.00   1.50   5.00   4.00   6.00
 76   6   14  -9.08  15.72  27.11  32.63  33.80 120.00   2.00   1.50   5.00   4.00   6.00
 77   6   14 -12.83  12.84  27.11  32.63  33.80 135.00   2.00   1.50   5.00   4.00   6.00
 78   6   14 -15.72   9.08  27.11  32.63  33.80 150.00   2.00   1.50   5.00   4.00   6.00
 79   6   14 -17.53   4.70  27.11  32.63  33.80 165.00   2.00   1.50   5.00   4.00   6.00
 80   6   14 -18.15   0.00  27.11  32.63  33.80 180.00   2.00   1.50   5.00   4.00   6.00
 81   6   14 -17.53  -4.70  27.11  32.63  33.80 195.00   2.00   1.50   5.00   4.00   6.00
 82   6   14 -15.72  -9.08  27.11  32.63  33.80 210.00   2.00   1.50   5.00   4.00   6.00
 83   6   14 -12.84 -12.83  27.11  32.63  33.80 225.00   2.00   1.50   5.00   4.00   6.00
 84   6   14  -9.08 -15.72  27.11  32.63  33.80 240.00   2.00   1.50   5.00   4.00   6.00
 85   6   14  -4.70 -17.53  27.11  32.63  33.80 255.00   2.00   1.50   5.00   4.00   6.00
 86   6   14  -0.00 -18.15  27.11  32.63  33.80 270.00   2.00   1.50   5.00   4.00   6.00
 87   6   14   4.70 -17.53  27.11  32.63  33.80 285.00   2.00   1.50   5.00   4.00   6.00
 88   6   14   9.07 -15.72  27.11  32.63  33.80 300.00   2.00   1.50   5.00   4.00   6.00
 89   6   14  12.83 -12.84  27.11  32.63  33.80 315.00   2.00   1.50   5.00   4.00   6.00
 90   6   14  15.72  -9.08  27.11  32.63  33.80 330.00   2.00   1.50   5.00   4.00   6.00
 91   6   14  17.53  -4.70  27.11  32.63  33.80 344.99   2.00   1.50   5.00   4.00   6.00
 92   7   14  20.37   0.00  26.87  33.72  37.17   0.00   2.00   1.50   5.00   4.00   6.00
 93   7   14  19.82   4.70  26.87  33.72  37.17  13.33   2.00   1.50   5.00   4.00   6.00
 94   7   14  18.21   9.14  26.87  33.72  37.17  26.67   2.00   1.50   5.00   4.00   6.00
 95   7   14  15.61  13.10  26.87  33.72  37.17  40.00   2.00   1.50   5.00   4.00   6.00
 96   7   14  12.17  16.34  26.87  33.72  37.17  53.33   2.00   1.50   5.00   4.00   6.00
 97   7   14   8.07  18.71  26.87  33.72  37.17  66.66   2.00   1.50   5.00   4.00   6.00
 98   7   14   3.54  20.06  26.87  33.72  37.17  80.00   2.00   1.50   5.00   4.00   6.00
 99   7   14  -1.18  20.34  26.87  33.72  37.17  93.33   2.00   1.50   5.00   4.00   6.00
100   7   14  -5.84  19.52  26.87  33.72  37.17 106.66   2.00   1.50   5.00   4.00   6.00
101   7   14 -10.19  17.64  26.87  33.72  37.17 120.00   2.00   1.50   5.00   4.00   6.00
102   7   14 -13.98  14.82  26.87  33.72  37.17 133.33   2.00   1.50   5.00   4.00   6.00
103   7   14 -17.02  11.20  26.87  33.72  37.17 146.66   2.00   1.50   5.00   4.00   6.00
104   7   14 -19.14   6.97  26.87  33.72  37.17 159.99   2.00   1.50   5.00   4.00   6.00
105   7   14 -20.24   2.37  26.87  33.72  37.17 173.33   2.00   1.50   5.00   4.00   6.00
106   7   14 -20.24  -2.36  26.87  33.72  37.17 186.66   2.00   1.50   5.00   4.00   6.00
107   7   14 -19.15  -6.97  26.87  33.72  37.17 199.99   2.00   1.50   5.00   4.00   6.00
108   7   14 -17.02 -11.19  26.87  33.72  37.17 213.33   2.00   1.50   5.00   4.00   6.00
109   7   14 -13.98 -14.82  26.87  33.72  37.17 226.66   2.00   1.50   5.00   4.00   6.00
110   7   14 -10.19 -17.64  26.87  33.72  37.17 239.99   2.00   1.50   5.00   4.00   6.00
111   7   14  -5.85 -19.52  26.87  33.72  37.17 253.32   2.00   1.50   5.00   4.00   6.00
112   7   14  -1.19 -20.34  26.87  33.72  37.17 266.66   2.00   1.50   5.00   4.00   6.00
113   7   14   3.53 -20.06  26.87  33.72  37.17 279.99   2.00   1.50   5.00   4.00   6.00
114   7   14   8.07 -18.71  26.87  33.72  37.17 293.32   2.00   1.50   5.00   4.00   6.00
115   7   14  12.16 -16.34  26.87  33.72  37.17 306.66   2.00   1.50   5.00   4.00   6.00
116   7   14  15.60 -13.10  26.87  33.72  37.17 319.99   2.00   1.50   5.00   4.00   6.00
117   7   14  18.20  -9.15  26.87  33.72  37.17 333.32   2.00   1.50   5.00   4.00   6.00
118   7   14  19.82  -4.70  26.87  33.72  37.17 346.65   2.00   1.50   5.00   4.00   6.00
119   8   14  22.61   0.00  26.55  34.87  40.42   0.00   2.00   1.50   5.00   4.00   6.00
120   8   14  22.11   4.70  26.55  34.87  40.42  12.00   2.00   1.50   5.00   4.00   6.00
121   8   14  20.65   9.19  26.55  34.87  40.42  24.00   2.00   1.50   5.00   4.00   6.00
122   8   14  18.29  13.29  26.55  34.87  40.42  35.99   2.00   1.50   5.00   4.00   6.00
123   8   14  15.13  16.80  26.55  34.87  40.42  47.99   2.00   1.50   5.00   4.00   6.00
124   8   14  11.31  19.58  26.55  34.87  40.42  59.99   2.00   1.50   5.00   4.00   6.00
125   8   14   6.99  21.50  26.55  34.87  40.42  71.99   2.00   1.50   5.00   4.00   6.00
126   8   14   2.37  22.48  26.55  34.87  40.42  83.99   2.00   1.50   5.00   4.00   6.00
127   8   14  -2.36  22.48  26.55  34.87  40.42  95.99   2.00   1.50   5.00   4.00   6.00
128   8   14  -6.98  21.50  26.55  34.87  40.42 107.98   2.00   1.50   5.00   4.00   6.00
129   8   14 -11.30  19.58  26.55  34.87  40.42 119.98   2.00   1.50   5.00   4.00   6.00
130   8   14 -15.12  16.80  26.55  34.87  40.42 131.98   2.00   1.50   5.00   4.00   6.00
131   8   14 -18.28  13.29  26.55  34.87  40.42 143.98   2.00   1.50   5.00   4.00   6.00
132   8   14 -20.65   9.20  26.55  34.87  40.42 155.98   2.00   1.50   5.00   4.00   6.00
133   8   14 -22.11   4.71  26.55  34.87  40.42 167.98   2.00   1.50   5.00   4.00   6.00
134   8   14 -22.61   0.01  26.55  34.87  40.42 179.97   2.00   1.50   5.00   4.00   6.00
135   8   14 -22.11  -4.69  26.55  34.87  40.42 191.97   2.00   1.50   5.00   4.00   6.00
136   8   14 -20.66  -9.18  26.55  34.87  40.42 203.97   2.00   1.50   5.00   4.00   6.00
137   8   14 -18.30 -13.28  26.55  34.87  40.42 215.97   2.00   1.50   5.00   4.00   6.00
138   8   14 -15.14 -16.79  26.55  34.87  40.42 227.97   2.00   1.50   5.00   4.00   6.00
139   8   14 -11.32 -19.57  26.55  34.87  40.42 239.96   2.00   1.50   5.00   4.00   6.00
140   8   14  -7.00 -21.49  26.55  34.87  40.42 251.96   2.00   1.50   5.00   4.00   6.00
141   8   14  -2.38 -22.48  26.55  34.87  40.42 263.96   2.00   1.50   5.00   4.00   6.00
142   8   14   2.35 -22.48  26.55  34.87  40.42 275.96   2.00   1.50   5.00   4.00   6.00
143   8   14   6.97 -21.50  26.55  34.87  40.42 287.96   2.00   1.50   5.00   4.00   6.00
144   8   14  11.29 -19.59  26.55  34.87  40.42 299.96   2.00   1.50   5.00   4.00   6.00
145   8   14  15.11 -16.81  26.55  34.87  40.42 311.95   2.00   1.50   5.00   4.00   6.00
146   8   14  18.28 -13.30  26.55  34.87  40.42 323.95   2.00   1.50   5.00   4.00   6.00
147   8   14  20.64  -9.21  26.55  34.87  40.42 335.95   2.00   1.50   5.00   4.00   6.00
148   8   14  22.11  -4.72  26.55  34.87  40.42 347.95   2.00   1.50   5.00   4.00   6.00
149   9   14  24.84   0.00  26.14  36.06  43.54   0.00   2.00   1.50   5.00   4.00   6.00
150   9   14  24.39   4.70  26.14  36.06  43.54  10.91   2.00   1.50   5.00   4.00   6.00
151   9   14  23.06   9.23  26.14  36.06  43.54  21.82   2.00   1.50   5.00   4.00   6.00
152   9   14  20.90  13.43  26.14  36.06  43.54  32.72   2.00   1.50   5.00   4.00   6.00
153   9   14  17.98  17.14  26.14  36.06  43.54  43.63   2.00   1.50   5.00   4.00   6.00
154   9   14  14.41  20.23  26.14  36.06  43.54  54.54   2.00   1.50   5.00   4.00   6.00
155   9   14  10.32  22.60  26.14  36.06  43.54  65.45   2.00   1.50   5.00   4.00   6.00
156   9   14   5.86  24.14  26.14  36.06  43.54  76.36   2.00   1.50   5.00   4.00   6.00
157   9   14   1.19  24.81  26.14  36.06  43.54  87.26   2.00   1.50   5.00   4.00   6.00
158   9   14  -3.53  24.59  26.14  36.06  43.54  98.17   2.00   1.50   5.00   4.00   6.00
159   9   14  -8.12  23.48  26.14  36.06  43.54 109.08   2.00   1.50   5.00   4.00   6.00
160   9   14 -12.42  21.52  26.14  36.06  43.54 119.99   2.00   1.50   5.00   4.00   6.00
161   9   14 -16.26  18.78  26.14  36.06  43.54 130.90   2.00   1.50   5.00   4.00   6.00
162   9   14 -19.52  15.36  26.14  36.06  43.54 141.80   2.00   1.50   5.00   4.00   6.00
163   9   14 -22.08  11.39  26.14  36.06  43.54 152.71   2.00   1.50   5.00   4.00   6.00
164   9   14 -23.83   7.01  26.14  36.06  43.54 163.62   2.00   1.50   5.00   4.00   6.00
165   9   14 -24.73   2.37  26.14  36.06  43.54 174.53   2.00   1.50   5.00   4.00   6.00
166   9   14 -24.73  -2.35  26.14  36.06  43.54 185.44   2.00   1.50   5.00   4.00   6.00
167   9   14 -23.84  -6.99  26.14  36.06  43.54 196.34   2.00   1.50   5.00   4.00   6.00
168   9   14 -22.08 -11.38  26.14  36.06  43.54 207.25   2.00   1.50   5.00   4.00   6.00
169   9   14 -19.53 -15.35  26.14  36.06  43.54 218.16   2.00   1.50   5.00   4.00   6.00
170   9   14 -16.28 -18.77  26.14  36.06  43.54 229.07   2.00   1.50   5.00   4.00   6.00
171   9   14 -12.43 -21.51  26.14  36.06  43.54 239.98   2.00   1.50   5.00   4.00   6.00
172   9   14  -8.14 -23.47  26.14  36.06  43.54 250.88   2.00   1.50   5.00   4.00   6.00
173   9   14  -3.55 -24.59  26.14  36.06  43.54 261.79   2.00   1.50   5.00   4.00   6.00
174   9   14   1.17 -24.81  26.14  36.06  43.54 272.70   2.00   1.50   5.00   4.00   6.00
175   9   14   5.84 -24.14  26.14  36.06  43.54 283.61   2.00   1.50   5.00   4.00   6.00
176   9   14  10.31 -22.60  26.14  36.06  43.54 294.51   2.00   1.50   5.00   4.00   6.00
177   9   14  14.40 -20.24  26.14  36.06  43.54 305.42   2.00   1.50   5.00   4.00   6.00
178   9   14  17.97 -17.15  26.14  36.06  43.54 316.33   2.00   1.50   5.00   4.00   6.00
179   9   14  20.89 -13.44  26.14  36.06  43.54 327.24   2.00   1.50   5.00   4.00   6.00
180   9   14  23.06  -9.25  26.14  36.06  43.54 338.15   2.00   1.50   5.00   4.00   6.00
181   9   14  24.39  -4.72  26.14  36.06  43.54 349.05   2.00   1.50   5.00   4.00   6.00
182  10   14  26.29   0.00  24.87  36.19  46.59   0.00   2.00   1.50   5.00   4.00   6.00
183  10   14  25.87   4.69  24.87  36.19  46.59  10.28   2.00   1.50   5.00   4.00   6.00
184  10   14  24.61   9.24  24.87  36.19  46.59  20.57   2.00   1.50   5.00   4.00   6.00
185  10   14  22.57  13.48  24.87  36.19  46.59  30.85   2.00   1.50   5.00   4.00   6.00
186  10   14  19.80  17.29  24.87  36.19  46.59  41.14   2.00   1.50   5.00   4.00   6.00
187  10   14  16.39  20.55  24.87  36.19  46.59  51.42   2.00   1.50   5.00   4.00   6.00
188  10   14  12.46  23.15  24.87  36.19  46.59  61.70   2.00   1.50   5.00   4.00   6.00
189  10   14   8.13  25.00  24.87  36.19  46.59  71.99   2.00   1.50   5.00   4.00   6.00
190  10   14   3.53  26.05  24.87  36.19  46.59  82.27   2.00   1.50   5.00   4.00   6.00
191  10   14  -1.17  26.26  24.87  36.19  46.59  92.56   2.00   1.50   5.00   4.00   6.00
192  10   14  -5.84  25.63  24.87  36.19  46.59 102.84   2.00   1.50   5.00   4.00   6.00
193  10   14 -10.32  24.18  24.87  36.19  46.59 113.12   2.00   1.50   5.00   4.00   6.00
194  10   14 -14.48  21.95  24.87  36.19  46.59 123.41   2.00   1.50   5.00   4.00   6.00
195  10   14 -18.16  19.01  24.87  36.19  46.59 133.69   2.00   1.50   5.00   4.00   6.00
196  10   14 -21.26  15.46  24.87  36.19  46.59 143.98   2.00   1.50   5.00   4.00   6.00
197  10   14 -23.68  11.42  24.87  36.19  46.59 154.26   2.00   1.50   5.00   4.00   6.00
198  10   14 -25.34   7.01  24.87  36.19  46.59 164.54   2.00   1.50   5.00   4.00   6.00
199  10   14 -26.18   2.37  24.87  36.19  46.59 174.83   2.00   1.50   5.00   4.00   6.00
200  10   14 -26.19  -2.34  24.87  36.19  46.59 185.11   2.00   1.50   5.00   4.00   6.00
201  10   14 -25.35  -6.98  24.87  36.19  46.59 195.40   2.00   1.50   5.00   4.00   6.00
202  10   14 -23.69 -11.39  24.87  36.19  46.59 205.68   2.00   1.50   5.00   4.00   6.00
203  10   14 -21.28 -15.44  24.87  36.19  46.59 215.97   2.00   1.50   5.00   4.00   6.00
204  10   14 -18.18 -18.99  24.87  36.19  46.59 226.25   2.00   1.50   5.00   4.00   6.00
205  10   14 -14.50 -21.93  24.87  36.19  46.59 236.53   2.00   1.50   5.00   4.00   6.00
206  10   14 -10.35 -24.17  24.87  36.19  46.59 246.82   2.00   1.50   5.00   4.00   6.00
207  10   14  -5.87 -25.63  24.87  36.19  46.59 257.10   2.00   1.50   5.00   4.00   6.00
208  10   14  -1.20 -26.26  24.87  36.19  46.59 267.39   2.00   1.50   5.00   4.00   6.00
209  10   14   3.51 -26.05  24.87  36.19  46.59 277.67   2.00   1.50   5.00   4.00   6.00
210  10   14   8.10 -25.01  24.87  36.19  46.59 287.95   2.00   1.50   5.00   4.00   6.00
211  10   14  12.44 -23.16  24.87  36.19  46.59 298.24   2.00   1.50   5.00   4.00   6.00
212  10   14  16.37 -20.57  24.87  36.19  46.59 308.52   2.00   1.50   5.00   4.00   6.00
213  10   14  19.78 -17.31  24.87  36.19  46.59 318.81   2.00   1.50   5.00   4.00   6.00
214  10   14  22.56 -13.50  24.87  36.19  46.59 329.09   2.00   1.50   5.00   4.00   6.00
215  10   14  24.60  -9.26  24.87  36.19  46.59 339.37   2.00   1.50   5.00   4.00   6.00
216  10   14  25.86  -4.72  24.87  36.19  46.59 349.66   2.00   1.50   5.00   4.00   6.00
217  11   14  27.74   0.00  23.60  36.42  49.61   0.00   2.00   1.50   5.00   4.00   6.00
218  11   14  27.34   4.69  23.60  36.42  49.61   9.73   2.00   1.50   5.00   4.00   6.00
219  11   14  26.15   9.24  23.60  36.42  49.61  19.46   2.00   1.50   5.00   4.00   6.00
220  11   14  24.22  13.53  23.60  36.42  49.61  29.19   2.00   1.50   5.00   4.00   6.00
221  11   14  21.58  17.42  23.60  36.42  49.61  38.92   2.00   1.50   5.00   4.00   6.00
222  11   14  18.33  20.82  23.60  36.42  49.61  48.65   2.00   1.50   5.00   4.00   6.00
223  11   14  14.54  23.62  23.60  36.42  49.61  58.38   2.00   1.50   5.00   4.00   6.00
224  11   14  10.34  25.74  23.60  36.42  49.61  68.10   2.00   1.50   5.00   4.00   6.00
225  11   14   5.85  27.11  23.60  36.42  49.61  77.83   2.00   1.50   5.00   4.00   6.00
226  11   14   1.18  27.71  23.60  36.42  49.61  87.56   2.00   1.50   5.00   4.00   6.00
227  11   14  -3.52  27.51  23.60  36.42  49.61  97.29   2.00   1.50   5.00   4.00   6.00
228  11   14  -8.12  26.52  23.60  36.42  49.61 107.02   2.00   1.50   5.00   4.00   6.00
229  11   14 -12.48  24.77  23.60  36.42  49.61 116.75   2.00   1.50   5.00   4.00   6.00
230  11   14 -16.49  22.30  23.60  36.42  49.61 126.48   2.00   1.50   5.00   4.00   6.00
231  11   14 -20.02  19.19  23.60  36.42  49.61 136.21   2.00   1.50   5.00   4.00   6.00
232  11   14 -22.98  15.54  23.60  36.42  49.61 145.94   2.00   1.50   5.00   4.00   6.00
233  11   14 -25.27  11.43  23.60  36.42  49.61 155.67   2.00   1.50   5.00   4.00   6.00
234  11   14 -26.84   6.99  23.60  36.42  49.61 165.40   2.00   1.50   5.00   4.00   6.00
235  11   14 -27.64   2.36  23.60  36.42  49.61 175.13   2.00   1.50   5.00   4.00   6.00
236  11   14 -27.64  -2.35  23.60  36.42  49.61 184.86   2.00   1.50   5.00   4.00   6.00
237  11   14 -26.84  -6.98  23.60  36.42  49.61 194.58   2.00   1.50   5.00   4.00   6.00
238  11   14 -25.28 -11.42  23.60  36.42  49.61 204.31   2.00   1.50   5.00   4.00   6.00
239  11   14 -22.98 -15.53  23.60  36.42  49.61 214.04   2.00   1.50   5.00   4.00   6.00
240  11   14 -20.03 -19.19  23.60  36.42  49.61 223.77   2.00   1.50   5.00   4.00   6.00
241  11   14 -16.50 -22.30  23.60  36.42  49.61 233.50   2.00   1.50   5.00   4.00   6.00
242  11   14 -12.49 -24.76  23.60  36.42  49.61 243.23   2.00   1.50   5.00   4.00   6.00
243  11   14  -8.13 -26.52  23.60  36.42  49.61 252.96   2.00   1.50   5.00   4.00   6.00
244  11   14  -3.53 -27.51  23.60  36.42  49.61 262.69   2.00   1.50   5.00   4.00   6.00
245  11   14   1.17 -27.71  23.60  36.42  49.61 272.42   2.00   1.50   5.00   4.00   6.00
246  11   14   5.84 -27.12  23.60  36.42  49.61 282.15   2.00   1.50   5.00   4.00   6.00
247  11   14  10.34 -25.74  23.60  36.42  49.61 291.88   2.00   1.50   5.00   4.00   6.00
248  11   14  14.54 -23.62  23.60  36.42  49.61 301.61   2.00   1.50   5.00   4.00   6.00
249  11   14  18.32 -20.83  23.60  36.42  49.61 311.34   2.00   1.50   5.00   4.00   6.00
250  11   14  21.58 -17.43  23.60  36.42  49.61 321.07   2.00   1.50   5.00   4.00   6.00
251  11   14  24.21 -13.53  23.60  36.42  49.61 330.79   2.00   1.50   5.00   4.00   6.00
252  11   14  26.15  -9.25  23.60  36.42  49.61 340.52   2.00   1.50   5.00   4.00   6.00
253  11   14  27.34  -4.70  23.60  36.42  49.61 350.25   2.00   1.50   5.00   4.00   6.00
254  12   14  28.39   0.00  21.67  35.72  52.64   0.00   2.00   1.50   5.00   4.00   6.00
255  12   14  28.01   4.67  21.67  35.72  52.64   9.47   2.00   1.50   5.00   4.00   6.00
256  12   14  26.86   9.22  21.67  35.72  52.64  18.95   2.00   1.50   5.00   4.00   6.00
257  12   14  24.97  13.51  21.67  35.72  52.64  28.42   2.00   1.50   5.00   4.00   6.00
258  12   14  22.41  17.44  21.67  35.72  52.64  37.89   2.00   1.50   5.00   4.00   6.00
259  12   14  19.23  20.89  21.67  35.72  52.64  47.37   2.00   1.50   5.00   4.00   6.00
260  12   14  15.53  23.77  21.67  35.72  52.64  56.84   2.00   1.50   5.00   4.00   6.00
261  12   14  11.41  26.00  21.67  35.72  52.64  66.31   2.00   1.50   5.00   4.00   6.00
262  12   14   6.97  27.53  21.67  35.72  52.64  75.78   2.00   1.50   5.00   4.00   6.00
263  12   14   2.35  28.30  21.67  35.72  52.64  85.26   2.00   1.50   5.00   4.00   6.00
264  12   14  -2.34  28.30  21.67  35.72  52.64  94.73   2.00   1.50   5.00   4.00   6.00
265  12   14  -6.97  27.53  21.67  35.72  52.64 104.20   2.00   1.50   5.00   4.00   6.00
266  12   14 -11.40  26.00  21.67  35.72  52.64 113.68   2.00   1.50   5.00   4.00   6.00
267  12   14 -15.53  23.77  21.67  35.72  52.64 123.15   2.00   1.50   5.00   4.00   6.00
268  12   14 -19.23  20.89  21.67  35.72  52.64 132.62   2.00   1.50   5.00   4.00   6.00
269  12   14 -22.40  17.44  21.67  35.72  52.64 142.10   2.00   1.50   5.00   4.00   6.00
270  12   14 -24.97  13.52  21.67  35.72  52.64 151.57   2.00   1.50   5.00   4.00   6.00
271  12   14 -26.85   9.22  21.67  35.72  52.64 161.04   2.00   1.50   5.00   4.00   6.00
272  12   14 -28.01   4.68  21.67  35.72  52.64 170.52   2.00   1.50   5.00   4.00   6.00
273  12   14 -28.39   0.01  21.67  35.72  52.64 179.99   2.00   1.50   5.00   4.00   6.00
274  12   14 -28.01  -4.67  21.67  35.72  52.64 189.46   2.00   1.50   5.00   4.00   6.00
275  12   14 -26.86  -9.21  21.67  35.72  52.64 198.94   2.00   1.50   5.00   4.00   6.00
276  12   14 -24.98 -13.51  21.67  35.72  52.64 208.41   2.00   1.50   5.00   4.00   6.00
277  12   14 -22.41 -17.44  21.67  35.72  52.64 217.88   2.00   1.50   5.00   4.00   6.00
278  12   14 -19.24 -20.89  21.67  35.72  52.64 227.35   2.00   1.50   5.00   4.00   6.00
279  12   14 -15.54 -23.77  21.67  35.72  52.64 236.83   2.00   1.50   5.00   4.00   6.00
280  12   14 -11.41 -26.00  21.67  35.72  52.64 246.30   2.00   1.50   5.00   4.00   6.00
281  12   14  -6.98 -27.52  21.67  35.72  52.64 255.77   2.00   1.50   5.00   4.00   6.00
282  12   14  -2.35 -28.30  21.67  35.72  52.64 265.25   2.00   1.50   5.00   4.00   6.00
283  12   14   2.34 -28.30  21.67  35.72  52.64 274.72   2.00   1.50   5.00   4.00   6.00
284  12   14   6.96 -27.53  21.67  35.72  52.64 284.19   2.00   1.50   5.00   4.00   6.00
285  12   14  11.40 -26.01  21.67  35.72  52.64 293.67   2.00   1.50   5.00   4.00   6.00
286  12   14  15.52 -23.78  21.67  35.72  52.64 303.14   2.00   1.50   5.00   4.00   6.00
287  12   14  19.22 -20.90  21.67  35.72  52.64 312.61   2.00   1.50   5.00   4.00   6.00
288  12   14  22.40 -17.45  21.67  35.72  52.64 322.09   2.00   1.50   5.00   4.00   6.00
289  12   14  24.97 -13.52  21.67  35.72  52.64 331.56   2.00   1.50   5.00   4.00   6.00
290  12   14  26.85  -9.23  21.67  35.72  52.64 341.03   2.00   1.50   5.00   4.00   6.00
291  12   14  28.01  -4.68  21.67  35.72  52.64 350.50   2.00   1.50   5.00   4.00   6.00
292  13   14  29.85   0.00  20.38  36.15  55.68   0.00   2.00   1.50   5.00   4.00   6.00
293  13   14  29.49   4.67  20.38  36.15  55.68   9.00   2.00   1.50   5.00   4.00   6.00
294  13   14  28.39   9.22  20.38  36.15  55.68  18.00   2.00   1.50   5.00   4.00   6.00
295  13   14  26.60  13.55  20.38  36.15  55.68  27.00   2.00   1.50   5.00   4.00   6.00
296  13   14  24.15  17.55  20.38  36.15  55.68  36.00   2.00   1.50   5.00   4.00   6.00
297  13   14  21.11  21.11  20.38  36.15  55.68  45.00   2.00   1.50   5.00   4.00   6.00
298  13   14  17.55  24.15  20.38  36.15  55.68  54.00   2.00   1.50   5.00   4.00   6.00
299  13   14  13.55  26.60  20.38  36.15  55.68  63.00   2.00   1.50   5.00   4.00   6.00
300  13   14   9.23  28.39  20.38  36.15  55.68  72.00   2.00   1.50   5.00   4.00   6.00
301  13   14   4.67  29.49  20.38  36.15  55.68  81.00   2.00   1.50   5.00   4.00   6.00
302  13   14   0.00  29.85  20.38  36.15  55.68  89.99   2.00   1.50   5.00   4.00   6.00
303  13   14  -4.67  29.49  20.38  36.15  55.68  98.99   2.00   1.50   5.00   4.00   6.00
304  13   14  -9.22  28.39  20.38  36.15  55.68 107.99   2.00   1.50   5.00   4.00   6.00
305  13   14 -13.55  26.60  20.38  36.15  55.68 116.99   2.00   1.50   5.00   4.00   6.00
306  13   14 -17.54  24.15  20.38  36.15  55.68 125.99   2.00   1.50   5.00   4.00   6.00
307  13   14 -21.11  21.11  20.38  36.15  55.68 134.99   2.00   1.50   5.00   4.00   6.00
308  13   14 -24.15  17.55  20.38  36.15  55.68 143.99   2.00   1.50   5.00   4.00   6.00
309  13   14 -26.60  13.56  20.38  36.15  55.68 152.99   2.00   1.50   5.00   4.00   6.00
310  13   14 -28.39   9.23  20.38  36.15  55.68 161.99   2.00   1.50   5.00   4.00   6.00
311  13   14 -29.49   4.68  20.38  36.15  55.68 170.99   2.00   1.50   5.00   4.00   6.00
312  13   14 -29.85   0.01  20.38  36.15  55.68 179.99   2.00   1.50   5.00   4.00   6.00
313  13   14 -29.49  -4.66  20.38  36.15  55.68 188.99   2.00   1.50   5.00   4.00   6.00
314  13   14 -28.39  -9.22  20.38  36.15  55.68 197.99   2.00   1.50   5.00   4.00   6.00
315  13   14 -26.60 -13.55  20.38  36.15  55.68 206.99   2.00   1.50   5.00   4.00   6.00
316  13   14 -24.16 -17.54  20.38  36.15  55.68 215.99   2.00   1.50   5.00   4.00   6.00
317  13   14 -21.11 -21.10  20.38  36.15  55.68 224.99   2.00   1.50   5.00   4.00   6.00
318  13   14 -17.55 -24.15  20.38  36.15  55.68 233.99   2.00   1.50   5.00   4.00   6.00
319  13   14 -13.56 -26.60  20.38  36.15  55.68 242.99   2.00   1.50   5.00   4.00   6.00
320  13   14  -9.23 -28.39  20.38  36.15  55.68 251.99   2.00   1.50   5.00   4.00   6.00
321  13   14  -4.68 -29.48  20.38  36.15  55.68 260.99   2.00   1.50   5.00   4.00   6.00
322  13   14  -0.01 -29.85  20.38  36.15  55.68 269.98   2.00   1.50   5.00   4.00   6.00
323  13   14   4.66 -29.49  20.38  36.15  55.68 278.98   2.00   1.50   5.00   4.00   6.00
324  13   14   9.22 -28.39  20.38  36.15  55.68 287.98   2.00   1.50   5.00   4.00   6.00
325  13   14  13.55 -26.60  20.38  36.15  55.68 296.98   2.00   1.50   5.00   4.00   6.00
326  13   14  17.54 -24.16  20.38  36.15  55.68 305.98   2.00   1.50   5.00   4.00   6.00
327  13   14  21.10 -21.12  20.38  36.15  55.68 314.98   2.00   1.50   5.00   4.00   6.00
328  13   14  24.15 -17.56  20.38  36.15  55.68 323.98   2.00   1.50   5.00   4.00   6.00
329  13   14  26.60 -13.56  20.38  36.15  55.68 332.98   2.00   1.50   5.00   4.00   6.00
330  13   14  28.39  -9.23  20.38  36.15  55.68 341.98   2.00   1.50   5.00   4.00   6.00
331  13   14  29.48  -4.68  20.38  36.15  55.68 350.98   2.00   1.50   5.00   4.00   6.00
332  14   14  30.52   0.00  18.55  35.72  58.71   0.00   2.00   1.50   5.00   4.00   6.00
333  14   14  30.16   4.66  18.55  35.72  58.71   8.78   2.00   1.50   5.00   4.00   6.00
334  14   14  29.10   9.21  18.55  35.72  58.71  17.56   2.00   1.50   5.00   4.00   6.00
335  14   14  27.35  13.54  18.55  35.72  58.71  26.34   2.00   1.50   5.00   4.00   6.00
336  14   14  24.96  17.56  18.55  35.72  58.71  35.12   2.00   1.50   5.00   4.00   6.00
337  14   14  21.99  21.16  18.55  35.72  58.71  43.90   2.00   1.50   5.00   4.00   6.00
338  14   14  18.50  24.27  18.55  35.72  58.71  52.68   2.00   1.50   5.00   4.00   6.00
339  14   14  14.58  26.81  18.55  35.72  58.71  61.46   2.00   1.50   5.00   4.00   6.00
340  14   14  10.32  28.72  18.55  35.72  58.71  70.24   2.00   1.50   5.00   4.00   6.00
341  14   14   5.81  29.96  18.55  35.72  58.71  79.02   2.00   1.50   5.00   4.00   6.00
342  14   14   1.17  30.50  18.55  35.72  58.71  87.80   2.00   1.50   5.00   4.00   6.00
343  14   14  -3.50  30.32  18.55  35.72  58.71  96.58   2.00   1.50   5.00   4.00   6.00
344  14   14  -8.09  29.43  18.55  35.72  58.71 105.37   2.00   1.50   5.00   4.00   6.00
345  14   14 -12.48  27.85  18.55  35.72  58.71 114.15   2.00   1.50   5.00   4.00   6.00
346  14   14 -16.59  25.62  18.55  35.72  58.71 122.93   2.00   1.50   5.00   4.00   6.00
347  14   14 -20.30  22.78  18.55  35.72  58.71 131.71   2.00   1.50   5.00   4.00   6.00
348  14   14 -23.54  19.42  18.55  35.72  58.71 140.49   2.00   1.50   5.00   4.00   6.00
349  14   14 -26.23  15.60  18.55  35.72  58.71 149.27   2.00   1.50   5.00   4.00   6.00
350  14   14 -28.31  11.41  18.55  35.72  58.71 158.05   2.00   1.50   5.00   4.00   6.00
351  14   14 -29.72   6.95  18.55  35.72  58.71 166.83   2.00   1.50   5.00   4.00   6.00
352  14   14 -30.43   2.34  18.55  35.72  58.71 175.61   2.00   1.50   5.00   4.00   6.00
353  14   14 -30.43  -2.34  18.55  35.72  58.71 184.39   2.00   1.50   5.00   4.00   6.00
354  14   14 -29.72  -6.95  18.55  35.72  58.71 193.17   2.00   1.50   5.00   4.00   6.00
355  14   14 -28.31 -11.41  18.55  35.72  58.71 201.95   2.00   1.50   5.00   4.00   6.00
356  14   14 -26.23 -15.60  18.55  35.72  58.71 210.73   2.00   1.50   5.00   4.00   6.00
357  14   14 -23.55 -19.42  18.55  35.72  58.71 219.51   2.00   1.50   5.00   4.00   6.00
358  14   14 -20.31 -22.78  18.55  35.72  58.71 228.29   2.00   1.50   5.00   4.00   6.00
359  14   14 -16.59 -25.62  18.55  35.72  58.71 237.07   2.00   1.50   5.00   4.00   6.00
360  14   14 -12.49 -27.85  18.55  35.72  58.71 245.85   2.00   1.50   5.00   4.00   6.00
361  14   14  -8.09 -29.43  18.55  35.72  58.71 254.63   2.00   1.50   5.00   4.00   6.00
362  14   14  -3.50 -30.32  18.55  35.72  58.71 263.41   2.00   1.50   5.00   4.00   6.00
363  14   14   1.17 -30.50  18.55  35.72  58.71 272.19   2.00   1.50   5.00   4.00   6.00
364  14   14   5.81 -29.96  18.55  35.72  58.71 280.97   2.00   1.50   5.00   4.00   6.00
365  14   14  10.31 -28.72  18.55  35.72  58.71 289.75   2.00   1.50   5.00   4.00   6.00
366  14   14  14.58 -26.81  18.55  35.72  58.71 298.53   2.00   1.50   5.00   4.00   6.00
367  14   14  18.50 -24.27  18.55  35.72  58.71 307.31   2.00   1.50   5.00   4.00   6.00
368  14   14  21.99 -21.16  18.55  35.72  58.71 316.10   2.00   1.50   5.00   4.00   6.00
369  14   14  24.96 -17.56  18.55  35.72  58.71 324.88   2.00   1.50   5.00   4.00   6.00
370  14   14  27.35 -13.54  18.55  35.72  58.71 333.66   2.00   1.50   5.00   4.00   6.00
371  14   14  29.10  -9.21  18.55  35.72  58.71 342.44   2.00   1.50   5.00   4.00   6.00
372  14   14  30.16  -4.66  18.55  35.72  58.71 351.22   2.00   1.50   5.00   4.00   6.00
373  15   14  31.19   0.00  16.76  35.41  61.75   0.00   2.00   1.50   5.00   4.00   6.00
374  15   14  30.84   4.65  16.76  35.41  61.75   8.57   2.00   1.50   5.00   4.00   6.00
375  15   14  29.81   9.19  16.76  35.41  61.75  17.14   2.00   1.50   5.00   4.00   6.00
376  15   14  28.10  13.53  16.76  35.41  61.75  25.71   2.00   1.50   5.00   4.00   6.00
377  15   14  25.77  17.57  16.76  35.41  61.75  34.29   2.00   1.50   5.00   4.00   6.00
378  15   14  22.86  21.22  16.76  35.41  61.75  42.86   2.00   1.50   5.00   4.00   6.00
379  15   14  19.45  24.39  16.76  35.41  61.75  51.43   2.00   1.50   5.00   4.00   6.00
380  15   14  15.60  27.01  16.76  35.41  61.75  60.00   2.00   1.50   5.00   4.00   6.00
381  15   14  11.40  29.03  16.76  35.41  61.75  68.57   2.00   1.50   5.00   4.00   6.00
382  15   14   6.94  30.41  16.76  35.41  61.75  77.14   2.00   1.50   5.00   4.00   6.00
383  15   14   2.33  31.10  16.76  35.41  61.75  85.71   2.00   1.50   5.00   4.00   6.00
384  15   14  -2.33  31.10  16.76  35.41  61.75  94.29   2.00   1.50   5.00   4.00   6.00
385  15   14  -6.94  30.41  16.76  35.41  61.75 102.86   2.00   1.50   5.00   4.00   6.00
386  15   14 -11.40  29.03  16.76  35.41  61.75 111.43   2.00   1.50   5.00   4.00   6.00
387  15   14 -15.60  27.01  16.76  35.41  61.75 120.00   2.00   1.50   5.00   4.00   6.00
388  15   14 -19.45  24.39  16.76  35.41  61.75 128.57   2.00   1.50   5.00   4.00   6.00
389  15   14 -22.86  21.22  16.76  35.41  61.75 137.14   2.00   1.50   5.00   4.00   6.00
390  15   14 -25.77  17.57  16.76  35.41  61.75 145.71   2.00   1.50   5.00   4.00   6.00
391  15   14 -28.10  13.53  16.76  35.41  61.75 154.29   2.00   1.50   5.00   4.00   6.00
392  15   14 -29.81   9.19  16.76  35.41  61.75 162.86   2.00   1.50   5.00   4.00   6.00
393  15   14 -30.84   4.65  16.76  35.41  61.75 171.43   2.00   1.50   5.00   4.00   6.00
394  15   14 -31.19   0.00  16.76  35.41  61.75 180.00   2.00   1.50   5.00   4.00   6.00
395  15   14 -30.84  -4.65  16.76  35.41  61.75 188.57   2.00   1.50   5.00   4.00   6.00
396  15   14 -29.81  -9.19  16.76  35.41  61.75 197.14   2.00   1.50   5.00   4.00   6.00
397  15   14 -28.10 -13.53  16.76  35.41  61.75 205.71   2.00   1.50   5.00   4.00   6.00
398  15   14 -25.77 -17.57  16.76  35.41  61.75 214.29   2.00   1.50   5.00   4.00   6.00
399  15   14 -22.86 -21.21  16.76  35.41  61.75 222.86   2.00   1.50   5.00   4.00   6.00
400  15   14 -19.45 -24.39  16.76  35.41  61.75 231.43   2.00   1.50   5.00   4.00   6.00
401  15   14 -15.60 -27.01  16.76  35.41  61.75 240.00   2.00   1.50   5.00   4.00   6.00
402  15   14 -11.40 -29.03  16.76  35.41  61.75 248.57   2.00   1.50   5.00   4.00   6.00
403  15   14  -6.94 -30.41  16.76  35.41  61.75 257.14   2.00   1.50   5.00   4.00   6.00
404  15   14  -2.33 -31.10  16.76  35.41  61.75 265.71   2.00   1.50   5.00   4.00   6.00
405  15   14   2.33 -31.10  16.76  35.41  61.75 274.29   2.00   1.50   5.00   4.00   6.00
406  15   14   6.94 -30.41  16.76  35.41  61.75 282.86   2.00   1.50   5.00   4.00   6.00
407  15   14  11.39 -29.03  16.76  35.41  61.75 291.43   2.00   1.50   5.00   4.00   6.00
408  15   14  15.60 -27.01  16.76  35.41  61.75 300.00   2.00   1.50   5.00   4.00   6.00
409  15   14  19.45 -24.39  16.76  35.41  61.75 308.57   2.00   1.50   5.00   4.00   6.00
410  15   14  22.86 -21.22  16.76  35.41  61.75 317.14   2.00   1.50   5.00   4.00   6.00
411  15   14  25.77 -17.57  16.76  35.41  61.75 325.71   2.00   1.50   5.00   4.00   6.00
412  15   14  28.10 -13.53  16.76  35.41  61.75 334.28   2.00   1.50   5.00   4.00   6.00
413  15   14  29.80  -9.19  16.76  35.41  61.75 342.86   2.00   1.50   5.00   4.00   6.00
414  15   14  30.84  -4.65  16.76  35.41  61.75 351.43   2.00   1.50   5.00   4.00   6.00
415  16   14  31.07   0.00  14.59  34.33  64.85   0.00   2.00   1.50   5.00   4.00   6.00
416  16   14  30.72   4.63  14.59  34.33  64.85   8.57   2.00   1.50   5.00   4.00   6.00
417  16   14  29.69   9.16  14.59  34.33  64.85  17.14   2.00   1.50   5.00   4.00   6.00
418  16   14  27.99  13.48  14.59  34.33  64.85  25.71   2.00   1.50   5.00   4.00   6.00
419  16   14  25.67  17.50  14.59  34.33  64.85  34.28   2.00   1.50   5.00   4.00   6.00
420  16   14  22.78  21.13  14.59  34.33  64.85  42.85   2.00   1.50   5.00   4.00   6.00
421  16   14  19.37  24.29  14.59  34.33  64.85  51.43   2.00   1.50   5.00   4.00   6.00
422  16   14  15.54  26.91  14.59  34.33  64.85  60.00   2.00   1.50   5.00   4.00   6.00
423  16   14  11.35  28.92  14.59  34.33  64.85  68.57   2.00   1.50   5.00   4.00   6.00
424  16   14   6.92  30.29  14.59  34.33  64.85  77.14   2.00   1.50   5.00   4.00   6.00
425  16   14   2.32  30.98  14.59  34.33  64.85  85.71   2.00   1.50   5.00   4.00   6.00
426  16   14  -2.32  30.98  14.59  34.33  64.85  94.28   2.00   1.50   5.00   4.00   6.00
427  16   14  -6.91  30.29  14.59  34.33  64.85 102.85   2.00   1.50   5.00   4.00   6.00
428  16   14 -11.35  28.92  14.59  34.33  64.85 111.42   2.00   1.50   5.00   4.00   6.00
429  16   14 -15.53  26.91  14.59  34.33  64.85 119.99   2.00   1.50   5.00   4.00   6.00
430  16   14 -19.37  24.29  14.59  34.33  64.85 128.56   2.00   1.50   5.00   4.00   6.00
431  16   14 -22.77  21.14  14.59  34.33  64.85 137.14   2.00   1.50   5.00   4.00   6.00
432  16   14 -25.67  17.51  14.59  34.33  64.85 145.71   2.00   1.50   5.00   4.00   6.00
433  16   14 -27.99  13.49  14.59  34.33  64.85 154.28   2.00   1.50   5.00   4.00   6.00
434  16   14 -29.69   9.16  14.59  34.33  64.85 162.85   2.00   1.50   5.00   4.00   6.00
435  16   14 -30.72   4.64  14.59  34.33  64.85 171.42   2.00   1.50   5.00   4.00   6.00
436  16   14 -31.07   0.01  14.59  34.33  64.85 179.99   2.00   1.50   5.00   4.00   6.00
437  16   14 -30.73  -4.63  14.59  34.33  64.85 188.56   2.00   1.50   5.00   4.00   6.00
438  16   14 -29.69  -9.15  14.59  34.33  64.85 197.13   2.00   1.50   5.00   4.00   6.00
439  16   14 -28.00 -13.48  14.59  34.33  64.85 205.70   2.00   1.50   5.00   4.00   6.00
440  16   14 -25.68 -17.50  14.59  34.33  64.85 214.27   2.00   1.50   5.00   4.00   6.00
441  16   14 -22.78 -21.13  14.59  34.33  64.85 222.85   2.00   1.50   5.00   4.00   6.00
442  16   14 -19.38 -24.29  14.59  34.33  64.85 231.42   2.00   1.50   5.00   4.00   6.00
443  16   14 -15.54 -26.91  14.59  34.33  64.85 239.99   2.00   1.50   5.00   4.00   6.00
444  16   14 -11.36 -28.92  14.59  34.33  64.85 248.56   2.00   1.50   5.00   4.00   6.00
445  16   14  -6.92 -30.29  14.59  34.33  64.85 257.13   2.00   1.50   5.00   4.00   6.00
446  16   14  -2.33 -30.98  14.59  34.33  64.85 265.70   2.00   1.50   5.00   4.00   6.00
447  16   14   2.31 -30.99  14.59  34.33  64.85 274.27   2.00   1.50   5.00   4.00   6.00
448  16   14   6.91 -30.29  14.59  34.33  64.85 282.84   2.00   1.50   5.00   4.00   6.00
449  16   14  11.34 -28.93  14.59  34.33  64.85 291.41   2.00   1.50   5.00   4.00   6.00
450  16   14  15.53 -26.91  14.59  34.33  64.85 299.98   2.00   1.50   5.00   4.00   6.00
451  16   14  19.37 -24.30  14.59  34.33  64.85 308.56   2.00   1.50   5.00   4.00   6.00
452  16   14  22.77 -21.14  14.59  34.33  64.85 317.13   2.00   1.50   5.00   4.00   6.00
453  16   14  25.67 -17.51  14.59  34.33  64.85 325.70   2.00   1.50   5.00   4.00   6.00
454  16   14  27.99 -13.49  14.59  34.33  64.85 334.27   2.00   1.50   5.00   4.00   6.00
455  16   14  29.69  -9.17  14.59  34.33  64.85 342.84   2.00   1.50   5.00   4.00   6.00
456  16   14  30.72  -4.64  14.59  34.33  64.85 351.41   2.00   1.50   5.00   4.00   6.00
457  17   14  31.01   0.00  12.51  33.44  68.02   0.00   2.00   1.50   5.00   4.00   6.00
458  17   14  30.66   4.61  12.51  33.44  68.02   8.56   2.00   1.50   5.00   4.00   6.00
459  17   14  29.64   9.13  12.51  33.44  68.02  17.11   2.00   1.50   5.00   4.00   6.00
460  17   14  27.95  13.43  12.51  33.44  68.02  25.67   2.00   1.50   5.00   4.00   6.00
461  17   14  25.64  17.44  12.51  33.44  68.02  34.23   2.00   1.50   5.00   4.00   6.00
462  17   14  22.76  21.06  12.51  33.44  68.02  42.78   2.00   1.50   5.00   4.00   6.00
463  17   14  19.37  24.21  12.51  33.44  68.02  51.34   2.00   1.50   5.00   4.00   6.00
464  17   14  15.55  26.83  12.51  33.44  68.02  59.90   2.00   1.50   5.00   4.00   6.00
465  17   14  11.39  28.84  12.51  33.44  68.02  68.46   2.00   1.50   5.00   4.00   6.00
466  17   14   6.97  30.22  12.51  33.44  68.02  77.01   2.00   1.50   5.00   4.00   6.00
467  17   14   2.40  30.92  12.51  33.44  68.02  85.57   2.00   1.50   5.00   4.00   6.00
468  17   14  -2.23  30.93  12.51  33.44  68.02  94.13   2.00   1.50   5.00   4.00   6.00
469  17   14  -6.81  30.25  12.51  33.44  68.02 102.68   2.00   1.50   5.00   4.00   6.00
470  17   14 -11.23  28.90  12.51  33.44  68.02 111.24   2.00   1.50   5.00   4.00   6.00
471  17   14 -15.41  26.91  12.51  33.44  68.02 119.80   2.00   1.50   5.00   4.00   6.00
472  17   14 -19.24  24.32  12.51  33.44  68.02 128.35   2.00   1.50   5.00   4.00   6.00
473  17   14 -22.65  21.18  12.51  33.44  68.02 136.91   2.00   1.50   5.00   4.00   6.00
474  17   14 -25.55  17.58  12.51  33.44  68.02 145.47   2.00   1.50   5.00   4.00   6.00
475  17   14 -27.88  13.58  12.51  33.44  68.02 154.03   2.00   1.50   5.00   4.00   6.00
476  17   14 -29.59   9.28  12.51  33.44  68.02 162.58   2.00   1.50   5.00   4.00   6.00
477  17   14 -30.64   4.78  12.51  33.44  68.02 171.14   2.00   1.50   5.00   4.00   6.00
478  17   14 -31.01   0.16  12.51  33.44  68.02 179.70   2.00   1.50   5.00   4.00   6.00
479  17   14 -30.69  -4.45  12.51  33.44  68.02 188.25   2.00   1.50   5.00   4.00   6.00
480  17   14 -29.68  -8.97  12.51  33.44  68.02 196.81   2.00   1.50   5.00   4.00   6.00
481  17   14 -28.02 -13.28  12.51  33.44  68.02 205.37   2.00   1.50   5.00   4.00   6.00
482  17   14 -25.73 -17.31  12.51  33.44  68.02 213.92   2.00   1.50   5.00   4.00   6.00
483  17   14 -22.87 -20.94  12.51  33.44  68.02 222.48   2.00   1.50   5.00   4.00   6.00
484  17   14 -19.50 -24.11  12.51  33.44  68.02 231.04   2.00   1.50   5.00   4.00   6.00
485  17   14 -15.69 -26.74  12.51  33.44  68.02 239.59   2.00   1.50   5.00   4.00   6.00
486  17   14 -11.54 -28.78  12.51  33.44  68.02 248.15   2.00   1.50   5.00   4.00   6.00
487  17   14  -7.13 -30.18  12.51  33.44  68.02 256.71   2.00   1.50   5.00   4.00   6.00
488  17   14  -2.56 -30.90  12.51  33.44  68.02 265.27   2.00   1.50   5.00   4.00   6.00
489  17   14   2.07 -30.94  12.51  33.44  68.02 273.82   2.00   1.50   5.00   4.00   6.00
490  17   14   6.65 -30.29  12.51  33.44  68.02 282.38   2.00   1.50   5.00   4.00   6.00
491  17   14  11.08 -28.96  12.51  33.44  68.02 290.94   2.00   1.50   5.00   4.00   6.00
492  17   14  15.27 -26.99  12.51  33.44  68.02 299.49   2.00   1.50   5.00   4.00   6.00
493  17   14  19.11 -24.42  12.51  33.44  68.02 308.05   2.00   1.50   5.00   4.00   6.00
494  17   14  22.53 -21.30  12.51  33.44  68.02 316.61   2.00   1.50   5.00   4.00   6.00
495  17   14  25.45 -17.71  12.51  33.44  68.02 325.16   2.00   1.50   5.00   4.00   6.00
496  17   14  27.80 -13.73  12.51  33.44  68.02 333.72   2.00   1.50   5.00   4.00   6.00
497  17   14  29.54  -9.44  12.51  33.44  68.02 342.28   2.00   1.50   5.00   4.00   6.00
498  17   14  30.61  -4.94  12.51  33.44  68.02 350.84   2.00   1.50   5.00   4.00   6.00
499  18   14  30.93   0.00  10.49  32.66  71.26   0.00   2.00   1.50   5.00   4.00   6.00
500  18   14  30.58   4.60  10.49  32.66  71.26   8.55   2.00   1.50   5.00   4.00   6.00
501  18   14  29.56   9.09  10.49  32.66  71.26  17.10   2.00   1.50   5.00   4.00   6.00
502  18   14  27.88  13.39  10.49  32.66  71.26  25.65   2.00   1.50   5.00   4.00   6.00
503  18   14  25.58  17.38  10.49  32.66  71.26  34.20   2.00   1.50   5.00   4.00   6.00
504  18   14  22.71  20.99  10.49  32.66  71.26  42.75   2.00   1.50   5.00   4.00   6.00
505  18   14  19.34  24.14  10.49  32.66  71.26  51.29   2.00   1.50   5.00   4.00   6.00
506  18   14  15.54  26.74  10.49  32.66  71.26  59.84   2.00   1.50   5.00   4.00   6.00
507  18   14  11.39  28.75  10.49  32.66  71.26  68.39   2.00   1.50   5.00   4.00   6.00
508  18   14   6.99  30.13  10.49  32.66  71.26  76.94   2.00   1.50   5.00   4.00   6.00
509  18   14   2.43  30.83  10.49  32.66  71.26  85.49   2.00   1.50   5.00   4.00   6.00
510  18   14  -2.18  30.85  10.49  32.66  71.26  94.04   2.00   1.50   5.00   4.00   6.00
511  18   14  -6.74  30.18  10.49  32.66  71.26 102.59   2.00   1.50   5.00   4.00   6.00
512  18   14 -11.15  28.85  10.49  32.66  71.26 111.14   2.00   1.50   5.00   4.00   6.00
513  18   14 -15.32  26.87  10.49  32.66  71.26 119.69   2.00   1.50   5.00   4.00   6.00
514  18   14 -19.14  24.29  10.49  32.66  71.26 128.24   2.00   1.50   5.00   4.00   6.00
515  18   14 -22.54  21.18  10.49  32.66  71.26 136.78   2.00   1.50   5.00   4.00   6.00
516  18   14 -25.44  17.59  10.49  32.66  71.26 145.33   2.00   1.50   5.00   4.00   6.00
517  18   14 -27.77  13.62  10.49  32.66  71.26 153.88   2.00   1.50   5.00   4.00   6.00
518  18   14 -29.49   9.34  10.49  32.66  71.26 162.43   2.00   1.50   5.00   4.00   6.00
519  18   14 -30.55   4.85  10.49  32.66  71.26 170.98   2.00   1.50   5.00   4.00   6.00
520  18   14 -30.93   0.25  10.49  32.66  71.26 179.53   2.00   1.50   5.00   4.00   6.00
521  18   14 -30.62  -4.35  10.49  32.66  71.26 188.08   2.00   1.50   5.00   4.00   6.00
522  18   14 -29.64  -8.85  10.49  32.66  71.26 196.63   2.00   1.50   5.00   4.00   6.00
523  18   14 -27.99 -13.16  10.49  32.66  71.26 205.18   2.00   1.50   5.00   4.00   6.00
524  18   14 -25.72 -17.17  10.49  32.66  71.26 213.73   2.00   1.50   5.00   4.00   6.00
525  18   14 -22.88 -20.80  10.49  32.66  71.26 222.27   2.00   1.50   5.00   4.00   6.00
526  18   14 -19.54 -23.98  10.49  32.66  71.26 230.82   2.00   1.50   5.00   4.00   6.00
527  18   14 -15.76 -26.61  10.49  32.66  71.26 239.37   2.00   1.50   5.00   4.00   6.00
528  18   14 -11.63 -28.66  10.49  32.66  71.26 247.92   2.00   1.50   5.00   4.00   6.00
529  18   14  -7.24 -30.07  10.49  32.66  71.26 256.47   2.00   1.50   5.00   4.00   6.00
530  18   14  -2.69 -30.81  10.49  32.66  71.26 265.02   2.00   1.50   5.00   4.00   6.00
531  18   14   1.92 -30.87  10.49  32.66  71.26 273.57   2.00   1.50   5.00   4.00   6.00
532  18   14   6.49 -30.24  10.49  32.66  71.26 282.12   2.00   1.50   5.00   4.00   6.00
533  18   14  10.92 -28.94  10.49  32.66  71.26 290.67   2.00   1.50   5.00   4.00   6.00
534  18   14  15.10 -26.99  10.49  32.66  71.26 299.22   2.00   1.50   5.00   4.00   6.00
535  18   14  18.94 -24.45  10.49  32.66  71.26 307.76   2.00   1.50   5.00   4.00   6.00
536  18   14  22.37 -21.36  10.49  32.66  71.26 316.31   2.00   1.50   5.00   4.00   6.00
537  18   14  25.29 -17.80  10.49  32.66  71.26 324.86   2.00   1.50   5.00   4.00   6.00
538  18   14  27.66 -13.84  10.49  32.66  71.26 333.41   2.00   1.50   5.00   4.00   6.00
539  18   14  29.41  -9.58  10.49  32.66  71.26 341.96   2.00   1.50   5.00   4.00   6.00
540  18   14  30.50  -5.10  10.49  32.66  71.26 350.51   2.00   1.50   5.00   4.00   6.00
541  19   14  30.74   0.00   8.49  31.89  74.56   0.00   2.00   1.50   5.00   4.00   6.00
542  19   14  30.40   4.58   8.49  31.89  74.56   8.57   2.00   1.50   5.00   4.00   6.00
543  19   14  29.37   9.06   8.49  31.89  74.56  17.14   2.00   1.50   5.00   4.00   6.00
544  19   14  27.70  13.34   8.49  31.89  74.56  25.71   2.00   1.50   5.00   4.00   6.00
545  19   14  25.40  17.31   8.49  31.89  74.56  34.28   2.00   1.50   5.00   4.00   6.00
546  19   14  22.53  20.91   8.49  31.89  74.56  42.85   2.00   1.50   5.00   4.00   6.00
547  19   14  19.17  24.03   8.49  31.89  74.56  51.42   2.00   1.50   5.00   4.00   6.00
548  19   14  15.37  26.62   8.49  31.89  74.56  59.99   2.00   1.50   5.00   4.00   6.00
549  19   14  11.23  28.61   8.49  31.89  74.56  68.56   2.00   1.50   5.00   4.00   6.00
550  19   14   6.84  29.97   8.49  31.89  74.56  77.13   2.00   1.50   5.00   4.00   6.00
551  19   14   2.30  30.65   8.49  31.89  74.56  85.70   2.00   1.50   5.00   4.00   6.00
552  19   14  -2.29  30.65   8.49  31.89  74.56  94.27   2.00   1.50   5.00   4.00   6.00
553  19   14  -6.83  29.97   8.49  31.89  74.56 102.84   2.00   1.50   5.00   4.00   6.00
554  19   14 -11.22  28.62   8.49  31.89  74.56 111.42   2.00   1.50   5.00   4.00   6.00
555  19   14 -15.36  26.62   8.49  31.89  74.56 119.99   2.00   1.50   5.00   4.00   6.00
556  19   14 -19.16  24.04   8.49  31.89  74.56 128.56   2.00   1.50   5.00   4.00   6.00
557  19   14 -22.53  20.91   8.49  31.89  74.56 137.13   2.00   1.50   5.00   4.00   6.00
558  19   14 -25.39  17.32   8.49  31.89  74.56 145.70   2.00   1.50   5.00   4.00   6.00
559  19   14 -27.69  13.35   8.49  31.89  74.56 154.27   2.00   1.50   5.00   4.00   6.00
560  19   14 -29.37   9.07   8.49  31.89  74.56 162.84   2.00   1.50   5.00   4.00   6.00
561  19   14 -30.39   4.59   8.49  31.89  74.56 171.41   2.00   1.50   5.00   4.00   6.00
562  19   14 -30.74   0.01   8.49  31.89  74.56 179.98   2.00   1.50   5.00   4.00   6.00
563  19   14 -30.40  -4.57   8.49  31.89  74.56 188.55   2.00   1.50   5.00   4.00   6.00
564  19   14 -29.38  -9.05   8.49  31.89  74.56 197.12   2.00   1.50   5.00   4.00   6.00
565  19   14 -27.70 -13.33   8.49  31.89  74.56 205.69   2.00   1.50   5.00   4.00   6.00
566  19   14 -25.41 -17.30   8.49  31.89  74.56 214.26   2.00   1.50   5.00   4.00   6.00
567  19   14 -22.54 -20.90   8.49  31.89  74.56 222.83   2.00   1.50   5.00   4.00   6.00
568  19   14 -19.18 -24.02   8.49  31.89  74.56 231.40   2.00   1.50   5.00   4.00   6.00
569  19   14 -15.38 -26.61   8.49  31.89  74.56 239.97   2.00   1.50   5.00   4.00   6.00
570  19   14 -11.24 -28.61   8.49  31.89  74.56 248.54   2.00   1.50   5.00   4.00   6.00
571  19   14  -6.86 -29.96   8.49  31.89  74.56 257.11   2.00   1.50   5.00   4.00   6.00
572  19   14  -2.31 -30.65   8.49  31.89  74.56 265.68   2.00   1.50   5.00   4.00   6.00
573  19   14   2.28 -30.65   8.49  31.89  74.56 274.25   2.00   1.50   5.00   4.00   6.00
574  19   14   6.82 -29.97   8.49  31.89  74.56 282.82   2.00   1.50   5.00   4.00   6.00
575  19   14  11.21 -28.62   8.49  31.89  74.56 291.39   2.00   1.50   5.00   4.00   6.00
576  19   14  15.35 -26.63   8.49  31.89  74.56 299.96   2.00   1.50   5.00   4.00   6.00
577  19   14  19.15 -24.04   8.49  31.89  74.56 308.53   2.00   1.50   5.00   4.00   6.00
578  19   14  22.52 -20.92   8.49  31.89  74.56 317.10   2.00   1.50   5.00   4.00   6.00
579  19   14  25.39 -17.33   8.49  31.89  74.56 325.68   2.00   1.50   5.00   4.00   6.00
580  19   14  27.69 -13.36   8.49  31.89  74.56 334.25   2.00   1.50   5.00   4.00   6.00
581  19   14  29.37  -9.08   8.49  31.89  74.56 342.82   2.00   1.50   5.00   4.00   6.00
582  19   14  30.39  -4.60   8.49  31.89  74.56 351.39   2.00   1.50   5.00   4.00   6.00
583  20   14  30.64   0.00   6.56  31.33  77.92   0.00   2.00   1.50   5.00   4.00   6.00
584  20   14  30.30   4.57   6.56  31.33  77.92   8.57   2.00   1.50   5.00   4.00   6.00
585  20   14  29.28   9.03   6.56  31.33  77.92  17.14   2.00   1.50   5.00   4.00   6.00
586  20   14  27.60  13.29   6.56  31.33  77.92  25.71   2.00   1.50   5.00   4.00   6.00
587  20   14  25.32  17.26   6.56  31.33  77.92  34.28   2.00   1.50   5.00   4.00   6.00
588  20   14  22.46  20.84   6.56  31.33  77.92  42.85   2.00   1.50   5.00   4.00   6.00
589  20   14  19.10  23.95   6.56  31.33  77.92  51.43   2.00   1.50   5.00   4.00   6.00
590  20   14  15.32  26.53   6.56  31.33  77.92  60.00   2.00   1.50   5.00   4.00   6.00
591  20   14  11.20  28.52   6.56  31.33  77.92  68.57   2.00   1.50   5.00   4.00   6.00
592  20   14   6.82  29.87   6.56  31.33  77.92  77.14   2.00   1.50   5.00   4.00   6.00
593  20   14   2.29  30.55   6.56  31.33  77.92  85.71   2.00   1.50   5.00   4.00   6.00
594  20   14  -2.29  30.55   6.56  31.33  77.92  94.28   2.00   1.50   5.00   4.00   6.00
595  20   14  -6.81  29.87   6.56  31.33  77.92 102.85   2.00   1.50   5.00   4.00   6.00
596  20   14 -11.19  28.52   6.56  31.33  77.92 111.42   2.00   1.50   5.00   4.00   6.00
597  20   14 -15.32  26.54   6.56  31.33  77.92 119.99   2.00   1.50   5.00   4.00   6.00
598  20   14 -19.10  23.96   6.56  31.33  77.92 128.56   2.00   1.50   5.00   4.00   6.00
599  20   14 -22.46  20.84   6.56  31.33  77.92 137.13   2.00   1.50   5.00   4.00   6.00
600  20   14 -25.31  17.26   6.56  31.33  77.92 145.70   2.00   1.50   5.00   4.00   6.00
601  20   14 -27.60  13.30   6.56  31.33  77.92 154.28   2.00   1.50   5.00   4.00   6.00
602  20   14 -29.28   9.04   6.56  31.33  77.92 162.85   2.00   1.50   5.00   4.00   6.00
603  20   14 -30.30   4.57   6.56  31.33  77.92 171.42   2.00   1.50   5.00   4.00   6.00
604  20   14 -30.64   0.01   6.56  31.33  77.92 179.99   2.00   1.50   5.00   4.00   6.00
605  20   14 -30.30  -4.56   6.56  31.33  77.92 188.56   2.00   1.50   5.00   4.00   6.00
606  20   14 -29.28  -9.02   6.56  31.33  77.92 197.13   2.00   1.50   5.00   4.00   6.00
607  20   14 -27.61 -13.29   6.56  31.33  77.92 205.70   2.00   1.50   5.00   4.00   6.00
608  20   14 -25.32 -17.25   6.56  31.33  77.92 214.27   2.00   1.50   5.00   4.00   6.00
609  20   14 -22.46 -20.83   6.56  31.33  77.92 222.84   2.00   1.50   5.00   4.00   6.00
610  20   14 -19.11 -23.95   6.56  31.33  77.92 231.41   2.00   1.50   5.00   4.00   6.00
611  20   14 -15.33 -26.53   6.56  31.33  77.92 239.98   2.00   1.50   5.00   4.00   6.00
612  20   14 -11.20 -28.52   6.56  31.33  77.92 248.55   2.00   1.50   5.00   4.00   6.00
613  20   14  -6.83 -29.87   6.56  31.33  77.92 257.13   2.00   1.50   5.00   4.00   6.00
614  20   14  -2.30 -30.55   6.56  31.33  77.92 265.70   2.00   1.50   5.00   4.00   6.00
615  20   14   2.28 -30.55   6.56  31.33  77.92 274.27   2.00   1.50   5.00   4.00   6.00
616  20   14   6.81 -29.87   6.56  31.33  77.92 282.84   2.00   1.50   5.00   4.00   6.00
617  20   14  11.18 -28.52   6.56  31.33  77.92 291.41   2.00   1.50   5.00   4.00   6.00
618  20   14  15.31 -26.54   6.56  31.33  77.92 299.98   2.00   1.50   5.00   4.00   6.00
619  20   14  19.09 -23.96   6.56  31.33  77.92 308.55   2.00   1.50   5.00   4.00   6.00
620  20   14  22.45 -20.85   6.56  31.33  77.92 317.12   2.00   1.50   5.00   4.00   6.00
621  20   14  25.31 -17.27   6.56  31.33  77.92 325.69   2.00   1.50   5.00   4.00   6.00
622  20   14  27.60 -13.30   6.56  31.33  77.92 334.26   2.00   1.50   5.00   4.00   6.00
623  20   14  29.27  -9.04   6.56  31.33  77.92 342.83   2.00   1.50   5.00   4.00   6.00
624  20   14  30.29  -4.58   6.56  31.33  77.92 351.40   2.00   1.50   5.00   4.00   6.00
625  21   14  29.75   0.00   4.52  30.09  81.36   0.00   2.00   1.50   5.00   4.00   6.00
626  21   14  29.40   4.54   4.52  30.09  81.36   8.78   2.00   1.50   5.00   4.00   6.00
627  21   14  28.37   8.98   4.52  30.09  81.36  17.56   2.00   1.50   5.00   4.00   6.00
628  21   14  26.66  13.20   4.52  30.09  81.36  26.34   2.00   1.50   5.00   4.00   6.00
629  21   14  24.34  17.11   4.52  30.09  81.36  35.12   2.00   1.50   5.00   4.00   6.00
630  21   14  21.44  20.63   4.52  30.09  81.36  43.90   2.00   1.50   5.00   4.00   6.00
631  21   14  18.04  23.66   4.52  30.09  81.36  52.67   2.00   1.50   5.00   4.00   6.00
632  21   14  14.22  26.14   4.52  30.09  81.36  61.45   2.00   1.50   5.00   4.00   6.00
633  21   14  10.06  28.00   4.52  30.09  81.36  70.23   2.00   1.50   5.00   4.00   6.00
634  21   14   5.67  29.21   4.52  30.09  81.36  79.01   2.00   1.50   5.00   4.00   6.00
635  21   14   1.15  29.73   4.52  30.09  81.36  87.79   2.00   1.50   5.00   4.00   6.00
636  21   14  -3.40  29.56   4.52  30.09  81.36  96.57   2.00   1.50   5.00   4.00   6.00
637  21   14  -7.88  28.69   4.52  30.09  81.36 105.35   2.00   1.50   5.00   4.00   6.00
638  21   14 -12.16  27.15   4.52  30.09  81.36 114.13   2.00   1.50   5.00   4.00   6.00
639  21   14 -16.16  24.98   4.52  30.09  81.36 122.91   2.00   1.50   5.00   4.00   6.00
640  21   14 -19.79  22.22   4.52  30.09  81.36 131.69   2.00   1.50   5.00   4.00   6.00
641  21   14 -22.95  18.94   4.52  30.09  81.36 140.47   2.00   1.50   5.00   4.00   6.00
642  21   14 -25.57  15.21   4.52  30.09  81.36 149.25   2.00   1.50   5.00   4.00   6.00
643  21   14 -27.59  11.13   4.52  30.09  81.36 158.02   2.00   1.50   5.00   4.00   6.00
644  21   14 -28.97   6.79   4.52  30.09  81.36 166.80   2.00   1.50   5.00   4.00   6.00
645  21   14 -29.66   2.29   4.52  30.09  81.36 175.58   2.00   1.50   5.00   4.00   6.00
646  21   14 -29.67  -2.26   4.52  30.09  81.36 184.36   2.00   1.50   5.00   4.00   6.00
647  21   14 -28.97  -6.76   4.52  30.09  81.36 193.14   2.00   1.50   5.00   4.00   6.00
648  21   14 -27.60 -11.11   4.52  30.09  81.36 201.92   2.00   1.50   5.00   4.00   6.00
649  21   14 -25.58 -15.19   4.52  30.09  81.36 210.70   2.00   1.50   5.00   4.00   6.00
650  21   14 -22.96 -18.92   4.52  30.09  81.36 219.48   2.00   1.50   5.00   4.00   6.00
651  21   14 -19.81 -22.20   4.52  30.09  81.36 228.26   2.00   1.50   5.00   4.00   6.00
652  21   14 -16.19 -24.96   4.52  30.09  81.36 237.04   2.00   1.50   5.00   4.00   6.00
653  21   14 -12.19 -27.14   4.52  30.09  81.36 245.82   2.00   1.50   5.00   4.00   6.00
654  21   14  -7.90 -28.68   4.52  30.09  81.36 254.59   2.00   1.50   5.00   4.00   6.00
655  21   14  -3.43 -29.55   4.52  30.09  81.36 263.37   2.00   1.50   5.00   4.00   6.00
656  21   14   1.12 -29.73   4.52  30.09  81.36 272.15   2.00   1.50   5.00   4.00   6.00
657  21   14   5.64 -29.21   4.52  30.09  81.36 280.93   2.00   1.50   5.00   4.00   6.00
658  21   14  10.03 -28.01   4.52  30.09  81.36 289.71   2.00   1.50   5.00   4.00   6.00
659  21   14  14.19 -26.15   4.52  30.09  81.36 298.49   2.00   1.50   5.00   4.00   6.00
660  21   14  18.02 -23.68   4.52  30.09  81.36 307.27   2.00   1.50   5.00   4.00   6.00
661  21   14  21.42 -20.65   4.52  30.09  81.36 316.05   2.00   1.50   5.00   4.00   6.00
662  21   14  24.32 -17.14   4.52  30.09  81.36 324.83   2.00   1.50   5.00   4.00   6.00
663  21   14  26.65 -13.23   4.52  30.09  81.36 333.61   2.00   1.50   5.00   4.00   6.00
664  21   14  28.36  -9.00   4.52  30.09  81.36 342.39   2.00   1.50   5.00   4.00   6.00
665  21   14  29.40  -4.57   4.52  30.09  81.36 351.17   2.00   1.50   5.00   4.00   6.00
666  22   14  28.87   0.00   2.57  28.98  84.91   0.00   2.00   1.50   5.00   4.00   6.00
667  22   14  28.52   4.52   2.57  28.98  84.91   9.00   2.00   1.50   5.00   4.00   6.00
668  22   14  27.46   8.92   2.57  28.98  84.91  18.00   2.00   1.50   5.00   4.00   6.00
669  22   14  25.72  13.11   2.57  28.98  84.91  27.00   2.00   1.50   5.00   4.00   6.00
670  22   14  23.36  16.97   2.57  28.98  84.91  36.00   2.00   1.50   5.00   4.00   6.00
671  22   14  20.42  20.41   2.57  28.98  84.91  44.99   2.00   1.50   5.00   4.00   6.00
672  22   14  16.97  23.35   2.57  28.98  84.91  53.99   2.00   1.50   5.00   4.00   6.00
673  22   14  13.11  25.72   2.57  28.98  84.91  62.99   2.00   1.50   5.00   4.00   6.00
674  22   14   8.93  27.46   2.57  28.98  84.91  71.99   2.00   1.50   5.00   4.00   6.00
675  22   14   4.52  28.51   2.57  28.98  84.91  80.99   2.00   1.50   5.00   4.00   6.00
676  22   14   0.01  28.87   2.57  28.98  84.91  89.99   2.00   1.50   5.00   4.00   6.00
677  22   14  -4.51  28.52   2.57  28.98  84.91  98.99   2.00   1.50   5.00   4.00   6.00
678  22   14  -8.91  27.46   2.57  28.98  84.91 107.99   2.00   1.50   5.00   4.00   6.00
679  22   14 -13.10  25.73   2.57  28.98  84.91 116.98   2.00   1.50   5.00   4.00   6.00
680  22   14 -16.96  23.36   2.57  28.98  84.91 125.98   2.00   1.50   5.00   4.00   6.00
681  22   14 -20.41  20.42   2.57  28.98  84.91 134.98   2.00   1.50   5.00   4.00   6.00
682  22   14 -23.35  16.98   2.57  28.98  84.91 143.98   2.00   1.50   5.00   4.00   6.00
683  22   14 -25.72  13.12   2.57  28.98  84.91 152.98   2.00   1.50   5.00   4.00   6.00
684  22   14 -27.45   8.93   2.57  28.98  84.91 161.98   2.00   1.50   5.00   4.00   6.00
685  22   14 -28.51   4.53   2.57  28.98  84.91 170.98   2.00   1.50   5.00   4.00   6.00
686  22   14 -28.87   0.01   2.57  28.98  84.91 179.98   2.00   1.50   5.00   4.00   6.00
687  22   14 -28.52  -4.50   2.57  28.98  84.91 188.97   2.00   1.50   5.00   4.00   6.00
688  22   14 -27.46  -8.91   2.57  28.98  84.91 197.97   2.00   1.50   5.00   4.00   6.00
689  22   14 -25.73 -13.09   2.57  28.98  84.91 206.97   2.00   1.50   5.00   4.00   6.00
690  22   14 -23.37 -16.96   2.57  28.98  84.91 215.97   2.00   1.50   5.00   4.00   6.00
691  22   14 -20.43 -20.40   2.57  28.98  84.91 224.97   2.00   1.50   5.00   4.00   6.00
692  22   14 -16.98 -23.35   2.57  28.98  84.91 233.97   2.00   1.50   5.00   4.00   6.00
693  22   14 -13.12 -25.72   2.57  28.98  84.91 242.97   2.00   1.50   5.00   4.00   6.00
694  22   14  -8.94 -27.45   2.57  28.98  84.91 251.97   2.00   1.50   5.00   4.00   6.00
695  22   14  -4.53 -28.51   2.57  28.98  84.91 260.96   2.00   1.50   5.00   4.00   6.00
696  22   14  -0.02 -28.87   2.57  28.98  84.91 269.96   2.00   1.50   5.00   4.00   6.00
697  22   14   4.50 -28.52   2.57  28.98  84.91 278.96   2.00   1.50   5.00   4.00   6.00
698  22   14   8.90 -27.46   2.57  28.98  84.91 287.96   2.00   1.50   5.00   4.00   6.00
699  22   14  13.09 -25.73   2.57  28.98  84.91 296.96   2.00   1.50   5.00   4.00   6.00
700  22   14  16.95 -23.37   2.57  28.98  84.91 305.96   2.00   1.50   5.00   4.00   6.00
701  22   14  20.40 -20.43   2.57  28.98  84.91 314.96   2.00   1.50   5.00   4.00   6.00
702  22   14  23.34 -16.99   2.57  28.98  84.91 323.96   2.00   1.50   5.00   4.00   6.00
703  22   14  25.71 -13.13   2.57  28.98  84.91 332.95   2.00   1.50   5.00   4.00   6.00
704  22   14  27.45  -8.94   2.57  28.98  84.91 341.95   2.00   1.50   5.00   4.00   6.00
705  22   14  28.51  -4.54   2.57  28.98  84.91 350.95   2.00   1.50   5.00   4.00   6.00
706  23   14  27.99   0.00   0.70  28.00  88.57   0.00   2.00   1.50   5.00   4.00   6.00
707  23   14  27.63   4.49   0.70  28.00  88.57   9.23   2.00   1.50   5.00   4.00   6.00
708  23   14  26.55   8.86   0.70  28.00  88.57  18.46   2.00   1.50   5.00   4.00   6.00
709  23   14  24.79  13.01   0.70  28.00  88.57  27.69   2.00   1.50   5.00   4.00   6.00
710  23   14  22.38  16.82   0.70  28.00  88.57  36.92   2.00   1.50   5.00   4.00   6.00
711  23   14  19.39  20.19   0.70  28.00  88.57  46.15   2.00   1.50   5.00   4.00   6.00
712  23   14  15.90  23.04   0.70  28.00  88.57  55.38   2.00   1.50   5.00   4.00   6.00
713  23   14  12.00  25.29   0.70  28.00  88.57  64.61   2.00   1.50   5.00   4.00   6.00
714  23   14   7.79  26.89   0.70  28.00  88.57  73.85   2.00   1.50   5.00   4.00   6.00
715  23   14   3.37  27.79   0.70  28.00  88.57  83.08   2.00   1.50   5.00   4.00   6.00
716  23   14  -1.13  27.97   0.70  28.00  88.57  92.31   2.00   1.50   5.00   4.00   6.00
717  23   14  -5.60  27.43   0.70  28.00  88.57 101.54   2.00   1.50   5.00   4.00   6.00
718  23   14  -9.93  26.18   0.70  28.00  88.57 110.77   2.00   1.50   5.00   4.00   6.00
719  23   14 -14.00  24.24   0.70  28.00  88.57 120.00   2.00   1.50   5.00   4.00   6.00
720  23   14 -17.70  21.69   0.70  28.00  88.57 129.23   2.00   1.50   5.00   4.00   6.00
721  23   14 -20.95  18.56   0.70  28.00  88.57 138.46   2.00   1.50   5.00   4.00   6.00
722  23   14 -23.66  14.96   0.70  28.00  88.57 147.69   2.00   1.50   5.00   4.00   6.00
723  23   14 -25.75  10.97   0.70  28.00  88.57 156.92   2.00   1.50   5.00   4.00   6.00
724  23   14 -27.18   6.70   0.70  28.00  88.57 166.15   2.00   1.50   5.00   4.00   6.00
725  23   14 -27.90   2.25   0.70  28.00  88.57 175.38   2.00   1.50   5.00   4.00   6.00
726  23   14 -27.90  -2.25   0.70  28.00  88.57 184.61   2.00   1.50   5.00   4.00   6.00
727  23   14 -27.18  -6.70   0.70  28.00  88.57 193.84   2.00   1.50   5.00   4.00   6.00
728  23   14 -25.75 -10.97   0.70  28.00  88.57 203.07   2.00   1.50   5.00   4.00   6.00
729  23   14 -23.66 -14.96   0.70  28.00  88.57 212.30   2.00   1.50   5.00   4.00   6.00
730  23   14 -20.96 -18.56   0.70  28.00  88.57 221.54   2.00   1.50   5.00   4.00   6.00
731  23   14 -17.71 -21.68   0.70  28.00  88.57 230.77   2.00   1.50   5.00   4.00   6.00
732  23   14 -14.00 -24.24   0.70  28.00  88.57 240.00   2.00   1.50   5.00   4.00   6.00
733  23   14  -9.93 -26.17   0.70  28.00  88.57 249.23   2.00   1.50   5.00   4.00   6.00
734  23   14  -5.60 -27.43   0.70  28.00  88.57 258.46   2.00   1.50   5.00   4.00   6.00
735  23   14  -1.13 -27.97   0.70  28.00  88.57 267.69   2.00   1.50   5.00   4.00   6.00
736  23   14   3.37 -27.79   0.70  28.00  88.57 276.92   2.00   1.50   5.00   4.00   6.00
737  23   14   7.79 -26.89   0.70  28.00  88.57 286.15   2.00   1.50   5.00   4.00   6.00
738  23   14  12.00 -25.29   0.70  28.00  88.57 295.38   2.00   1.50   5.00   4.00   6.00
739  23   14  15.90 -23.04   0.70  28.00  88.57 304.61   2.00   1.50   5.00   4.00   6.00
740  23   14  19.39 -20.19   0.70  28.00  88.57 313.84   2.00   1.50   5.00   4.00   6.00
741  23   14  22.38 -16.82   0.70  28.00  88.57 323.07   2.00   1.50   5.00   4.00   6.00
742  23   14  24.79 -13.01   0.70  28.00  88.57 332.30   2.00   1.50   5.00   4.00   6.00
743  23   14  26.55  -8.87   0.70  28.00  88.57 341.53   2.00   1.50   5.00   4.00   6.00
744  23   14  27.63  -4.49   0.70  28.00  88.57 350.76   2.00   1.50   5.00   4.00   6.00
745  24   14  26.53   0.00  -1.10  26.55  92.37   0.00   2.00   1.50   5.00   4.00   6.00
746  24   14  26.15   4.48  -1.10  26.55  92.37   9.73   2.00   1.50   5.00   4.00   6.00
747  24   14  25.02   8.84  -1.10  26.55  92.37  19.46   2.00   1.50   5.00   4.00   6.00
748  24   14  23.16  12.94  -1.10  26.55  92.37  29.18   2.00   1.50   5.00   4.00   6.00
749  24   14  20.64  16.66  -1.10  26.55  92.37  38.91   2.00   1.50   5.00   4.00   6.00
750  24   14  17.53  19.91  -1.10  26.55  92.37  48.64   2.00   1.50   5.00   4.00   6.00
751  24   14  13.91  22.59  -1.10  26.55  92.37  58.37   2.00   1.50   5.00   4.00   6.00
752  24   14   9.90  24.62  -1.10  26.55  92.37  68.10   2.00   1.50   5.00   4.00   6.00
753  24   14   5.59  25.93  -1.10  26.55  92.37  77.83   2.00   1.50   5.00   4.00   6.00
754  24   14   1.13  26.51  -1.10  26.55  92.37  87.55   2.00   1.50   5.00   4.00   6.00
755  24   14  -3.36  26.32  -1.10  26.55  92.37  97.28   2.00   1.50   5.00   4.00   6.00
756  24   14  -7.76  25.37  -1.10  26.55  92.37 107.01   2.00   1.50   5.00   4.00   6.00
757  24   14 -11.94  23.69  -1.10  26.55  92.37 116.74   2.00   1.50   5.00   4.00   6.00
758  24   14 -15.77  21.34  -1.10  26.55  92.37 126.47   2.00   1.50   5.00   4.00   6.00
759  24   14 -19.15  18.36  -1.10  26.55  92.37 136.20   2.00   1.50   5.00   4.00   6.00
760  24   14 -21.97  14.86  -1.10  26.55  92.37 145.92   2.00   1.50   5.00   4.00   6.00
761  24   14 -24.17  10.94  -1.10  26.55  92.37 155.65   2.00   1.50   5.00   4.00   6.00
762  24   14 -25.67   6.70  -1.10  26.55  92.37 165.38   2.00   1.50   5.00   4.00   6.00
763  24   14 -26.43   2.26  -1.10  26.55  92.37 175.11   2.00   1.50   5.00   4.00   6.00
764  24   14 -26.44  -2.24  -1.10  26.55  92.37 184.84   2.00   1.50   5.00   4.00   6.00
765  24   14 -25.68  -6.67  -1.10  26.55  92.37 194.57   2.00   1.50   5.00   4.00   6.00
766  24   14 -24.18 -10.91  -1.10  26.55  92.37 204.29   2.00   1.50   5.00   4.00   6.00
767  24   14 -21.99 -14.84  -1.10  26.55  92.37 214.02   2.00   1.50   5.00   4.00   6.00
768  24   14 -19.16 -18.35  -1.10  26.55  92.37 223.75   2.00   1.50   5.00   4.00   6.00
769  24   14 -15.79 -21.32  -1.10  26.55  92.37 233.48   2.00   1.50   5.00   4.00   6.00
770  24   14 -11.96 -23.68  -1.10  26.55  92.37 243.21   2.00   1.50   5.00   4.00   6.00
771  24   14  -7.79 -25.36  -1.10  26.55  92.37 252.93   2.00   1.50   5.00   4.00   6.00
772  24   14  -3.39 -26.31  -1.10  26.55  92.37 262.66   2.00   1.50   5.00   4.00   6.00
773  24   14   1.11 -26.51  -1.10  26.55  92.37 272.39   2.00   1.50   5.00   4.00   6.00
774  24   14   5.57 -25.94  -1.10  26.55  92.37 282.12   2.00   1.50   5.00   4.00   6.00
775  24   14   9.87 -24.62  -1.10  26.55  92.37 291.85   2.00   1.50   5.00   4.00   6.00
776  24   14  13.89 -22.60  -1.10  26.55  92.37 301.58   2.00   1.50   5.00   4.00   6.00
777  24   14  17.51 -19.93  -1.10  26.55  92.37 311.30   2.00   1.50   5.00   4.00   6.00
778  24   14  20.63 -16.68  -1.10  26.55  92.37 321.03   2.00   1.50   5.00   4.00   6.00
779  24   14  23.15 -12.96  -1.10  26.55  92.37 330.76   2.00   1.50   5.00   4.00   6.00
780  24   14  25.01  -8.86  -1.10  26.55  92.37 340.49   2.00   1.50   5.00   4.00   6.00
781  24   14  26.14  -4.51  -1.10  26.55  92.37 350.22   2.00   1.50   5.00   4.00   6.00
782  25   14  25.29   0.00  -2.81  25.44  96.35   0.00   2.00   1.50   5.00   4.00   6.00
783  25   14  24.88   4.52  -2.81  25.44  96.35  10.28   2.00   1.50   5.00   4.00   6.00
784  25   14  23.68   8.88  -2.81  25.44  96.35  20.57   2.00   1.50   5.00   4.00   6.00
785  25   14  21.71  12.97  -2.81  25.44  96.35  30.85   2.00   1.50   5.00   4.00   6.00
786  25   14  19.04  16.64  -2.81  25.44  96.35  41.14   2.00   1.50   5.00   4.00   6.00
787  25   14  15.77  19.77  -2.81  25.44  96.35  51.42   2.00   1.50   5.00   4.00   6.00
788  25   14  11.99  22.27  -2.81  25.44  96.35  61.71   2.00   1.50   5.00   4.00   6.00
789  25   14   7.82  24.05  -2.81  25.44  96.35  71.99   2.00   1.50   5.00   4.00   6.00
790  25   14   3.40  25.06  -2.81  25.44  96.35  82.28   2.00   1.50   5.00   4.00   6.00
791  25   14  -1.13  25.26  -2.81  25.44  96.35  92.56   2.00   1.50   5.00   4.00   6.00
792  25   14  -5.62  24.66  -2.81  25.44  96.35 102.85   2.00   1.50   5.00   4.00   6.00
793  25   14  -9.93  23.25  -2.81  25.44  96.35 113.13   2.00   1.50   5.00   4.00   6.00
794  25   14 -13.93  21.11  -2.81  25.44  96.35 123.42   2.00   1.50   5.00   4.00   6.00
795  25   14 -17.47  18.28  -2.81  25.44  96.35 133.70   2.00   1.50   5.00   4.00   6.00
796  25   14 -20.46  14.87  -2.81  25.44  96.35 143.99   2.00   1.50   5.00   4.00   6.00
797  25   14 -22.78  10.98  -2.81  25.44  96.35 154.27   2.00   1.50   5.00   4.00   6.00
798  25   14 -24.38   6.73  -2.81  25.44  96.35 164.56   2.00   1.50   5.00   4.00   6.00
799  25   14 -25.19   2.27  -2.81  25.44  96.35 174.84   2.00   1.50   5.00   4.00   6.00
800  25   14 -25.19  -2.26  -2.81  25.44  96.35 185.13   2.00   1.50   5.00   4.00   6.00
801  25   14 -24.38  -6.72  -2.81  25.44  96.35 195.41   2.00   1.50   5.00   4.00   6.00
802  25   14 -22.79 -10.97  -2.81  25.44  96.35 205.70   2.00   1.50   5.00   4.00   6.00
803  25   14 -20.46 -14.86  -2.81  25.44  96.35 215.98   2.00   1.50   5.00   4.00   6.00
804  25   14 -17.48 -18.27  -2.81  25.44  96.35 226.27   2.00   1.50   5.00   4.00   6.00
805  25   14 -13.94 -21.10  -2.81  25.44  96.35 236.55   2.00   1.50   5.00   4.00   6.00
806  25   14  -9.95 -23.25  -2.81  25.44  96.35 246.84   2.00   1.50   5.00   4.00   6.00
807  25   14  -5.64 -24.65  -2.81  25.44  96.35 257.12   2.00   1.50   5.00   4.00   6.00
808  25   14  -1.14 -25.26  -2.81  25.44  96.35 267.41   2.00   1.50   5.00   4.00   6.00
809  25   14   3.38 -25.06  -2.81  25.44  96.35 277.69   2.00   1.50   5.00   4.00   6.00
810  25   14   7.80 -24.05  -2.81  25.44  96.35 287.97   2.00   1.50   5.00   4.00   6.00
811  25   14  11.97 -22.27  -2.81  25.44  96.35 298.26   2.00   1.50   5.00   4.00   6.00
812  25   14  15.76 -19.78  -2.81  25.44  96.35 308.54   2.00   1.50   5.00   4.00   6.00
813  25   14  19.04 -16.65  -2.81  25.44  96.35 318.83   2.00   1.50   5.00   4.00   6.00
814  25   14  21.70 -12.98  -2.81  25.44  96.35 329.11   2.00   1.50   5.00   4.00   6.00
815  25   14  23.67  -8.90  -2.81  25.44  96.35 339.40   2.00   1.50   5.00   4.00   6.00
816  25   14  24.88  -4.53  -2.81  25.44  96.35 349.68   2.00   1.50   5.00   4.00   6.00
817  26   14  23.40   0.00  -4.35  23.80 100.54   0.00   2.00   1.50   5.00   4.00   6.00
818  26   14  22.95   4.56  -4.35  23.80 100.54  11.25   2.00   1.50   5.00   4.00   6.00
819  26   14  21.62   8.95  -4.35  23.80 100.54  22.49   2.00   1.50   5.00   4.00   6.00
820  26   14  19.46  13.00  -4.35  23.80 100.54  33.74   2.00   1.50   5.00   4.00   6.00
821  26   14  16.55  16.54  -4.35  23.80 100.54  44.99   2.00   1.50   5.00   4.00   6.00
822  26   14  13.01  19.45  -4.35  23.80 100.54  56.23   2.00   1.50   5.00   4.00   6.00
823  26   14   8.96  21.61  -4.35  23.80 100.54  67.48   2.00   1.50   5.00   4.00   6.00
824  26   14   4.57  22.95  -4.35  23.80 100.54  78.73   2.00   1.50   5.00   4.00   6.00
825  26   14   0.01  23.40  -4.35  23.80 100.54  89.97   2.00   1.50   5.00   4.00   6.00
826  26   14  -4.55  22.95  -4.35  23.80 100.54 101.22   2.00   1.50   5.00   4.00   6.00
827  26   14  -8.94  21.62  -4.35  23.80 100.54 112.47   2.00   1.50   5.00   4.00   6.00
828  26   14 -12.99  19.46  -4.35  23.80 100.54 123.71   2.00   1.50   5.00   4.00   6.00
829  26   14 -16.53  16.56  -4.35  23.80 100.54 134.96   2.00   1.50   5.00   4.00   6.00
830  26   14 -19.45  13.01  -4.35  23.80 100.54 146.21   2.00   1.50   5.00   4.00   6.00
831  26   14 -21.61   8.97  -4.35  23.80 100.54 157.45   2.00   1.50   5.00   4.00   6.00
832  26   14 -22.95   4.58  -4.35  23.80 100.54 168.70   2.00   1.50   5.00   4.00   6.00
833  26   14 -23.40   0.02  -4.35  23.80 100.54 179.95   2.00   1.50   5.00   4.00   6.00
834  26   14 -22.95  -4.54  -4.35  23.80 100.54 191.19   2.00   1.50   5.00   4.00   6.00
835  26   14 -21.63  -8.93  -4.35  23.80 100.54 202.44   2.00   1.50   5.00   4.00   6.00
836  26   14 -19.47 -12.98  -4.35  23.80 100.54 213.69   2.00   1.50   5.00   4.00   6.00
837  26   14 -16.56 -16.53  -4.35  23.80 100.54 224.93   2.00   1.50   5.00   4.00   6.00
838  26   14 -13.02 -19.44  -4.35  23.80 100.54 236.18   2.00   1.50   5.00   4.00   6.00
839  26   14  -8.98 -21.61  -4.35  23.80 100.54 247.43   2.00   1.50   5.00   4.00   6.00
840  26   14  -4.60 -22.94  -4.35  23.80 100.54 258.67   2.00   1.50   5.00   4.00   6.00
841  26   14  -0.03 -23.40  -4.35  23.80 100.54 269.92   2.00   1.50   5.00   4.00   6.00
842  26   14   4.53 -22.96  -4.35  23.80 100.54 281.17   2.00   1.50   5.00   4.00   6.00
843  26   14   8.92 -21.63  -4.35  23.80 100.54 292.41   2.00   1.50   5.00   4.00   6.00
844  26   14  12.97 -19.48  -4.35  23.80 100.54 303.66   2.00   1.50   5.00   4.00   6.00
845  26   14  16.52 -16.57  -4.35  23.80 100.54 314.91   2.00   1.50   5.00   4.00   6.00
846  26   14  19.43 -13.03  -4.35  23.80 100.54 326.15   2.00   1.50   5.00   4.00   6.00
847  26   14  21.60  -8.99  -4.35  23.80 100.54 337.40   2.00   1.50   5.00   4.00   6.00
848  26   14  22.94  -4.61  -4.35  23.80 100.54 348.65   2.00   1.50   5.00   4.00   6.00
849  27   14  22.12   0.00  -5.91  22.90 104.96   0.00   2.00   1.50   5.00   4.00   6.00
850  27   14  21.64   4.60  -5.91  22.90 104.96  12.00   2.00   1.50   5.00   4.00   6.00
851  27   14  20.21   9.00  -5.91  22.90 104.96  24.00   2.00   1.50   5.00   4.00   6.00
852  27   14  17.90  13.00  -5.91  22.90 104.96  36.00   2.00   1.50   5.00   4.00   6.00
853  27   14  14.81  16.44  -5.91  22.90 104.96  47.99   2.00   1.50   5.00   4.00   6.00
854  27   14  11.06  19.16  -5.91  22.90 104.96  59.99   2.00   1.50   5.00   4.00   6.00
855  27   14   6.84  21.04  -5.91  22.90 104.96  71.99   2.00   1.50   5.00   4.00   6.00
856  27   14   2.32  22.00  -5.91  22.90 104.96  83.99   2.00   1.50   5.00   4.00   6.00
857  27   14  -2.31  22.00  -5.91  22.90 104.96  95.99   2.00   1.50   5.00   4.00   6.00
858  27   14  -6.83  21.04  -5.91  22.90 104.96 107.99   2.00   1.50   5.00   4.00   6.00
859  27   14 -11.06  19.16  -5.91  22.90 104.96 119.98   2.00   1.50   5.00   4.00   6.00
860  27   14 -14.80  16.45  -5.91  22.90 104.96 131.98   2.00   1.50   5.00   4.00   6.00
861  27   14 -17.89  13.01  -5.91  22.90 104.96 143.98   2.00   1.50   5.00   4.00   6.00
862  27   14 -20.21   9.01  -5.91  22.90 104.96 155.98   2.00   1.50   5.00   4.00   6.00
863  27   14 -21.64   4.61  -5.91  22.90 104.96 167.98   2.00   1.50   5.00   4.00   6.00
864  27   14 -22.12   0.01  -5.91  22.90 104.96 179.98   2.00   1.50   5.00   4.00   6.00
865  27   14 -21.64  -4.59  -5.91  22.90 104.96 191.97   2.00   1.50   5.00   4.00   6.00
866  27   14 -20.21  -8.99  -5.91  22.90 104.96 203.97   2.00   1.50   5.00   4.00   6.00
867  27   14 -17.90 -12.99  -5.91  22.90 104.96 215.97   2.00   1.50   5.00   4.00   6.00
868  27   14 -14.81 -16.43  -5.91  22.90 104.96 227.97   2.00   1.50   5.00   4.00   6.00
869  27   14 -11.07 -19.15  -5.91  22.90 104.96 239.97   2.00   1.50   5.00   4.00   6.00
870  27   14  -6.85 -21.04  -5.91  22.90 104.96 251.97   2.00   1.50   5.00   4.00   6.00
871  27   14  -2.33 -22.00  -5.91  22.90 104.96 263.97   2.00   1.50   5.00   4.00   6.00
872  27   14   2.30 -22.00  -5.91  22.90 104.96 275.96   2.00   1.50   5.00   4.00   6.00
873  27   14   6.82 -21.04  -5.91  22.90 104.96 287.96   2.00   1.50   5.00   4.00   6.00
874  27   14  11.05 -19.17  -5.91  22.90 104.96 299.96   2.00   1.50   5.00   4.00   6.00
875  27   14  14.79 -16.45  -5.91  22.90 104.96 311.96   2.00   1.50   5.00   4.00   6.00
876  27   14  17.89 -13.02  -5.91  22.90 104.96 323.96   2.00   1.50   5.00   4.00   6.00
877  27   14  20.20  -9.01  -5.91  22.90 104.96 335.96   2.00   1.50   5.00   4.00   6.00
878  27   14  21.64  -4.62  -5.91  22.90 104.96 347.95   2.00   1.50   5.00   4.00   6.00
879  28   14  20.19   0.00  -7.20  21.44 109.63   0.00   2.00   1.50   5.00   4.00   6.00
880  28   14  19.65   4.66  -7.20  21.44 109.63  13.33   2.00   1.50   5.00   4.00   6.00
881  28   14  18.04   9.06  -7.20  21.44 109.63  26.66   2.00   1.50   5.00   4.00   6.00
882  28   14  15.47  12.98  -7.20  21.44 109.63  40.00   2.00   1.50   5.00   4.00   6.00
883  28   14  12.06  16.19  -7.20  21.44 109.63  53.33   2.00   1.50   5.00   4.00   6.00
884  28   14   8.00  18.54  -7.20  21.44 109.63  66.66   2.00   1.50   5.00   4.00   6.00
885  28   14   3.51  19.88  -7.20  21.44 109.63  79.99   2.00   1.50   5.00   4.00   6.00
886  28   14  -1.17  20.16  -7.20  21.44 109.63  93.33   2.00   1.50   5.00   4.00   6.00
887  28   14  -5.79  19.34  -7.20  21.44 109.63 106.66   2.00   1.50   5.00   4.00   6.00
888  28   14 -10.09  17.49  -7.20  21.44 109.63 119.99   2.00   1.50   5.00   4.00   6.00
889  28   14 -13.85  14.69  -7.20  21.44 109.63 133.32   2.00   1.50   5.00   4.00   6.00
890  28   14 -16.87  11.10  -7.20  21.44 109.63 146.65   2.00   1.50   5.00   4.00   6.00
891  28   14 -18.97   6.91  -7.20  21.44 109.63 159.99   2.00   1.50   5.00   4.00   6.00
892  28   14 -20.05   2.35  -7.20  21.44 109.63 173.32   2.00   1.50   5.00   4.00   6.00
893  28   14 -20.05  -2.34  -7.20  21.44 109.63 186.65   2.00   1.50   5.00   4.00   6.00
894  28   14 -18.97  -6.90  -7.20  21.44 109.63 199.98   2.00   1.50   5.00   4.00   6.00
895  28   14 -16.87 -11.09  -7.20  21.44 109.63 213.32   2.00   1.50   5.00   4.00   6.00
896  28   14 -13.86 -14.68  -7.20  21.44 109.63 226.65   2.00   1.50   5.00   4.00   6.00
897  28   14 -10.10 -17.48  -7.20  21.44 109.63 239.98   2.00   1.50   5.00   4.00   6.00
898  28   14  -5.80 -19.34  -7.20  21.44 109.63 253.31   2.00   1.50   5.00   4.00   6.00
899  28   14  -1.18 -20.16  -7.20  21.44 109.63 266.64   2.00   1.50   5.00   4.00   6.00
900  28   14   3.50 -19.88  -7.20  21.44 109.63 279.98   2.00   1.50   5.00   4.00   6.00
901  28   14   7.99 -18.54  -7.20  21.44 109.63 293.31   2.00   1.50   5.00   4.00   6.00
902  28   14  12.05 -16.20  -7.20  21.44 109.63 306.64   2.00   1.50   5.00   4.00   6.00
903  28   14  15.46 -12.99  -7.20  21.44 109.63 319.97   2.00   1.50   5.00   4.00   6.00
904  28   14  18.04  -9.07  -7.20  21.44 109.63 333.30   2.00   1.50   5.00   4.00   6.00
905  28   14  19.64  -4.67  -7.20  21.44 109.63 346.64   2.00   1.50   5.00   4.00   6.00
906  29   14  18.23   0.00  -8.37  20.06 114.66   0.00   2.00   1.50   5.00   4.00   6.00
907  29   14  17.61   4.72  -8.37  20.06 114.66  15.00   2.00   1.50   5.00   4.00   6.00
908  29   14  15.79   9.12  -8.37  20.06 114.66  30.00   2.00   1.50   5.00   4.00   6.00
909  29   14  12.89  12.89  -8.37  20.06 114.66  45.00   2.00   1.50   5.00   4.00   6.00
910  29   14   9.12  15.79  -8.37  20.06 114.66  60.00   2.00   1.50   5.00   4.00   6.00
911  29   14   4.72  17.61  -8.37  20.06 114.66  75.00   2.00   1.50   5.00   4.00   6.00
912  29   14   0.00  18.23  -8.37  20.06 114.66  90.00   2.00   1.50   5.00   4.00   6.00
913  29   14  -4.72  17.61  -8.37  20.06 114.66 105.00   2.00   1.50   5.00   4.00   6.00
914  29   14  -9.11  15.79  -8.37  20.06 114.66 120.00   2.00   1.50   5.00   4.00   6.00
915  29   14 -12.89  12.89  -8.37  20.06 114.66 134.99   2.00   1.50   5.00   4.00   6.00
916  29   14 -15.79   9.12  -8.37  20.06 114.66 149.99   2.00   1.50   5.00   4.00   6.00
917  29   14 -17.61   4.72  -8.37  20.06 114.66 164.99   2.00   1.50   5.00   4.00   6.00
918  29   14 -18.23   0.00  -8.37  20.06 114.66 179.99   2.00   1.50   5.00   4.00   6.00
919  29   14 -17.61  -4.72  -8.37  20.06 114.66 194.99   2.00   1.50   5.00   4.00   6.00
920  29   14 -15.79  -9.11  -8.37  20.06 114.66 209.99   2.00   1.50   5.00   4.00   6.00
921  29   14 -12.89 -12.89  -8.37  20.06 114.66 224.99   2.00   1.50   5.00   4.00   6.00
922  29   14  -9.12 -15.79  -8.37  20.06 114.66 239.99   2.00   1.50   5.00   4.00   6.00
923  29   14  -4.72 -17.61  -8.37  20.06 114.66 254.99   2.00   1.50   5.00   4.00   6.00
924  29   14  -0.00 -18.23  -8.37  20.06 114.66 269.99   2.00   1.50   5.00   4.00   6.00
925  29   14   4.72 -17.61  -8.37  20.06 114.66 284.99   2.00   1.50   5.00   4.00   6.00
926  29   14   9.11 -15.79  -8.37  20.06 114.66 299.99   2.00   1.50   5.00   4.00   6.00
927  29   14  12.89 -12.89  -8.37  20.06 114.66 314.99   2.00   1.50   5.00   4.00   6.00
928  29   14  15.79  -9.12  -8.37  20.06 114.66 329.99   2.00   1.50   5.00   4.00   6.00
929  29   14  17.61  -4.72  -8.37  20.06 114.66 344.99   2.00   1.50   5.00   4.00   6.00
930  30   14  16.24   0.00  -9.44  18.78 120.15   0.00   2.00   1.50   5.00   4.00   6.00
931  30   14  15.52   4.79  -9.44  18.78 120.15  17.14   2.00   1.50   5.00   4.00   6.00
932  30   14  13.42   9.15  -9.44  18.78 120.15  34.28   2.00   1.50   5.00   4.00   6.00
933  30   14  10.13  12.70  -9.44  18.78 120.15  51.42   2.00   1.50   5.00   4.00   6.00
934  30   14   5.94  15.12  -9.44  18.78 120.15  68.56   2.00   1.50   5.00   4.00   6.00
935  30   14   1.22  16.20  -9.44  18.78 120.15  85.70   2.00   1.50   5.00   4.00   6.00
936  30   14  -3.61  15.83  -9.44  18.78 120.15 102.85   2.00   1.50   5.00   4.00   6.00
937  30   14  -8.12  14.07  -9.44  18.78 120.15 119.99   2.00   1.50   5.00   4.00   6.00
938  30   14 -11.90  11.05  -9.44  18.78 120.15 137.13   2.00   1.50   5.00   4.00   6.00
939  30   14 -14.63   7.05  -9.44  18.78 120.15 154.27   2.00   1.50   5.00   4.00   6.00
940  30   14 -16.06   2.43  -9.44  18.78 120.15 171.41   2.00   1.50   5.00   4.00   6.00
941  30   14 -16.06  -2.41  -9.44  18.78 120.15 188.55   2.00   1.50   5.00   4.00   6.00
942  30   14 -14.64  -7.04  -9.44  18.78 120.15 205.69   2.00   1.50   5.00   4.00   6.00
943  30   14 -11.91 -11.04  -9.44  18.78 120.15 222.83   2.00   1.50   5.00   4.00   6.00
944  30   14  -8.13 -14.06  -9.44  18.78 120.15 239.97   2.00   1.50   5.00   4.00   6.00
945  30   14  -3.62 -15.83  -9.44  18.78 120.15 257.11   2.00   1.50   5.00   4.00   6.00
946  30   14   1.20 -16.20  -9.44  18.78 120.15 274.25   2.00   1.50   5.00   4.00   6.00
947  30   14   5.92 -15.12  -9.44  18.78 120.15 291.40   2.00   1.50   5.00   4.00   6.00
948  30   14  10.12 -12.70  -9.44  18.78 120.15 308.54   2.00   1.50   5.00   4.00   6.00
949  30   14  13.41  -9.16  -9.44  18.78 120.15 325.68   2.00   1.50   5.00   4.00   6.00
950  30   14  15.52  -4.80  -9.44  18.78 120.15 342.82   2.00   1.50   5.00   4.00   6.00
951  31   14  14.21   0.00 -10.39  17.60 126.19   0.00   2.00   1.50   5.00   4.00   6.00
952  31   14  13.35   4.86 -10.39  17.60 126.19  20.00   2.00   1.50   5.00   4.00   6.00
953  31   14  10.88   9.13 -10.39  17.60 126.19  39.99   2.00   1.50   5.00   4.00   6.00
954  31   14   7.11  12.30 -10.39  17.60 126.19  59.99   2.00   1.50   5.00   4.00   6.00
955  31   14   2.47  13.99 -10.39  17.60 126.19  79.99   2.00   1.50   5.00   4.00   6.00
956  31   14  -2.46  13.99 -10.39  17.60 126.19  99.99   2.00   1.50   5.00   4.00   6.00
957  31   14  -7.10  12.31 -10.39  17.60 126.19 119.98   2.00   1.50   5.00   4.00   6.00
958  31   14 -10.88   9.14 -10.39  17.60 126.19 139.98   2.00   1.50   5.00   4.00   6.00
959  31   14 -13.35   4.86 -10.39  17.60 126.19 159.98   2.00   1.50   5.00   4.00   6.00
960  31   14 -14.21   0.01 -10.39  17.60 126.19 179.98   2.00   1.50   5.00   4.00   6.00
961  31   14 -13.35  -4.85 -10.39  17.60 126.19 199.97   2.00   1.50   5.00   4.00   6.00
962  31   14 -10.89  -9.13 -10.39  17.60 126.19 219.97   2.00   1.50   5.00   4.00   6.00
963  31   14  -7.11 -12.30 -10.39  17.60 126.19 239.97   2.00   1.50   5.00   4.00   6.00
964  31   14  -2.48 -13.99 -10.39  17.60 126.19 259.97   2.00   1.50   5.00   4.00   6.00
965  31   14   2.46 -13.99 -10.39  17.60 126.19 279.96   2.00   1.50   5.00   4.00   6.00
966  31   14   7.10 -12.31 -10.39  17.60 126.19 299.96   2.00   1.50   5.00   4.00   6.00
967  31   14  10.88  -9.14 -10.39  17.60 126.19 319.96   2.00   1.50   5.00   4.00   6.00
968  31   14  13.35  -4.87 -10.39  17.60 126.19 339.96   2.00   1.50   5.00   4.00   6.00
969  32   14  11.48   0.00 -10.73  15.71 133.09   0.00   2.00   1.50   5.00   4.00   6.00
970  32   14  10.34   4.97 -10.73  15.71 133.09  25.69   2.00   1.50   5.00   4.00   6.00
971  32   14   7.16   8.97 -10.73  15.71 133.09  51.37   2.00   1.50   5.00   4.00   6.00
972  32   14   2.57  11.18 -10.73  15.71 133.09  77.06   2.00   1.50   5.00   4.00   6.00
973  32   14  -2.53  11.19 -10.73  15.71 133.09 102.75   2.00   1.50   5.00   4.00   6.00
974  32   14  -7.13   8.99 -10.73  15.71 133.09 128.44   2.00   1.50   5.00   4.00   6.00
975  32   14 -10.32   5.01 -10.73  15.71 133.09 154.12   2.00   1.50   5.00   4.00   6.00
976  32   14 -11.48   0.04 -10.73  15.71 133.09 179.81   2.00   1.50   5.00   4.00   6.00
977  32   14 -10.36  -4.94 -10.73  15.71 133.09 205.50   2.00   1.50   5.00   4.00   6.00
978  32   14  -7.19  -8.94 -10.73  15.71 133.09 231.19   2.00   1.50   5.00   4.00   6.00
979  32   14  -2.61 -11.18 -10.73  15.71 133.09 256.87   2.00   1.50   5.00   4.00   6.00
980  32   14   2.50 -11.20 -10.73  15.71 133.09 282.56   2.00   1.50   5.00   4.00   6.00
981  32   14   7.10  -9.01 -10.73  15.71 133.09 308.25   2.00   1.50   5.00   4.00   6.00
982  32   14  10.31  -5.04 -10.73  15.71 133.09 333.94   2.00   1.50   5.00   4.00   6.00
983  33   14   9.28   0.00 -11.47  14.76 141.03   0.00   2.00   1.50   5.00   4.00   6.00
984  33   14   7.81   5.02 -11.47  14.76 141.03  32.73   2.00   1.50   5.00   4.00   6.00
985  33   14   3.86   8.44 -11.47  14.76 141.03  65.45   2.00   1.50   5.00   4.00   6.00
986  33   14  -1.32   9.19 -11.47  14.76 141.03  98.18   2.00   1.50   5.00   4.00   6.00
987  33   14  -6.08   7.02 -11.47  14.76 141.03 130.90   2.00   1.50   5.00   4.00   6.00
988  33   14  -8.91   2.62 -11.47  14.76 141.03 163.63   2.00   1.50   5.00   4.00   6.00
989  33   14  -8.91  -2.61 -11.47  14.76 141.03 196.35   2.00   1.50   5.00   4.00   6.00
990  33   14  -6.08  -7.01 -11.47  14.76 141.03 229.08   2.00   1.50   5.00   4.00   6.00
991  33   14  -1.32  -9.19 -11.47  14.76 141.03 261.81   2.00   1.50   5.00   4.00   6.00
992  33   14   3.85  -8.44 -11.47  14.76 141.03 294.53   2.00   1.50   5.00   4.00   6.00
993  33   14   7.81  -5.02 -11.47  14.76 141.03 327.26   2.00   1.50   5.00   4.00   6.00
994  34   14   6.27   0.00 -11.20  12.84 150.75   0.00   2.00   1.50   5.00   4.00   6.00
995  34   14   3.91   4.90 -11.20  12.84 150.75  51.43   2.00   1.50   5.00   4.00   6.00
996  34   14  -1.40   6.12 -11.20  12.84 150.75 102.86   2.00   1.50   5.00   4.00   6.00
997  34   14  -5.65   2.72 -11.20  12.84 150.75 154.29   2.00   1.50   5.00   4.00   6.00
998  34   14  -5.65  -2.72 -11.20  12.84 150.75 205.71   2.00   1.50   5.00   4.00   6.00
999  34   14  -1.40  -6.12 -11.20  12.84 150.75 257.14   2.00   1.50   5.00   4.00   6.00
1000  34   14   3.91  -4.90 -11.20  12.84 150.75 308.57   2.00   1.50   5.00   4.00   6.00
-1

