  1  1 6   7.33   0.00  32.06  32.89  12.88   0.00   2.50   5.00  16.00
  2  1 6   3.67   6.35  32.06  32.89  12.88  60.00   2.50   5.00  16.00
  3  1 6  -3.67   6.35  32.06  32.89  12.88 119.99   2.50   5.00  16.00
  4  1 6  -7.33   0.00  32.06  32.89  12.88 179.99   2.50   5.00  16.00
  5  1 6  -3.67  -6.35  32.06  32.89  12.88 239.99   2.50   5.00  16.00
  6  1 6   3.66  -6.35  32.06  32.89  12.88 299.98   2.50   5.00  16.00
  7  2 6  11.53   0.00  32.69  34.67  19.43   0.00   2.50   5.00  16.00
  8  2 6   9.33   6.78  32.69  34.67  19.43  36.00   2.50   5.00  16.00
  9  2 6   3.56  10.97  32.69  34.67  19.43  72.00   2.50   5.00  16.00
 10  2 6  -3.56  10.97  32.69  34.67  19.43 108.00   2.50   5.00  16.00
 11  2 6  -9.33   6.78  32.69  34.67  19.43 144.00   2.50   5.00  16.00
 12  2 6 -11.53   0.00  32.69  34.67  19.43 180.00   2.50   5.00  16.00
 13  2 6  -9.33  -6.78  32.69  34.67  19.43 216.00   2.50   5.00  16.00
 14  2 6  -3.56 -10.97  32.69  34.67  19.43 252.00   2.50   5.00  16.00
 15  2 6   3.56 -10.97  32.69  34.67  19.43 288.00   2.50   5.00  16.00
 16  2 6   9.33  -6.78  32.69  34.67  19.43 324.00   2.50   5.00  16.00
 17  3 6  16.29   0.00  34.80  38.42  25.08   0.00   2.50   5.00  16.00
 18  3 6  14.88   6.62  34.80  38.42  25.08  24.00   2.50   5.00  16.00
 19  3 6  10.90  12.10  34.80  38.42  25.08  48.00   2.50   5.00  16.00
 20  3 6   5.03  15.49  34.80  38.42  25.08  72.00   2.50   5.00  16.00
 21  3 6  -1.70  16.20  34.80  38.42  25.08  96.00   2.50   5.00  16.00
 22  3 6  -8.14  14.10  34.80  38.42  25.08 120.00   2.50   5.00  16.00
 23  3 6 -13.17   9.57  34.80  38.42  25.08 144.00   2.50   5.00  16.00
 24  3 6 -15.93   3.39  34.80  38.42  25.08 168.00   2.50   5.00  16.00
 25  3 6 -15.93  -3.38  34.80  38.42  25.08 192.00   2.50   5.00  16.00
 26  3 6 -13.18  -9.57  34.80  38.42  25.08 215.99   2.50   5.00  16.00
 27  3 6  -8.14 -14.10  34.80  38.42  25.08 239.99   2.50   5.00  16.00
 28  3 6  -1.70 -16.20  34.80  38.42  25.08 263.99   2.50   5.00  16.00
 29  3 6   5.03 -15.49  34.80  38.42  25.08 287.99   2.50   5.00  16.00
 30  3 6  10.90 -12.10  34.80  38.42  25.08 311.99   2.50   5.00  16.00
 31  3 6  14.88  -6.63  34.80  38.42  25.08 335.99   2.50   5.00  16.00
 32  4 6  20.86   0.00  36.24  41.81  29.93   0.00   2.50   5.00  16.00
 33  4 6  19.84   6.45  36.24  41.81  29.93  18.00   2.50   5.00  16.00
 34  4 6  16.88  12.26  36.24  41.81  29.93  36.00   2.50   5.00  16.00
 35  4 6  12.26  16.88  36.24  41.81  29.93  54.00   2.50   5.00  16.00
 36  4 6   6.45  19.84  36.24  41.81  29.93  72.00   2.50   5.00  16.00
 37  4 6   0.00  20.86  36.24  41.81  29.93  89.99   2.50   5.00  16.00
 38  4 6  -6.44  19.84  36.24  41.81  29.93 107.99   2.50   5.00  16.00
 39  4 6 -12.26  16.88  36.24  41.81  29.93 125.99   2.50   5.00  16.00
 40  4 6 -16.87  12.26  36.24  41.81  29.93 143.99   2.50   5.00  16.00
 41  4 6 -19.84   6.45  36.24  41.81  29.93 161.99   2.50   5.00  16.00
 42  4 6 -20.86   0.00  36.24  41.81  29.93 179.99   2.50   5.00  16.00
 43  4 6 -19.84  -6.44  36.24  41.81  29.93 197.99   2.50   5.00  16.00
 44  4 6 -16.88 -12.26  36.24  41.81  29.93 215.99   2.50   5.00  16.00
 45  4 6 -12.27 -16.87  36.24  41.81  29.93 233.99   2.50   5.00  16.00
 46  4 6  -6.45 -19.84  36.24  41.81  29.93 251.99   2.50   5.00  16.00
 47  4 6  -0.01 -20.86  36.24  41.81  29.93 269.98   2.50   5.00  16.00
 48  4 6   6.44 -19.84  36.24  41.81  29.93 287.98   2.50   5.00  16.00
 49  4 6  12.26 -16.88  36.24  41.81  29.93 305.98   2.50   5.00  16.00
 50  4 6  16.87 -12.27  36.24  41.81  29.93 323.98   2.50   5.00  16.00
 51  4 6  19.84  -6.45  36.24  41.81  29.93 341.98   2.50   5.00  16.00
 52  5 6  24.53   0.00  35.94  43.51  34.32   0.00   2.50   5.00  16.00
 53  5 6  23.70   6.35  35.94  43.51  34.32  15.00   2.50   5.00  16.00
 54  5 6  21.25  12.27  35.94  43.51  34.32  30.00   2.50   5.00  16.00
 55  5 6  17.35  17.35  35.94  43.51  34.32  45.00   2.50   5.00  16.00
 56  5 6  12.27  21.25  35.94  43.51  34.32  60.00   2.50   5.00  16.00
 57  5 6   6.35  23.70  35.94  43.51  34.32  75.00   2.50   5.00  16.00
 58  5 6   0.00  24.53  35.94  43.51  34.32  90.00   2.50   5.00  16.00
 59  5 6  -6.35  23.70  35.94  43.51  34.32 105.00   2.50   5.00  16.00
 60  5 6 -12.27  21.25  35.94  43.51  34.32 120.00   2.50   5.00  16.00
 61  5 6 -17.35  17.35  35.94  43.51  34.32 135.00   2.50   5.00  16.00
 62  5 6 -21.25  12.27  35.94  43.51  34.32 150.00   2.50   5.00  16.00
 63  5 6 -23.70   6.35  35.94  43.51  34.32 165.00   2.50   5.00  16.00
 64  5 6 -24.53   0.00  35.94  43.51  34.32 180.00   2.50   5.00  16.00
 65  5 6 -23.70  -6.35  35.94  43.51  34.32 195.00   2.50   5.00  16.00
 66  5 6 -21.25 -12.27  35.94  43.51  34.32 210.00   2.50   5.00  16.00
 67  5 6 -17.35 -17.35  35.94  43.51  34.32 225.00   2.50   5.00  16.00
 68  5 6 -12.27 -21.25  35.94  43.51  34.32 240.00   2.50   5.00  16.00
 69  5 6  -6.35 -23.70  35.94  43.51  34.32 255.00   2.50   5.00  16.00
 70  5 6  -0.00 -24.53  35.94  43.51  34.32 270.00   2.50   5.00  16.00
 71  5 6   6.35 -23.70  35.94  43.51  34.32 285.00   2.50   5.00  16.00
 72  5 6  12.27 -21.25  35.94  43.51  34.32 300.00   2.50   5.00  16.00
 73  5 6  17.35 -17.35  35.94  43.51  34.32 315.00   2.50   5.00  16.00
 74  5 6  21.25 -12.27  35.94  43.51  34.32 330.00   2.50   5.00  16.00
 75  5 6  23.70  -6.35  35.94  43.51  34.32 345.00   2.50   5.00  16.00
 76  6 6  28.14   0.00  35.44  45.25  38.45   0.00   2.50   5.00  16.00
 77  6 6  27.44   6.26  35.44  45.25  38.45  12.86   2.50   5.00  16.00
 78  6 6  25.36  12.21  35.44  45.25  38.45  25.71   2.50   5.00  16.00
 79  6 6  22.00  17.55  35.44  45.25  38.45  38.57   2.50   5.00  16.00
 80  6 6  17.55  22.00  35.44  45.25  38.45  51.43   2.50   5.00  16.00
 81  6 6  12.21  25.36  35.44  45.25  38.45  64.28   2.50   5.00  16.00
 82  6 6   6.26  27.44  35.44  45.25  38.45  77.14   2.50   5.00  16.00
 83  6 6   0.00  28.14  35.44  45.25  38.45  90.00   2.50   5.00  16.00
 84  6 6  -6.26  27.44  35.44  45.25  38.45 102.85   2.50   5.00  16.00
 85  6 6 -12.21  25.36  35.44  45.25  38.45 115.71   2.50   5.00  16.00
 86  6 6 -17.54  22.00  35.44  45.25  38.45 128.57   2.50   5.00  16.00
 87  6 6 -22.00  17.55  35.44  45.25  38.45 141.42   2.50   5.00  16.00
 88  6 6 -25.35  12.21  35.44  45.25  38.45 154.28   2.50   5.00  16.00
 89  6 6 -27.44   6.27  35.44  45.25  38.45 167.14   2.50   5.00  16.00
 90  6 6 -28.14   0.00  35.44  45.25  38.45 179.99   2.50   5.00  16.00
 91  6 6 -27.44  -6.26  35.44  45.25  38.45 192.85   2.50   5.00  16.00
 92  6 6 -25.36 -12.21  35.44  45.25  38.45 205.71   2.50   5.00  16.00
 93  6 6 -22.01 -17.54  35.44  45.25  38.45 218.56   2.50   5.00  16.00
 94  6 6 -17.55 -22.00  35.44  45.25  38.45 231.42   2.50   5.00  16.00
 95  6 6 -12.22 -25.35  35.44  45.25  38.45 244.28   2.50   5.00  16.00
 96  6 6  -6.27 -27.44  35.44  45.25  38.45 257.13   2.50   5.00  16.00
 97  6 6  -0.01 -28.14  35.44  45.25  38.45 269.99   2.50   5.00  16.00
 98  6 6   6.26 -27.44  35.44  45.25  38.45 282.85   2.50   5.00  16.00
 99  6 6  12.21 -25.36  35.44  45.25  38.45 295.70   2.50   5.00  16.00
100  6 6  17.54 -22.01  35.44  45.25  38.45 308.56   2.50   5.00  16.00
101  6 6  22.00 -17.55  35.44  45.25  38.45 321.42   2.50   5.00  16.00
102  6 6  25.35 -12.22  35.44  45.25  38.45 334.27   2.50   5.00  16.00
103  6 6  27.44  -6.27  35.44  45.25  38.45 347.13   2.50   5.00  16.00
104  7 6  30.90   0.00  33.82  45.81  42.42   0.00   2.50   5.00  16.00
105  7 6  30.27   6.22  33.82  45.81  42.42  11.61   2.50   5.00  16.00
106  7 6  28.40  12.19  33.82  45.81  42.42  23.23   2.50   5.00  16.00
107  7 6  25.37  17.65  33.82  45.81  42.42  34.84   2.50   5.00  16.00
108  7 6  21.29  22.40  33.82  45.81  42.42  46.45   2.50   5.00  16.00
109  7 6  16.35  26.23  33.82  45.81  42.42  58.06   2.50   5.00  16.00
110  7 6  10.73  28.98  33.82  45.81  42.42  69.68   2.50   5.00  16.00
111  7 6   4.68  30.55  33.82  45.81  42.42  81.29   2.50   5.00  16.00
112  7 6  -1.56  30.87  33.82  45.81  42.42  92.90   2.50   5.00  16.00
113  7 6  -7.74  29.92  33.82  45.81  42.42 104.51   2.50   5.00  16.00
114  7 6 -13.61  27.75  33.82  45.81  42.42 116.13   2.50   5.00  16.00
115  7 6 -18.92  24.44  33.82  45.81  42.42 127.74   2.50   5.00  16.00
116  7 6 -23.45  20.13  33.82  45.81  42.42 139.35   2.50   5.00  16.00
117  7 6 -27.02  15.00  33.82  45.81  42.42 150.96   2.50   5.00  16.00
118  7 6 -29.49   9.25  33.82  45.81  42.42 162.58   2.50   5.00  16.00
119  7 6 -30.75   3.13  33.82  45.81  42.42 174.19   2.50   5.00  16.00
120  7 6 -30.75  -3.12  33.82  45.81  42.42 185.80   2.50   5.00  16.00
121  7 6 -29.49  -9.25  33.82  45.81  42.42 197.41   2.50   5.00  16.00
122  7 6 -27.02 -14.99  33.82  45.81  42.42 209.03   2.50   5.00  16.00
123  7 6 -23.45 -20.13  33.82  45.81  42.42 220.64   2.50   5.00  16.00
124  7 6 -18.92 -24.44  33.82  45.81  42.42 232.25   2.50   5.00  16.00
125  7 6 -13.61 -27.74  33.82  45.81  42.42 243.86   2.50   5.00  16.00
126  7 6  -7.75 -29.92  33.82  45.81  42.42 255.48   2.50   5.00  16.00
127  7 6  -1.57 -30.86  33.82  45.81  42.42 267.09   2.50   5.00  16.00
128  7 6   4.68 -30.55  33.82  45.81  42.42 278.70   2.50   5.00  16.00
129  7 6  10.73 -28.98  33.82  45.81  42.42 290.31   2.50   5.00  16.00
130  7 6  16.34 -26.23  33.82  45.81  42.42 301.93   2.50   5.00  16.00
131  7 6  21.29 -22.40  33.82  45.81  42.42 313.54   2.50   5.00  16.00
132  7 6  25.36 -17.66  33.82  45.81  42.42 325.15   2.50   5.00  16.00
133  7 6  28.40 -12.19  33.82  45.81  42.42 336.76   2.50   5.00  16.00
134  7 6  30.27  -6.23  33.82  45.81  42.42 348.38   2.50   5.00  16.00
135  8 6  33.63   0.00  32.13  46.51  46.31   0.00   2.50   5.00  16.00
136  8 6  33.06   6.18  32.13  46.51  46.31  10.59   2.50   5.00  16.00
137  8 6  31.36  12.15  32.13  46.51  46.31  21.18   2.50   5.00  16.00
138  8 6  28.59  17.70  32.13  46.51  46.31  31.76   2.50   5.00  16.00
139  8 6  24.85  22.65  32.13  46.51  46.31  42.35   2.50   5.00  16.00
140  8 6  20.27  26.84  32.13  46.51  46.31  52.94   2.50   5.00  16.00
141  8 6  14.99  30.10  32.13  46.51  46.31  63.53   2.50   5.00  16.00
142  8 6   9.20  32.34  32.13  46.51  46.31  74.11   2.50   5.00  16.00
143  8 6   3.11  33.48  32.13  46.51  46.31  84.70   2.50   5.00  16.00
144  8 6  -3.10  33.49  32.13  46.51  46.31  95.29   2.50   5.00  16.00
145  8 6  -9.20  32.35  32.13  46.51  46.31 105.88   2.50   5.00  16.00
146  8 6 -14.99  30.10  32.13  46.51  46.31 116.47   2.50   5.00  16.00
147  8 6 -20.26  26.84  32.13  46.51  46.31 127.05   2.50   5.00  16.00
148  8 6 -24.85  22.66  32.13  46.51  46.31 137.64   2.50   5.00  16.00
149  8 6 -28.59  17.71  32.13  46.51  46.31 148.23   2.50   5.00  16.00
150  8 6 -31.36  12.15  32.13  46.51  46.31 158.82   2.50   5.00  16.00
151  8 6 -33.05   6.18  32.13  46.51  46.31 169.40   2.50   5.00  16.00
152  8 6 -33.63   0.00  32.13  46.51  46.31 179.99   2.50   5.00  16.00
153  8 6 -33.06  -6.17  32.13  46.51  46.31 190.58   2.50   5.00  16.00
154  8 6 -31.36 -12.14  32.13  46.51  46.31 201.17   2.50   5.00  16.00
155  8 6 -28.59 -17.70  32.13  46.51  46.31 211.76   2.50   5.00  16.00
156  8 6 -24.86 -22.65  32.13  46.51  46.31 222.34   2.50   5.00  16.00
157  8 6 -20.27 -26.83  32.13  46.51  46.31 232.93   2.50   5.00  16.00
158  8 6 -15.00 -30.10  32.13  46.51  46.31 243.52   2.50   5.00  16.00
159  8 6  -9.21 -32.34  32.13  46.51  46.31 254.11   2.50   5.00  16.00
160  8 6  -3.11 -33.48  32.13  46.51  46.31 264.69   2.50   5.00  16.00
161  8 6   3.10 -33.49  32.13  46.51  46.31 275.28   2.50   5.00  16.00
162  8 6   9.20 -32.35  32.13  46.51  46.31 285.87   2.50   5.00  16.00
163  8 6  14.98 -30.11  32.13  46.51  46.31 296.46   2.50   5.00  16.00
164  8 6  20.26 -26.84  32.13  46.51  46.31 307.05   2.50   5.00  16.00
165  8 6  24.85 -22.66  32.13  46.51  46.31 317.63   2.50   5.00  16.00
166  8 6  28.59 -17.71  32.13  46.51  46.31 328.22   2.50   5.00  16.00
167  8 6  31.35 -12.16  32.13  46.51  46.31 338.81   2.50   5.00  16.00
168  8 6  33.05  -6.19  32.13  46.51  46.31 349.40   2.50   5.00  16.00
169  9 6  35.59   0.00  29.71  46.35  50.15   0.00   2.50   5.00  16.00
170  9 6  35.05   6.16  29.71  46.35  50.15   9.98   2.50   5.00  16.00
171  9 6  33.45  12.14  29.71  46.35  50.15  19.95   2.50   5.00  16.00
172  9 6  30.84  17.75  29.71  46.35  50.15  29.93   2.50   5.00  16.00
173  9 6  27.30  22.83  29.71  46.35  50.15  39.91   2.50   5.00  16.00
174  9 6  22.93  27.21  29.71  46.35  50.15  49.88   2.50   5.00  16.00
175  9 6  17.87  30.77  29.71  46.35  50.15  59.86   2.50   5.00  16.00
176  9 6  12.27  33.40  29.71  46.35  50.15  69.84   2.50   5.00  16.00
177  9 6   6.29  35.02  29.71  46.35  50.15  79.81   2.50   5.00  16.00
178  9 6   0.13  35.59  29.71  46.35  50.15  89.79   2.50   5.00  16.00
179  9 6  -6.04  35.07  29.71  46.35  50.15  99.76   2.50   5.00  16.00
180  9 6 -12.02  33.49  29.71  46.35  50.15 109.74   2.50   5.00  16.00
181  9 6 -17.64  30.91  29.71  46.35  50.15 119.72   2.50   5.00  16.00
182  9 6 -22.73  27.38  29.71  46.35  50.15 129.69   2.50   5.00  16.00
183  9 6 -27.13  23.03  29.71  46.35  50.15 139.67   2.50   5.00  16.00
184  9 6 -30.71  17.98  29.71  46.35  50.15 149.65   2.50   5.00  16.00
185  9 6 -33.36  12.39  29.71  46.35  50.15 159.62   2.50   5.00  16.00
186  9 6 -35.00   6.42  29.71  46.35  50.15 169.60   2.50   5.00  16.00
187  9 6 -35.58   0.26  29.71  46.35  50.15 179.58   2.50   5.00  16.00
188  9 6 -35.09  -5.91  29.71  46.35  50.15 189.55   2.50   5.00  16.00
189  9 6 -33.54 -11.90  29.71  46.35  50.15 199.53   2.50   5.00  16.00
190  9 6 -30.97 -17.53  29.71  46.35  50.15 209.51   2.50   5.00  16.00
191  9 6 -27.47 -22.63  29.71  46.35  50.15 219.48   2.50   5.00  16.00
192  9 6 -23.13 -27.04  29.71  46.35  50.15 229.46   2.50   5.00  16.00
193  9 6 -18.10 -30.64  29.71  46.35  50.15 239.43   2.50   5.00  16.00
194  9 6 -12.51 -33.31  29.71  46.35  50.15 249.41   2.50   5.00  16.00
195  9 6  -6.55 -34.98  29.71  46.35  50.15 259.39   2.50   5.00  16.00
196  9 6  -0.39 -35.58  29.71  46.35  50.15 269.36   2.50   5.00  16.00
197  9 6   5.78 -35.11  29.71  46.35  50.15 279.34   2.50   5.00  16.00
198  9 6  11.77 -33.58  29.71  46.35  50.15 289.32   2.50   5.00  16.00
199  9 6  17.41 -31.03  29.71  46.35  50.15 299.29   2.50   5.00  16.00
200  9 6  22.52 -27.55  29.71  46.35  50.15 309.27   2.50   5.00  16.00
201  9 6  26.96 -23.23  29.71  46.35  50.15 319.25   2.50   5.00  16.00
202  9 6  30.57 -18.21  29.71  46.35  50.15 329.22   2.50   5.00  16.00
203  9 6  33.27 -12.64  29.71  46.35  50.15 339.20   2.50   5.00  16.00
204  9 6  34.95  -6.68  29.71  46.35  50.15 349.18   2.50   5.00  16.00
205 10 6  37.46   0.00  27.23  46.31  53.98   0.00   2.50   5.00  16.00
206 10 6  36.95   6.15  27.23  46.31  53.98   9.45   2.50   5.00  16.00
207 10 6  35.44  12.13  27.23  46.31  53.98  18.90   2.50   5.00  16.00
208 10 6  32.96  17.78  27.23  46.31  53.98  28.35   2.50   5.00  16.00
209 10 6  29.60  22.95  27.23  46.31  53.98  37.80   2.50   5.00  16.00
210 10 6  25.43  27.50  27.23  46.31  53.98  47.25   2.50   5.00  16.00
211 10 6  20.57  31.30  27.23  46.31  53.98  56.69   2.50   5.00  16.00
212 10 6  15.15  34.26  27.23  46.31  53.98  66.14   2.50   5.00  16.00
213 10 6   9.32  36.28  27.23  46.31  53.98  75.59   2.50   5.00  16.00
214 10 6   3.24  37.31  27.23  46.31  53.98  85.04   2.50   5.00  16.00
215 10 6  -2.93  37.34  27.23  46.31  53.98  94.49   2.50   5.00  16.00
216 10 6  -9.02  36.35  27.23  46.31  53.98 103.94   2.50   5.00  16.00
217 10 6 -14.87  34.38  27.23  46.31  53.98 113.39   2.50   5.00  16.00
218 10 6 -20.31  31.47  27.23  46.31  53.98 122.84   2.50   5.00  16.00
219 10 6 -25.20  27.71  27.23  46.31  53.98 132.29   2.50   5.00  16.00
220 10 6 -29.41  23.20  27.23  46.31  53.98 141.74   2.50   5.00  16.00
221 10 6 -32.82  18.05  27.23  46.31  53.98 151.19   2.50   5.00  16.00
222 10 6 -35.34  12.42  27.23  46.31  53.98 160.63   2.50   5.00  16.00
223 10 6 -36.90   6.45  27.23  46.31  53.98 170.08   2.50   5.00  16.00
224 10 6 -37.45   0.31  27.23  46.31  53.98 179.53   2.50   5.00  16.00
225 10 6 -37.00  -5.85  27.23  46.31  53.98 188.98   2.50   5.00  16.00
226 10 6 -35.53 -11.84  27.23  46.31  53.98 198.43   2.50   5.00  16.00
227 10 6 -33.11 -17.51  27.23  46.31  53.98 207.88   2.50   5.00  16.00
228 10 6 -29.78 -22.71  27.23  46.31  53.98 217.33   2.50   5.00  16.00
229 10 6 -25.65 -27.29  27.23  46.31  53.98 226.78   2.50   5.00  16.00
230 10 6 -20.82 -31.13  27.23  46.31  53.98 236.23   2.50   5.00  16.00
231 10 6 -15.43 -34.13  27.23  46.31  53.98 245.68   2.50   5.00  16.00
232 10 6  -9.61 -36.20  27.23  46.31  53.98 255.13   2.50   5.00  16.00
233 10 6  -3.54 -37.29  27.23  46.31  53.98 264.57   2.50   5.00  16.00
234 10 6   2.63 -37.36  27.23  46.31  53.98 274.02   2.50   5.00  16.00
235 10 6   8.73 -36.42  27.23  46.31  53.98 283.47   2.50   5.00  16.00
236 10 6  14.59 -34.50  27.23  46.31  53.98 292.92   2.50   5.00  16.00
237 10 6  20.05 -31.63  27.23  46.31  53.98 302.37   2.50   5.00  16.00
238 10 6  24.98 -27.91  27.23  46.31  53.98 311.82   2.50   5.00  16.00
239 10 6  29.22 -23.43  27.23  46.31  53.98 321.27   2.50   5.00  16.00
240 10 6  32.67 -18.32  27.23  46.31  53.98 330.72   2.50   5.00  16.00
241 10 6  35.23 -12.71  27.23  46.31  53.98 340.17   2.50   5.00  16.00
242 10 6  36.84  -6.75  27.23  46.31  53.98 349.62   2.50   5.00  16.00
243 11 6  39.21   0.00  24.68  46.32  57.81   0.00   2.50   5.00  16.00
244 11 6  38.72   6.13  24.68  46.32  57.81   9.00   2.50   5.00  16.00
245 11 6  37.29  12.11  24.68  46.32  57.81  18.00   2.50   5.00  16.00
246 11 6  34.93  17.80  24.68  46.32  57.81  27.00   2.50   5.00  16.00
247 11 6  31.72  23.04  24.68  46.32  57.81  36.00   2.50   5.00  16.00
248 11 6  27.72  27.72  24.68  46.32  57.81  44.99   2.50   5.00  16.00
249 11 6  23.05  31.72  24.68  46.32  57.81  53.99   2.50   5.00  16.00
250 11 6  17.80  34.93  24.68  46.32  57.81  62.99   2.50   5.00  16.00
251 11 6  12.12  37.28  24.68  46.32  57.81  71.99   2.50   5.00  16.00
252 11 6   6.14  38.72  24.68  46.32  57.81  80.99   2.50   5.00  16.00
253 11 6   0.01  39.21  24.68  46.32  57.81  89.99   2.50   5.00  16.00
254 11 6  -6.13  38.72  24.68  46.32  57.81  98.99   2.50   5.00  16.00
255 11 6 -12.11  37.29  24.68  46.32  57.81 107.99   2.50   5.00  16.00
256 11 6 -17.79  34.94  24.68  46.32  57.81 116.99   2.50   5.00  16.00
257 11 6 -23.04  31.72  24.68  46.32  57.81 125.99   2.50   5.00  16.00
258 11 6 -27.72  27.73  24.68  46.32  57.81 134.98   2.50   5.00  16.00
259 11 6 -31.71  23.05  24.68  46.32  57.81 143.98   2.50   5.00  16.00
260 11 6 -34.93  17.81  24.68  46.32  57.81 152.98   2.50   5.00  16.00
261 11 6 -37.28  12.13  24.68  46.32  57.81 161.98   2.50   5.00  16.00
262 11 6 -38.72   6.15  24.68  46.32  57.81 170.98   2.50   5.00  16.00
263 11 6 -39.21   0.01  24.68  46.32  57.81 179.98   2.50   5.00  16.00
264 11 6 -38.73  -6.12  24.68  46.32  57.81 188.98   2.50   5.00  16.00
265 11 6 -37.29 -12.10  24.68  46.32  57.81 197.98   2.50   5.00  16.00
266 11 6 -34.94 -17.78  24.68  46.32  57.81 206.98   2.50   5.00  16.00
267 11 6 -31.73 -23.03  24.68  46.32  57.81 215.98   2.50   5.00  16.00
268 11 6 -27.73 -27.71  24.68  46.32  57.81 224.97   2.50   5.00  16.00
269 11 6 -23.06 -31.71  24.68  46.32  57.81 233.97   2.50   5.00  16.00
270 11 6 -17.82 -34.92  24.68  46.32  57.81 242.97   2.50   5.00  16.00
271 11 6 -12.13 -37.28  24.68  46.32  57.81 251.97   2.50   5.00  16.00
272 11 6  -6.15 -38.72  24.68  46.32  57.81 260.97   2.50   5.00  16.00
273 11 6  -0.02 -39.21  24.68  46.32  57.81 269.97   2.50   5.00  16.00
274 11 6   6.11 -38.73  24.68  46.32  57.81 278.97   2.50   5.00  16.00
275 11 6  12.09 -37.29  24.68  46.32  57.81 287.97   2.50   5.00  16.00
276 11 6  17.78 -34.94  24.68  46.32  57.81 296.97   2.50   5.00  16.00
277 11 6  23.03 -31.73  24.68  46.32  57.81 305.97   2.50   5.00  16.00
278 11 6  27.71 -27.74  24.68  46.32  57.81 314.96   2.50   5.00  16.00
279 11 6  31.70 -23.06  24.68  46.32  57.81 323.96   2.50   5.00  16.00
280 11 6  34.92 -17.82  24.68  46.32  57.81 332.96   2.50   5.00  16.00
281 11 6  37.28 -12.14  24.68  46.32  57.81 341.96   2.50   5.00  16.00
282 11 6  38.72  -6.16  24.68  46.32  57.81 350.96   2.50   5.00  16.00
283 12 6  40.20   0.00  21.68  45.67  61.66   0.00   2.50   5.00  16.00
284 12 6  39.73   6.14  21.68  45.67  61.66   8.78   2.50   5.00  16.00
285 12 6  38.33  12.13  21.68  45.67  61.66  17.56   2.50   5.00  16.00
286 12 6  36.03  17.84  21.68  45.67  61.66  26.34   2.50   5.00  16.00
287 12 6  32.88  23.13  21.68  45.67  61.66  35.12   2.50   5.00  16.00
288 12 6  28.97  27.87  21.68  45.67  61.66  43.90   2.50   5.00  16.00
289 12 6  24.37  31.97  21.68  45.67  61.66  52.68   2.50   5.00  16.00
290 12 6  19.21  35.31  21.68  45.67  61.66  61.46   2.50   5.00  16.00
291 12 6  13.59  37.83  21.68  45.67  61.66  70.24   2.50   5.00  16.00
292 12 6   7.66  39.46  21.68  45.67  61.66  79.02   2.50   5.00  16.00
293 12 6   1.54  40.17  21.68  45.67  61.66  87.80   2.50   5.00  16.00
294 12 6  -4.61  39.94  21.68  45.67  61.66  96.58   2.50   5.00  16.00
295 12 6 -10.65  38.76  21.68  45.67  61.66 105.36   2.50   5.00  16.00
296 12 6 -16.44  36.69  21.68  45.67  61.66 114.14   2.50   5.00  16.00
297 12 6 -21.85  33.75  21.68  45.67  61.66 122.92   2.50   5.00  16.00
298 12 6 -26.74  30.02  21.68  45.67  61.66 131.70   2.50   5.00  16.00
299 12 6 -31.01  25.58  21.68  45.67  61.66 140.48   2.50   5.00  16.00
300 12 6 -34.55  20.55  21.68  45.67  61.66 149.26   2.50   5.00  16.00
301 12 6 -37.28  15.04  21.68  45.67  61.66 158.04   2.50   5.00  16.00
302 12 6 -39.14   9.17  21.68  45.67  61.66 166.82   2.50   5.00  16.00
303 12 6 -40.08   3.09  21.68  45.67  61.66 175.60   2.50   5.00  16.00
304 12 6 -40.08  -3.07  21.68  45.67  61.66 184.38   2.50   5.00  16.00
305 12 6 -39.15  -9.15  21.68  45.67  61.66 193.16   2.50   5.00  16.00
306 12 6 -37.29 -15.02  21.68  45.67  61.66 201.94   2.50   5.00  16.00
307 12 6 -34.56 -20.53  21.68  45.67  61.66 210.72   2.50   5.00  16.00
308 12 6 -31.02 -25.57  21.68  45.67  61.66 219.49   2.50   5.00  16.00
309 12 6 -26.76 -30.00  21.68  45.67  61.66 228.27   2.50   5.00  16.00
310 12 6 -21.86 -33.74  21.68  45.67  61.66 237.05   2.50   5.00  16.00
311 12 6 -16.46 -36.68  21.68  45.67  61.66 245.83   2.50   5.00  16.00
312 12 6 -10.67 -38.76  21.68  45.67  61.66 254.61   2.50   5.00  16.00
313 12 6  -4.62 -39.93  21.68  45.67  61.66 263.39   2.50   5.00  16.00
314 12 6   1.52 -40.17  21.68  45.67  61.66 272.17   2.50   5.00  16.00
315 12 6   7.64 -39.47  21.68  45.67  61.66 280.95   2.50   5.00  16.00
316 12 6  13.57 -37.84  21.68  45.67  61.66 289.73   2.50   5.00  16.00
317 12 6  19.19 -35.32  21.68  45.67  61.66 298.51   2.50   5.00  16.00
318 12 6  24.36 -31.98  21.68  45.67  61.66 307.29   2.50   5.00  16.00
319 12 6  28.95 -27.89  21.68  45.67  61.66 316.07   2.50   5.00  16.00
320 12 6  32.87 -23.14  21.68  45.67  61.66 324.85   2.50   5.00  16.00
321 12 6  36.02 -17.85  21.68  45.67  61.66 333.63   2.50   5.00  16.00
322 12 6  38.32 -12.15  21.68  45.67  61.66 342.41   2.50   5.00  16.00
323 12 6  39.73  -6.16  21.68  45.67  61.66 351.19   2.50   5.00  16.00
324 13 6  41.17   0.00  18.71  45.22  65.56   0.00   2.50   5.00  16.00
325 13 6  40.71   6.13  18.71  45.22  65.56   8.57   2.50   5.00  16.00
326 13 6  39.34  12.13  18.71  45.22  65.56  17.14   2.50   5.00  16.00
327 13 6  37.09  17.86  18.71  45.22  65.56  25.71   2.50   5.00  16.00
328 13 6  34.02  23.19  18.71  45.22  65.56  34.28   2.50   5.00  16.00
329 13 6  30.18  28.00  18.71  45.22  65.56  42.85   2.50   5.00  16.00
330 13 6  25.67  32.18  18.71  45.22  65.56  51.42   2.50   5.00  16.00
331 13 6  20.59  35.65  18.71  45.22  65.56  59.99   2.50   5.00  16.00
332 13 6  15.05  38.32  18.71  45.22  65.56  68.56   2.50   5.00  16.00
333 13 6   9.17  40.13  18.71  45.22  65.56  77.13   2.50   5.00  16.00
334 13 6   3.09  41.05  18.71  45.22  65.56  85.70   2.50   5.00  16.00
335 13 6  -3.06  41.05  18.71  45.22  65.56  94.27   2.50   5.00  16.00
336 13 6  -9.15  40.14  18.71  45.22  65.56 102.84   2.50   5.00  16.00
337 13 6 -15.03  38.33  18.71  45.22  65.56 111.41   2.50   5.00  16.00
338 13 6 -20.57  35.66  18.71  45.22  65.56 119.98   2.50   5.00  16.00
339 13 6 -25.65  32.19  18.71  45.22  65.56 128.55   2.50   5.00  16.00
340 13 6 -30.17  28.01  18.71  45.22  65.56 137.12   2.50   5.00  16.00
341 13 6 -34.00  23.20  18.71  45.22  65.56 145.69   2.50   5.00  16.00
342 13 6 -37.08  17.88  18.71  45.22  65.56 154.26   2.50   5.00  16.00
343 13 6 -39.33  12.15  18.71  45.22  65.56 162.83   2.50   5.00  16.00
344 13 6 -40.70   6.16  18.71  45.22  65.56 171.40   2.50   5.00  16.00
345 13 6 -41.17   0.02  18.71  45.22  65.56 179.97   2.50   5.00  16.00
346 13 6 -40.71  -6.11  18.71  45.22  65.56 188.54   2.50   5.00  16.00
347 13 6 -39.34 -12.11  18.71  45.22  65.56 197.11   2.50   5.00  16.00
348 13 6 -37.10 -17.84  18.71  45.22  65.56 205.68   2.50   5.00  16.00
349 13 6 -34.03 -23.17  18.71  45.22  65.56 214.25   2.50   5.00  16.00
350 13 6 -30.20 -27.98  18.71  45.22  65.56 222.82   2.50   5.00  16.00
351 13 6 -25.69 -32.17  18.71  45.22  65.56 231.39   2.50   5.00  16.00
352 13 6 -20.61 -35.64  18.71  45.22  65.56 239.96   2.50   5.00  16.00
353 13 6 -15.07 -38.31  18.71  45.22  65.56 248.53   2.50   5.00  16.00
354 13 6  -9.19 -40.13  18.71  45.22  65.56 257.10   2.50   5.00  16.00
355 13 6  -3.11 -41.05  18.71  45.22  65.56 265.67   2.50   5.00  16.00
356 13 6   3.04 -41.05  18.71  45.22  65.56 274.24   2.50   5.00  16.00
357 13 6   9.13 -40.14  18.71  45.22  65.56 282.81   2.50   5.00  16.00
358 13 6  15.01 -38.33  18.71  45.22  65.56 291.38   2.50   5.00  16.00
359 13 6  20.55 -35.67  18.71  45.22  65.56 299.95   2.50   5.00  16.00
360 13 6  25.64 -32.21  18.71  45.22  65.56 308.52   2.50   5.00  16.00
361 13 6  30.15 -28.03  18.71  45.22  65.56 317.09   2.50   5.00  16.00
362 13 6  33.99 -23.22  18.71  45.22  65.56 325.66   2.50   5.00  16.00
363 13 6  37.07 -17.90  18.71  45.22  65.56 334.23   2.50   5.00  16.00
364 13 6  39.33 -12.17  18.71  45.22  65.56 342.80   2.50   5.00  16.00
365 13 6  40.70  -6.18  18.71  45.22  65.56 351.37   2.50   5.00  16.00
366 14 6  41.30   0.00  15.41  44.08  69.53   0.00   2.50   5.00  16.00
367 14 6  40.84   6.15  15.41  44.08  69.53   8.57   2.50   5.00  16.00
368 14 6  39.46  12.17  15.41  44.08  69.53  17.14   2.50   5.00  16.00
369 14 6  37.21  17.92  15.41  44.08  69.53  25.71   2.50   5.00  16.00
370 14 6  34.12  23.26  15.41  44.08  69.53  34.28   2.50   5.00  16.00
371 14 6  30.28  28.09  15.41  44.08  69.53  42.85   2.50   5.00  16.00
372 14 6  25.75  32.28  15.41  44.08  69.53  51.42   2.50   5.00  16.00
373 14 6  20.65  35.76  15.41  44.08  69.53  59.99   2.50   5.00  16.00
374 14 6  15.09  38.44  15.41  44.08  69.53  68.56   2.50   5.00  16.00
375 14 6   9.20  40.26  15.41  44.08  69.53  77.13   2.50   5.00  16.00
376 14 6   3.09  41.18  15.41  44.08  69.53  85.70   2.50   5.00  16.00
377 14 6  -3.08  41.18  15.41  44.08  69.53  94.27   2.50   5.00  16.00
378 14 6  -9.18  40.26  15.41  44.08  69.53 102.84   2.50   5.00  16.00
379 14 6 -15.08  38.45  15.41  44.08  69.53 111.41   2.50   5.00  16.00
380 14 6 -20.64  35.77  15.41  44.08  69.53 119.98   2.50   5.00  16.00
381 14 6 -25.74  32.29  15.41  44.08  69.53 128.55   2.50   5.00  16.00
382 14 6 -30.26  28.10  15.41  44.08  69.53 137.12   2.50   5.00  16.00
383 14 6 -34.11  23.27  15.41  44.08  69.53 145.70   2.50   5.00  16.00
384 14 6 -37.20  17.93  15.41  44.08  69.53 154.27   2.50   5.00  16.00
385 14 6 -39.46  12.19  15.41  44.08  69.53 162.84   2.50   5.00  16.00
386 14 6 -40.83   6.17  15.41  44.08  69.53 171.41   2.50   5.00  16.00
387 14 6 -41.30   0.02  15.41  44.08  69.53 179.98   2.50   5.00  16.00
388 14 6 -40.84  -6.14  15.41  44.08  69.53 188.55   2.50   5.00  16.00
389 14 6 -39.47 -12.15  15.41  44.08  69.53 197.12   2.50   5.00  16.00
390 14 6 -37.22 -17.90  15.41  44.08  69.53 205.69   2.50   5.00  16.00
391 14 6 -34.13 -23.25  15.41  44.08  69.53 214.26   2.50   5.00  16.00
392 14 6 -30.29 -28.07  15.41  44.08  69.53 222.83   2.50   5.00  16.00
393 14 6 -25.77 -32.27  15.41  44.08  69.53 231.40   2.50   5.00  16.00
394 14 6 -20.67 -35.75  15.41  44.08  69.53 239.97   2.50   5.00  16.00
395 14 6 -15.11 -38.43  15.41  44.08  69.53 248.54   2.50   5.00  16.00
396 14 6  -9.21 -40.26  15.41  44.08  69.53 257.11   2.50   5.00  16.00
397 14 6  -3.11 -41.18  15.41  44.08  69.53 265.68   2.50   5.00  16.00
398 14 6   3.06 -41.18  15.41  44.08  69.53 274.25   2.50   5.00  16.00
399 14 6   9.16 -40.27  15.41  44.08  69.53 282.82   2.50   5.00  16.00
400 14 6  15.06 -38.45  15.41  44.08  69.53 291.39   2.50   5.00  16.00
401 14 6  20.62 -35.78  15.41  44.08  69.53 299.96   2.50   5.00  16.00
402 14 6  25.73 -32.31  15.41  44.08  69.53 308.53   2.50   5.00  16.00
403 14 6  30.25 -28.11  15.41  44.08  69.53 317.10   2.50   5.00  16.00
404 14 6  34.10 -23.29  15.41  44.08  69.53 325.67   2.50   5.00  16.00
405 14 6  37.19 -17.95  15.41  44.08  69.53 334.24   2.50   5.00  16.00
406 14 6  39.45 -12.20  15.41  44.08  69.53 342.81   2.50   5.00  16.00
407 14 6  40.83  -6.19  15.41  44.08  69.53 351.38   2.50   5.00  16.00
408 15 6  41.39   0.00  12.17  43.14  73.61   0.00   2.50   5.00  16.00
409 15 6  40.93   6.17  12.17  43.14  73.61   8.57   2.50   5.00  16.00
410 15 6  39.55  12.20  12.17  43.14  73.61  17.14   2.50   5.00  16.00
411 15 6  37.29  17.96  12.17  43.14  73.61  25.71   2.50   5.00  16.00
412 15 6  34.20  23.31  12.17  43.14  73.61  34.28   2.50   5.00  16.00
413 15 6  30.34  28.15  12.17  43.14  73.61  42.85   2.50   5.00  16.00
414 15 6  25.81  32.36  12.17  43.14  73.61  51.42   2.50   5.00  16.00
415 15 6  20.70  35.84  12.17  43.14  73.61  59.99   2.50   5.00  16.00
416 15 6  15.13  38.53  12.17  43.14  73.61  68.56   2.50   5.00  16.00
417 15 6   9.22  40.35  12.17  43.14  73.61  77.14   2.50   5.00  16.00
418 15 6   3.10  41.27  12.17  43.14  73.61  85.71   2.50   5.00  16.00
419 15 6  -3.09  41.28  12.17  43.14  73.61  94.28   2.50   5.00  16.00
420 15 6  -9.20  40.36  12.17  43.14  73.61 102.85   2.50   5.00  16.00
421 15 6 -15.11  38.53  12.17  43.14  73.61 111.42   2.50   5.00  16.00
422 15 6 -20.69  35.85  12.17  43.14  73.61 119.99   2.50   5.00  16.00
423 15 6 -25.80  32.37  12.17  43.14  73.61 128.56   2.50   5.00  16.00
424 15 6 -30.34  28.16  12.17  43.14  73.61 137.13   2.50   5.00  16.00
425 15 6 -34.19  23.33  12.17  43.14  73.61 145.70   2.50   5.00  16.00
426 15 6 -37.29  17.97  12.17  43.14  73.61 154.27   2.50   5.00  16.00
427 15 6 -39.55  12.21  12.17  43.14  73.61 162.84   2.50   5.00  16.00
428 15 6 -40.93   6.18  12.17  43.14  73.61 171.41   2.50   5.00  16.00
429 15 6 -41.39   0.01  12.17  43.14  73.61 179.98   2.50   5.00  16.00
430 15 6 -40.93  -6.16  12.17  43.14  73.61 188.55   2.50   5.00  16.00
431 15 6 -39.56 -12.19  12.17  43.14  73.61 197.12   2.50   5.00  16.00
432 15 6 -37.30 -17.95  12.17  43.14  73.61 205.69   2.50   5.00  16.00
433 15 6 -34.21 -23.30  12.17  43.14  73.61 214.26   2.50   5.00  16.00
434 15 6 -30.35 -28.14  12.17  43.14  73.61 222.83   2.50   5.00  16.00
435 15 6 -25.82 -32.35  12.17  43.14  73.61 231.41   2.50   5.00  16.00
436 15 6 -20.71 -35.84  12.17  43.14  73.61 239.98   2.50   5.00  16.00
437 15 6 -15.14 -38.52  12.17  43.14  73.61 248.55   2.50   5.00  16.00
438 15 6  -9.23 -40.35  12.17  43.14  73.61 257.12   2.50   5.00  16.00
439 15 6  -3.11 -41.27  12.17  43.14  73.61 265.69   2.50   5.00  16.00
440 15 6   3.07 -41.28  12.17  43.14  73.61 274.26   2.50   5.00  16.00
441 15 6   9.19 -40.36  12.17  43.14  73.61 282.83   2.50   5.00  16.00
442 15 6  15.10 -38.54  12.17  43.14  73.61 291.40   2.50   5.00  16.00
443 15 6  20.68 -35.86  12.17  43.14  73.61 299.97   2.50   5.00  16.00
444 15 6  25.79 -32.37  12.17  43.14  73.61 308.54   2.50   5.00  16.00
445 15 6  30.33 -28.17  12.17  43.14  73.61 317.11   2.50   5.00  16.00
446 15 6  34.19 -23.34  12.17  43.14  73.61 325.68   2.50   5.00  16.00
447 15 6  37.28 -17.98  12.17  43.14  73.61 334.25   2.50   5.00  16.00
448 15 6  39.54 -12.22  12.17  43.14  73.61 342.82   2.50   5.00  16.00
449 15 6  40.93  -6.19  12.17  43.14  73.61 351.39   2.50   5.00  16.00
450 16 6  41.45   0.00   8.97  42.41  77.78   0.00   2.50   5.00  16.00
451 16 6  40.98   6.18   8.97  42.41  77.78   8.57   2.50   5.00  16.00
452 16 6  39.60  12.22   8.97  42.41  77.78  17.14   2.50   5.00  16.00
453 16 6  37.34  17.98   8.97  42.41  77.78  25.71   2.50   5.00  16.00
454 16 6  34.24  23.35   8.97  42.41  77.78  34.28   2.50   5.00  16.00
455 16 6  30.38  28.19   8.97  42.41  77.78  42.85   2.50   5.00  16.00
456 16 6  25.84  32.40   8.97  42.41  77.78  51.43   2.50   5.00  16.00
457 16 6  20.72  35.89   8.97  42.41  77.78  60.00   2.50   5.00  16.00
458 16 6  15.14  38.58   8.97  42.41  77.78  68.57   2.50   5.00  16.00
459 16 6   9.23  40.41   8.97  42.41  77.78  77.14   2.50   5.00  16.00
460 16 6   3.10  41.33   8.97  42.41  77.78  85.71   2.50   5.00  16.00
461 16 6  -3.09  41.33   8.97  42.41  77.78  94.28   2.50   5.00  16.00
462 16 6  -9.22  40.41   8.97  42.41  77.78 102.85   2.50   5.00  16.00
463 16 6 -15.14  38.58   8.97  42.41  77.78 111.42   2.50   5.00  16.00
464 16 6 -20.72  35.89   8.97  42.41  77.78 119.99   2.50   5.00  16.00
465 16 6 -25.84  32.41   8.97  42.41  77.78 128.56   2.50   5.00  16.00
466 16 6 -30.38  28.19   8.97  42.41  77.78 137.14   2.50   5.00  16.00
467 16 6 -34.24  23.35   8.97  42.41  77.78 145.71   2.50   5.00  16.00
468 16 6 -37.34  17.99   8.97  42.41  77.78 154.28   2.50   5.00  16.00
469 16 6 -39.60  12.22   8.97  42.41  77.78 162.85   2.50   5.00  16.00
470 16 6 -40.98   6.18   8.97  42.41  77.78 171.42   2.50   5.00  16.00
471 16 6 -41.45   0.01   8.97  42.41  77.78 179.99   2.50   5.00  16.00
472 16 6 -40.98  -6.17   8.97  42.41  77.78 188.56   2.50   5.00  16.00
473 16 6 -39.61 -12.21   8.97  42.41  77.78 197.13   2.50   5.00  16.00
474 16 6 -37.34 -17.98   8.97  42.41  77.78 205.70   2.50   5.00  16.00
475 16 6 -34.25 -23.34   8.97  42.41  77.78 214.27   2.50   5.00  16.00
476 16 6 -30.39 -28.18   8.97  42.41  77.78 222.85   2.50   5.00  16.00
477 16 6 -25.85 -32.40   8.97  42.41  77.78 231.42   2.50   5.00  16.00
478 16 6 -20.73 -35.89   8.97  42.41  77.78 239.99   2.50   5.00  16.00
479 16 6 -15.15 -38.58   8.97  42.41  77.78 248.56   2.50   5.00  16.00
480 16 6  -9.23 -40.40   8.97  42.41  77.78 257.13   2.50   5.00  16.00
481 16 6  -3.11 -41.33   8.97  42.41  77.78 265.70   2.50   5.00  16.00
482 16 6   3.09 -41.33   8.97  42.41  77.78 274.27   2.50   5.00  16.00
483 16 6   9.21 -40.41   8.97  42.41  77.78 282.84   2.50   5.00  16.00
484 16 6  15.13 -38.58   8.97  42.41  77.78 291.41   2.50   5.00  16.00
485 16 6  20.71 -35.90   8.97  42.41  77.78 299.98   2.50   5.00  16.00
486 16 6  25.83 -32.41   8.97  42.41  77.78 308.56   2.50   5.00  16.00
487 16 6  30.37 -28.20   8.97  42.41  77.78 317.13   2.50   5.00  16.00
488 16 6  34.24 -23.36   8.97  42.41  77.78 325.70   2.50   5.00  16.00
489 16 6  37.34 -17.99   8.97  42.41  77.78 334.27   2.50   5.00  16.00
490 16 6  39.60 -12.23   8.97  42.41  77.78 342.84   2.50   5.00  16.00
491 16 6  40.98  -6.19   8.97  42.41  77.78 351.41   2.50   5.00  16.00
492 17 6  40.66   0.00   5.66  41.05  82.07   0.00   2.50   5.00  16.00
493 17 6  40.18   6.21   5.66  41.05  82.07   8.78   2.50   5.00  16.00
494 17 6  38.77  12.27   5.66  41.05  82.07  17.56   2.50   5.00  16.00
495 17 6  36.44  18.04   5.66  41.05  82.07  26.34   2.50   5.00  16.00
496 17 6  33.26  23.39   5.66  41.05  82.07  35.12   2.50   5.00  16.00
497 17 6  29.30  28.19   5.66  41.05  82.07  43.90   2.50   5.00  16.00
498 17 6  24.65  32.34   5.66  41.05  82.07  52.68   2.50   5.00  16.00
499 17 6  19.43  35.72   5.66  41.05  82.07  61.46   2.50   5.00  16.00
500 17 6  13.75  38.27   5.66  41.05  82.07  70.24   2.50   5.00  16.00
501 17 6   7.75  39.92   5.66  41.05  82.07  79.02   2.50   5.00  16.00
502 17 6   1.56  40.63   5.66  41.05  82.07  87.80   2.50   5.00  16.00
503 17 6  -4.66  40.39   5.66  41.05  82.07  96.58   2.50   5.00  16.00
504 17 6 -10.77  39.21   5.66  41.05  82.07 105.36   2.50   5.00  16.00
505 17 6 -16.63  37.11   5.66  41.05  82.07 114.14   2.50   5.00  16.00
506 17 6 -22.10  34.13   5.66  41.05  82.07 122.92   2.50   5.00  16.00
507 17 6 -27.05  30.36   5.66  41.05  82.07 131.70   2.50   5.00  16.00
508 17 6 -31.37  25.88   5.66  41.05  82.07 140.48   2.50   5.00  16.00
509 17 6 -34.95  20.78   5.66  41.05  82.07 149.26   2.50   5.00  16.00
510 17 6 -37.71  15.21   5.66  41.05  82.07 158.04   2.50   5.00  16.00
511 17 6 -39.59   9.27   5.66  41.05  82.07 166.82   2.50   5.00  16.00
512 17 6 -40.54   3.12   5.66  41.05  82.07 175.60   2.50   5.00  16.00
513 17 6 -40.54  -3.10   5.66  41.05  82.07 184.38   2.50   5.00  16.00
514 17 6 -39.59  -9.26   5.66  41.05  82.07 193.16   2.50   5.00  16.00
515 17 6 -37.72 -15.19   5.66  41.05  82.07 201.94   2.50   5.00  16.00
516 17 6 -34.96 -20.77   5.66  41.05  82.07 210.72   2.50   5.00  16.00
517 17 6 -31.38 -25.86   5.66  41.05  82.07 219.50   2.50   5.00  16.00
518 17 6 -27.06 -30.35   5.66  41.05  82.07 228.28   2.50   5.00  16.00
519 17 6 -22.11 -34.12   5.66  41.05  82.07 237.06   2.50   5.00  16.00
520 17 6 -16.64 -37.10   5.66  41.05  82.07 245.84   2.50   5.00  16.00
521 17 6 -10.79 -39.20   5.66  41.05  82.07 254.62   2.50   5.00  16.00
522 17 6  -4.68 -40.39   5.66  41.05  82.07 263.40   2.50   5.00  16.00
523 17 6   1.54 -40.63   5.66  41.05  82.07 272.18   2.50   5.00  16.00
524 17 6   7.73 -39.92   5.66  41.05  82.07 280.96   2.50   5.00  16.00
525 17 6  13.73 -38.27   5.66  41.05  82.07 289.74   2.50   5.00  16.00
526 17 6  19.41 -35.73   5.66  41.05  82.07 298.52   2.50   5.00  16.00
527 17 6  24.64 -32.35   5.66  41.05  82.07 307.30   2.50   5.00  16.00
528 17 6  29.29 -28.21   5.66  41.05  82.07 316.08   2.50   5.00  16.00
529 17 6  33.25 -23.41   5.66  41.05  82.07 324.86   2.50   5.00  16.00
530 17 6  36.43 -18.06   5.66  41.05  82.07 333.64   2.50   5.00  16.00
531 17 6  38.76 -12.28   5.66  41.05  82.07 342.42   2.50   5.00  16.00
532 17 6  40.18  -6.22   5.66  41.05  82.07 351.20   2.50   5.00  16.00
533 18 6  39.03   0.00   2.35  39.10  86.56   0.00   2.50   5.00  16.00
534 18 6  38.52   6.26   2.35  39.10  86.56   9.23   2.50   5.00  16.00
535 18 6  37.02  12.36   2.35  39.10  86.56  18.46   2.50   5.00  16.00
536 18 6  34.56  18.14   2.35  39.10  86.56  27.69   2.50   5.00  16.00
537 18 6  31.20  23.45   2.35  39.10  86.56  36.92   2.50   5.00  16.00
538 18 6  27.04  28.15   2.35  39.10  86.56  46.15   2.50   5.00  16.00
539 18 6  22.17  32.12   2.35  39.10  86.56  55.38   2.50   5.00  16.00
540 18 6  16.73  35.26   2.35  39.10  86.56  64.62   2.50   5.00  16.00
541 18 6  10.86  37.49   2.35  39.10  86.56  73.85   2.50   5.00  16.00
542 18 6   4.70  38.74   2.35  39.10  86.56  83.08   2.50   5.00  16.00
543 18 6  -1.57  39.00   2.35  39.10  86.56  92.31   2.50   5.00  16.00
544 18 6  -7.81  38.24   2.35  39.10  86.56 101.54   2.50   5.00  16.00
545 18 6 -13.84  36.49   2.35  39.10  86.56 110.77   2.50   5.00  16.00
546 18 6 -19.51  33.80   2.35  39.10  86.56 120.00   2.50   5.00  16.00
547 18 6 -24.68  30.23   2.35  39.10  86.56 129.23   2.50   5.00  16.00
548 18 6 -29.21  25.88   2.35  39.10  86.56 138.46   2.50   5.00  16.00
549 18 6 -32.99  20.86   2.35  39.10  86.56 147.69   2.50   5.00  16.00
550 18 6 -35.91  15.30   2.35  39.10  86.56 156.92   2.50   5.00  16.00
551 18 6 -37.89   9.34   2.35  39.10  86.56 166.15   2.50   5.00  16.00
552 18 6 -38.90   3.14   2.35  39.10  86.56 175.38   2.50   5.00  16.00
553 18 6 -38.90  -3.14   2.35  39.10  86.56 184.62   2.50   5.00  16.00
554 18 6 -37.89  -9.34   2.35  39.10  86.56 193.85   2.50   5.00  16.00
555 18 6 -35.91 -15.30   2.35  39.10  86.56 203.08   2.50   5.00  16.00
556 18 6 -32.99 -20.86   2.35  39.10  86.56 212.31   2.50   5.00  16.00
557 18 6 -29.21 -25.88   2.35  39.10  86.56 221.54   2.50   5.00  16.00
558 18 6 -24.68 -30.23   2.35  39.10  86.56 230.77   2.50   5.00  16.00
559 18 6 -19.51 -33.80   2.35  39.10  86.56 240.00   2.50   5.00  16.00
560 18 6 -13.84 -36.49   2.35  39.10  86.56 249.23   2.50   5.00  16.00
561 18 6  -7.81 -38.24   2.35  39.10  86.56 258.46   2.50   5.00  16.00
562 18 6  -1.57 -39.00   2.35  39.10  86.56 267.69   2.50   5.00  16.00
563 18 6   4.70 -38.74   2.35  39.10  86.56 276.92   2.50   5.00  16.00
564 18 6  10.86 -37.49   2.35  39.10  86.56 286.15   2.50   5.00  16.00
565 18 6  16.73 -35.26   2.35  39.10  86.56 295.38   2.50   5.00  16.00
566 18 6  22.17 -32.12   2.35  39.10  86.56 304.61   2.50   5.00  16.00
567 18 6  27.04 -28.15   2.35  39.10  86.56 313.85   2.50   5.00  16.00
568 18 6  31.20 -23.45   2.35  39.10  86.56 323.08   2.50   5.00  16.00
569 18 6  34.56 -18.14   2.35  39.10  86.56 332.31   2.50   5.00  16.00
570 18 6  37.02 -12.36   2.35  39.10  86.56 341.54   2.50   5.00  16.00
571 18 6  38.52  -6.26   2.35  39.10  86.56 350.77   2.50   5.00  16.00
572 19 6  38.20   0.00  -0.83  38.21  91.25   0.00   2.50   5.00  16.00
573 19 6  37.68   6.29  -0.83  38.21  91.25   9.47   2.50   5.00  16.00
574 19 6  36.13  12.40  -0.83  38.21  91.25  18.95   2.50   5.00  16.00
575 19 6  33.59  18.18  -0.83  38.21  91.25  28.42   2.50   5.00  16.00
576 19 6  30.14  23.46  -0.83  38.21  91.25  37.89   2.50   5.00  16.00
577 19 6  25.87  28.10  -0.83  38.21  91.25  47.37   2.50   5.00  16.00
578 19 6  20.89  31.98  -0.83  38.21  91.25  56.84   2.50   5.00  16.00
579 19 6  15.35  34.98  -0.83  38.21  91.25  66.31   2.50   5.00  16.00
580 19 6   9.38  37.03  -0.83  38.21  91.25  75.78   2.50   5.00  16.00
581 19 6   3.16  38.07  -0.83  38.21  91.25  85.26   2.50   5.00  16.00
582 19 6  -3.15  38.07  -0.83  38.21  91.25  94.73   2.50   5.00  16.00
583 19 6  -9.37  37.03  -0.83  38.21  91.25 104.20   2.50   5.00  16.00
584 19 6 -15.34  34.98  -0.83  38.21  91.25 113.68   2.50   5.00  16.00
585 19 6 -20.89  31.98  -0.83  38.21  91.25 123.15   2.50   5.00  16.00
586 19 6 -25.87  28.11  -0.83  38.21  91.25 132.62   2.50   5.00  16.00
587 19 6 -30.14  23.47  -0.83  38.21  91.25 142.10   2.50   5.00  16.00
588 19 6 -33.59  18.19  -0.83  38.21  91.25 151.57   2.50   5.00  16.00
589 19 6 -36.13  12.41  -0.83  38.21  91.25 161.04   2.50   5.00  16.00
590 19 6 -37.68   6.29  -0.83  38.21  91.25 170.52   2.50   5.00  16.00
591 19 6 -38.20   0.01  -0.83  38.21  91.25 179.99   2.50   5.00  16.00
592 19 6 -37.68  -6.28  -0.83  38.21  91.25 189.46   2.50   5.00  16.00
593 19 6 -36.13 -12.39  -0.83  38.21  91.25 198.93   2.50   5.00  16.00
594 19 6 -33.60 -18.17  -0.83  38.21  91.25 208.41   2.50   5.00  16.00
595 19 6 -30.15 -23.45  -0.83  38.21  91.25 217.88   2.50   5.00  16.00
596 19 6 -25.88 -28.10  -0.83  38.21  91.25 227.35   2.50   5.00  16.00
597 19 6 -20.90 -31.97  -0.83  38.21  91.25 236.83   2.50   5.00  16.00
598 19 6 -15.35 -34.98  -0.83  38.21  91.25 246.30   2.50   5.00  16.00
599 19 6  -9.39 -37.03  -0.83  38.21  91.25 255.77   2.50   5.00  16.00
600 19 6  -3.17 -38.07  -0.83  38.21  91.25 265.25   2.50   5.00  16.00
601 19 6   3.14 -38.07  -0.83  38.21  91.25 274.72   2.50   5.00  16.00
602 19 6   9.37 -37.03  -0.83  38.21  91.25 284.19   2.50   5.00  16.00
603 19 6  15.33 -34.99  -0.83  38.21  91.25 293.67   2.50   5.00  16.00
604 19 6  20.88 -31.99  -0.83  38.21  91.25 303.14   2.50   5.00  16.00
605 19 6  25.86 -28.11  -0.83  38.21  91.25 312.61   2.50   5.00  16.00
606 19 6  30.14 -23.47  -0.83  38.21  91.25 322.08   2.50   5.00  16.00
607 19 6  33.59 -18.19  -0.83  38.21  91.25 331.56   2.50   5.00  16.00
608 19 6  36.12 -12.42  -0.83  38.21  91.25 341.03   2.50   5.00  16.00
609 19 6  37.67  -6.30  -0.83  38.21  91.25 350.50   2.50   5.00  16.00
610 20 6  35.87   0.00  -3.89  36.08  96.19   0.00   2.50   5.00  16.00
611 20 6  35.29   6.40  -3.89  36.08  96.19  10.29   2.50   5.00  16.00
612 20 6  33.58  12.60  -3.89  36.08  96.19  20.57   2.50   5.00  16.00
613 20 6  30.79  18.40  -3.89  36.08  96.19  30.86   2.50   5.00  16.00
614 20 6  27.01  23.60  -3.89  36.08  96.19  41.14   2.50   5.00  16.00
615 20 6  22.36  28.04  -3.89  36.08  96.19  51.43   2.50   5.00  16.00
616 20 6  17.00  31.58  -3.89  36.08  96.19  61.71   2.50   5.00  16.00
617 20 6  11.09  34.11  -3.89  36.08  96.19  72.00   2.50   5.00  16.00
618 20 6   4.82  35.54  -3.89  36.08  96.19  82.28   2.50   5.00  16.00
619 20 6  -1.61  35.83  -3.89  36.08  96.19  92.57   2.50   5.00  16.00
620 20 6  -7.98  34.97  -3.89  36.08  96.19 102.85   2.50   5.00  16.00
621 20 6 -14.09  32.98  -3.89  36.08  96.19 113.14   2.50   5.00  16.00
622 20 6 -19.76  29.94  -3.89  36.08  96.19 123.42   2.50   5.00  16.00
623 20 6 -24.78  25.93  -3.89  36.08  96.19 133.71   2.50   5.00  16.00
624 20 6 -29.01  21.08  -3.89  36.08  96.19 143.99   2.50   5.00  16.00
625 20 6 -32.31  15.57  -3.89  36.08  96.19 154.28   2.50   5.00  16.00
626 20 6 -34.57   9.55  -3.89  36.08  96.19 164.56   2.50   5.00  16.00
627 20 6 -35.72   3.22  -3.89  36.08  96.19 174.85   2.50   5.00  16.00
628 20 6 -35.72  -3.21  -3.89  36.08  96.19 185.14   2.50   5.00  16.00
629 20 6 -34.58  -9.54  -3.89  36.08  96.19 195.42   2.50   5.00  16.00
630 20 6 -32.32 -15.56  -3.89  36.08  96.19 205.71   2.50   5.00  16.00
631 20 6 -29.02 -21.08  -3.89  36.08  96.19 215.99   2.50   5.00  16.00
632 20 6 -24.79 -25.92  -3.89  36.08  96.19 226.28   2.50   5.00  16.00
633 20 6 -19.76 -29.93  -3.89  36.08  96.19 236.56   2.50   5.00  16.00
634 20 6 -14.10 -32.98  -3.89  36.08  96.19 246.85   2.50   5.00  16.00
635 20 6  -7.99 -34.97  -3.89  36.08  96.19 257.13   2.50   5.00  16.00
636 20 6  -1.62 -35.83  -3.89  36.08  96.19 267.42   2.50   5.00  16.00
637 20 6   4.81 -35.54  -3.89  36.08  96.19 277.70   2.50   5.00  16.00
638 20 6  11.08 -34.11  -3.89  36.08  96.19 287.99   2.50   5.00  16.00
639 20 6  16.99 -31.59  -3.89  36.08  96.19 298.27   2.50   5.00  16.00
640 20 6  22.36 -28.05  -3.89  36.08  96.19 308.56   2.50   5.00  16.00
641 20 6  27.00 -23.60  -3.89  36.08  96.19 318.84   2.50   5.00  16.00
642 20 6  30.79 -18.40  -3.89  36.08  96.19 329.13   2.50   5.00  16.00
643 20 6  33.58 -12.61  -3.89  36.08  96.19 339.41   2.50   5.00  16.00
644 20 6  35.29  -6.41  -3.89  36.08  96.19 349.70   2.50   5.00  16.00
645 21 6  34.27   0.00  -6.95  34.97 101.47   0.00   2.50   5.00  16.00
646 21 6  33.65   6.49  -6.95  34.97 101.47  10.91   2.50   5.00  16.00
647 21 6  31.82  12.74  -6.95  34.97 101.47  21.82   2.50   5.00  16.00
648 21 6  28.83  18.53  -6.95  34.97 101.47  32.73   2.50   5.00  16.00
649 21 6  24.80  23.65  -6.95  34.97 101.47  43.64   2.50   5.00  16.00
650 21 6  19.88  27.92  -6.95  34.97 101.47  54.54   2.50   5.00  16.00
651 21 6  14.24  31.17  -6.95  34.97 101.47  65.45   2.50   5.00  16.00
652 21 6   8.08  33.30  -6.95  34.97 101.47  76.36   2.50   5.00  16.00
653 21 6   1.63  34.23  -6.95  34.97 101.47  87.27   2.50   5.00  16.00
654 21 6  -4.88  33.92  -6.95  34.97 101.47  98.18   2.50   5.00  16.00
655 21 6 -11.21  32.39  -6.95  34.97 101.47 109.09   2.50   5.00  16.00
656 21 6 -17.13  29.68  -6.95  34.97 101.47 120.00   2.50   5.00  16.00
657 21 6 -22.44  25.90  -6.95  34.97 101.47 130.91   2.50   5.00  16.00
658 21 6 -26.94  21.19  -6.95  34.97 101.47 141.82   2.50   5.00  16.00
659 21 6 -30.46  15.70  -6.95  34.97 101.47 152.73   2.50   5.00  16.00
660 21 6 -32.88   9.66  -6.95  34.97 101.47 163.63   2.50   5.00  16.00
661 21 6 -34.12   3.26  -6.95  34.97 101.47 174.54   2.50   5.00  16.00
662 21 6 -34.12  -3.26  -6.95  34.97 101.47 185.45   2.50   5.00  16.00
663 21 6 -32.88  -9.65  -6.95  34.97 101.47 196.36   2.50   5.00  16.00
664 21 6 -30.46 -15.70  -6.95  34.97 101.47 207.27   2.50   5.00  16.00
665 21 6 -26.94 -21.18  -6.95  34.97 101.47 218.18   2.50   5.00  16.00
666 21 6 -22.44 -25.90  -6.95  34.97 101.47 229.09   2.50   5.00  16.00
667 21 6 -17.14 -29.68  -6.95  34.97 101.47 240.00   2.50   5.00  16.00
668 21 6 -11.21 -32.38  -6.95  34.97 101.47 250.91   2.50   5.00  16.00
669 21 6  -4.88 -33.92  -6.95  34.97 101.47 261.81   2.50   5.00  16.00
670 21 6   1.63 -34.23  -6.95  34.97 101.47 272.72   2.50   5.00  16.00
671 21 6   8.08 -33.30  -6.95  34.97 101.47 283.63   2.50   5.00  16.00
672 21 6  14.23 -31.17  -6.95  34.97 101.47 294.54   2.50   5.00  16.00
673 21 6  19.88 -27.92  -6.95  34.97 101.47 305.45   2.50   5.00  16.00
674 21 6  24.80 -23.65  -6.95  34.97 101.47 316.36   2.50   5.00  16.00
675 21 6  28.83 -18.53  -6.95  34.97 101.47 327.27   2.50   5.00  16.00
676 21 6  31.81 -12.74  -6.95  34.97 101.47 338.18   2.50   5.00  16.00
677 21 6  33.65  -6.49  -6.95  34.97 101.47 349.09   2.50   5.00  16.00
678 22 6  31.80   0.00  -9.76  33.27 107.06   0.00   2.50   5.00  16.00
679 22 6  31.11   6.61  -9.76  33.27 107.06  12.00   2.50   5.00  16.00
680 22 6  29.05  12.93  -9.76  33.27 107.06  24.00   2.50   5.00  16.00
681 22 6  25.73  18.69  -9.76  33.27 107.06  36.00   2.50   5.00  16.00
682 22 6  21.28  23.63  -9.76  33.27 107.06  48.00   2.50   5.00  16.00
683 22 6  15.90  27.54  -9.76  33.27 107.06  60.00   2.50   5.00  16.00
684 22 6   9.83  30.24  -9.76  33.27 107.06  72.00   2.50   5.00  16.00
685 22 6   3.33  31.63  -9.76  33.27 107.06  83.99   2.50   5.00  16.00
686 22 6  -3.32  31.63  -9.76  33.27 107.06  95.99   2.50   5.00  16.00
687 22 6  -9.82  30.25  -9.76  33.27 107.06 107.99   2.50   5.00  16.00
688 22 6 -15.90  27.54  -9.76  33.27 107.06 119.99   2.50   5.00  16.00
689 22 6 -21.28  23.64  -9.76  33.27 107.06 131.99   2.50   5.00  16.00
690 22 6 -25.73  18.70  -9.76  33.27 107.06 143.99   2.50   5.00  16.00
691 22 6 -29.05  12.94  -9.76  33.27 107.06 155.99   2.50   5.00  16.00
692 22 6 -31.11   6.62  -9.76  33.27 107.06 167.99   2.50   5.00  16.00
693 22 6 -31.80   0.01  -9.76  33.27 107.06 179.99   2.50   5.00  16.00
694 22 6 -31.11  -6.61  -9.76  33.27 107.06 191.99   2.50   5.00  16.00
695 22 6 -29.06 -12.93  -9.76  33.27 107.06 203.99   2.50   5.00  16.00
696 22 6 -25.73 -18.69  -9.76  33.27 107.06 215.99   2.50   5.00  16.00
697 22 6 -21.29 -23.63  -9.76  33.27 107.06 227.98   2.50   5.00  16.00
698 22 6 -15.91 -27.54  -9.76  33.27 107.06 239.98   2.50   5.00  16.00
699 22 6  -9.84 -30.24  -9.76  33.27 107.06 251.98   2.50   5.00  16.00
700 22 6  -3.33 -31.63  -9.76  33.27 107.06 263.98   2.50   5.00  16.00
701 22 6   3.31 -31.63  -9.76  33.27 107.06 275.98   2.50   5.00  16.00
702 22 6   9.82 -30.25  -9.76  33.27 107.06 287.98   2.50   5.00  16.00
703 22 6  15.89 -27.55  -9.76  33.27 107.06 299.98   2.50   5.00  16.00
704 22 6  21.27 -23.64  -9.76  33.27 107.06 311.98   2.50   5.00  16.00
705 22 6  25.72 -18.70  -9.76  33.27 107.06 323.98   2.50   5.00  16.00
706 22 6  29.05 -12.95  -9.76  33.27 107.06 335.98   2.50   5.00  16.00
707 22 6  31.10  -6.62  -9.76  33.27 107.06 347.98   2.50   5.00  16.00
708 23 6  28.44   0.00 -12.16  30.93 113.16   0.00   2.50   5.00  16.00
709 23 6  27.61   6.81 -12.16  30.93 113.16  13.85   2.50   5.00  16.00
710 23 6  25.18  13.21 -12.16  30.93 113.16  27.69   2.50   5.00  16.00
711 23 6  21.29  18.86 -12.16  30.93 113.16  41.54   2.50   5.00  16.00
712 23 6  16.15  23.40 -12.16  30.93 113.16  55.38   2.50   5.00  16.00
713 23 6  10.08  26.59 -12.16  30.93 113.16  69.23   2.50   5.00  16.00
714 23 6   3.43  28.23 -12.16  30.93 113.16  83.08   2.50   5.00  16.00
715 23 6  -3.43  28.23 -12.16  30.93 113.16  96.92   2.50   5.00  16.00
716 23 6 -10.08  26.59 -12.16  30.93 113.16 110.77   2.50   5.00  16.00
717 23 6 -16.15  23.40 -12.16  30.93 113.16 124.61   2.50   5.00  16.00
718 23 6 -21.28  18.86 -12.16  30.93 113.16 138.46   2.50   5.00  16.00
719 23 6 -25.18  13.22 -12.16  30.93 113.16 152.30   2.50   5.00  16.00
720 23 6 -27.61   6.81 -12.16  30.93 113.16 166.15   2.50   5.00  16.00
721 23 6 -28.44   0.00 -12.16  30.93 113.16 180.00   2.50   5.00  16.00
722 23 6 -27.61  -6.80 -12.16  30.93 113.16 193.84   2.50   5.00  16.00
723 23 6 -25.18 -13.21 -12.16  30.93 113.16 207.69   2.50   5.00  16.00
724 23 6 -21.29 -18.86 -12.16  30.93 113.16 221.53   2.50   5.00  16.00
725 23 6 -16.16 -23.40 -12.16  30.93 113.16 235.38   2.50   5.00  16.00
726 23 6 -10.09 -26.59 -12.16  30.93 113.16 249.23   2.50   5.00  16.00
727 23 6  -3.43 -28.23 -12.16  30.93 113.16 263.07   2.50   5.00  16.00
728 23 6   3.43 -28.23 -12.16  30.93 113.16 276.92   2.50   5.00  16.00
729 23 6  10.08 -26.59 -12.16  30.93 113.16 290.76   2.50   5.00  16.00
730 23 6  16.15 -23.40 -12.16  30.93 113.16 304.61   2.50   5.00  16.00
731 23 6  21.28 -18.86 -12.16  30.93 113.16 318.46   2.50   5.00  16.00
732 23 6  25.18 -13.22 -12.16  30.93 113.16 332.30   2.50   5.00  16.00
733 23 6  27.61  -6.81 -12.16  30.93 113.16 346.15   2.50   5.00  16.00
734 24 6  24.94   0.00 -14.37  28.79 119.94   0.00   2.50   5.00  16.00
735 24 6  23.93   7.03 -14.37  28.79 119.94  16.36   2.50   5.00  16.00
736 24 6  20.98  13.49 -14.37  28.79 119.94  32.73   2.50   5.00  16.00
737 24 6  16.34  18.85 -14.37  28.79 119.94  49.09   2.50   5.00  16.00
738 24 6  10.36  22.69 -14.37  28.79 119.94  65.45   2.50   5.00  16.00
739 24 6   3.55  24.69 -14.37  28.79 119.94  81.82   2.50   5.00  16.00
740 24 6  -3.55  24.69 -14.37  28.79 119.94  98.18   2.50   5.00  16.00
741 24 6 -10.36  22.69 -14.37  28.79 119.94 114.54   2.50   5.00  16.00
742 24 6 -16.33  18.85 -14.37  28.79 119.94 130.90   2.50   5.00  16.00
743 24 6 -20.98  13.49 -14.37  28.79 119.94 147.27   2.50   5.00  16.00
744 24 6 -23.93   7.03 -14.37  28.79 119.94 163.63   2.50   5.00  16.00
745 24 6 -24.94   0.00 -14.37  28.79 119.94 179.99   2.50   5.00  16.00
746 24 6 -23.93  -7.02 -14.37  28.79 119.94 196.36   2.50   5.00  16.00
747 24 6 -20.99 -13.48 -14.37  28.79 119.94 212.72   2.50   5.00  16.00
748 24 6 -16.34 -18.85 -14.37  28.79 119.94 229.08   2.50   5.00  16.00
749 24 6 -10.37 -22.69 -14.37  28.79 119.94 245.45   2.50   5.00  16.00
750 24 6  -3.55 -24.69 -14.37  28.79 119.94 261.81   2.50   5.00  16.00
751 24 6   3.55 -24.69 -14.37  28.79 119.94 278.17   2.50   5.00  16.00
752 24 6  10.36 -22.69 -14.37  28.79 119.94 294.54   2.50   5.00  16.00
753 24 6  16.33 -18.85 -14.37  28.79 119.94 310.90   2.50   5.00  16.00
754 24 6  20.98 -13.49 -14.37  28.79 119.94 327.26   2.50   5.00  16.00
755 24 6  23.93  -7.03 -14.37  28.79 119.94 343.62   2.50   5.00  16.00
756 25 6  21.28   0.00 -16.38  26.85 127.58   0.00   2.50   5.00  16.00
757 25 6  20.00   7.28 -16.38  26.85 127.58  20.00   2.50   5.00  16.00
758 25 6  16.30  13.68 -16.38  26.85 127.58  40.00   2.50   5.00  16.00
759 25 6  10.64  18.43 -16.38  26.85 127.58  60.00   2.50   5.00  16.00
760 25 6   3.70  20.96 -16.38  26.85 127.58  79.99   2.50   5.00  16.00
761 25 6  -3.69  20.96 -16.38  26.85 127.58  99.99   2.50   5.00  16.00
762 25 6 -10.64  18.43 -16.38  26.85 127.58 119.99   2.50   5.00  16.00
763 25 6 -16.30  13.68 -16.38  26.85 127.58 139.99   2.50   5.00  16.00
764 25 6 -20.00   7.28 -16.38  26.85 127.58 159.99   2.50   5.00  16.00
765 25 6 -21.28   0.01 -16.38  26.85 127.58 179.99   2.50   5.00  16.00
766 25 6 -20.00  -7.27 -16.38  26.85 127.58 199.98   2.50   5.00  16.00
767 25 6 -16.31 -13.67 -16.38  26.85 127.58 219.98   2.50   5.00  16.00
768 25 6 -10.65 -18.43 -16.38  26.85 127.58 239.98   2.50   5.00  16.00
769 25 6  -3.70 -20.96 -16.38  26.85 127.58 259.98   2.50   5.00  16.00
770 25 6   3.69 -20.96 -16.38  26.85 127.58 279.98   2.50   5.00  16.00
771 25 6  10.63 -18.44 -16.38  26.85 127.58 299.98   2.50   5.00  16.00
772 25 6  16.30 -13.69 -16.38  26.85 127.58 319.97   2.50   5.00  16.00
773 25 6  19.99  -7.29 -16.38  26.85 127.58 339.97   2.50   5.00  16.00
774 26 6  16.55   0.00 -17.46  24.06 136.52   0.00   2.50   5.00  16.00
775 26 6  14.66   7.69 -17.46  24.06 136.52  27.69   2.50   5.00  16.00
776 26 6   9.40  13.62 -17.46  24.06 136.52  55.38   2.50   5.00  16.00
777 26 6   2.00  16.43 -17.46  24.06 136.52  83.07   2.50   5.00  16.00
778 26 6  -5.87  15.48 -17.46  24.06 136.52 110.77   2.50   5.00  16.00
779 26 6 -12.39  10.98 -17.46  24.06 136.52 138.46   2.50   5.00  16.00
780 26 6 -16.07   3.96 -17.46  24.06 136.52 166.15   2.50   5.00  16.00
781 26 6 -16.07  -3.96 -17.46  24.06 136.52 193.84   2.50   5.00  16.00
782 26 6 -12.39 -10.98 -17.46  24.06 136.52 221.53   2.50   5.00  16.00
783 26 6  -5.87 -15.48 -17.46  24.06 136.52 249.22   2.50   5.00  16.00
784 26 6   1.99 -16.43 -17.46  24.06 136.52 276.92   2.50   5.00  16.00
785 26 6   9.40 -13.63 -17.46  24.06 136.52 304.61   2.50   5.00  16.00
786 26 6  14.66  -7.70 -17.46  24.06 136.52 332.30   2.50   5.00  16.00
787 27 6  10.44   0.00 -17.02  19.97 148.48   0.00   2.50   5.00  16.00
788 27 6   6.51   8.16 -17.02  19.97 148.48  51.43   2.50   5.00  16.00
789 27 6  -2.32  10.18 -17.02  19.97 148.48 102.85   2.50   5.00  16.00
790 27 6  -9.40   4.53 -17.02  19.97 148.48 154.28   2.50   5.00  16.00
791 27 6  -9.41  -4.53 -17.02  19.97 148.48 205.71   2.50   5.00  16.00
792 27 6  -2.32 -10.18 -17.02  19.97 148.48 257.14   2.50   5.00  16.00
793 27 6   6.51  -8.16 -17.02  19.97 148.48 308.56   2.50   5.00  16.00
794 28 6   6.07   0.00 -19.51  20.43 162.72   0.00   2.50   5.00  16.00
795 28 6   0.00   6.07 -19.51  20.43 162.72  89.99   2.50   5.00  16.00
796 28 6  -6.07   0.00 -19.51  20.43 162.72 179.99   2.50   5.00  16.00
797 28 6  -0.00  -6.07 -19.51  20.43 162.72 269.98   2.50   5.00  16.00
