  1   1    5   5.07   0.00  23.48  24.02  12.19   0.00   1.50   1.50   4.00   4.00   8.00
  2   1    5   2.54   4.39  23.48  24.02  12.19  60.00   1.50   1.50   4.00   4.00   8.00
  3   1    5  -2.53   4.39  23.48  24.02  12.19 119.99   1.50   1.50   4.00   4.00   8.00
  4   1    5  -5.07   0.00  23.48  24.02  12.19 179.99   1.50   1.50   4.00   4.00   8.00
  5   1    5  -2.54  -4.39  23.48  24.02  12.19 239.98   1.50   1.50   4.00   4.00   8.00
  6   1    5   2.53  -4.39  23.48  24.02  12.19 299.98   1.50   1.50   4.00   4.00   8.00
  7   2    5   7.46   0.00  23.57  24.73  17.55   0.00   1.50   1.50   4.00   4.00   8.00
  8   2    5   5.71   4.79  23.57  24.73  17.55  40.00   1.50   1.50   4.00   4.00   8.00
  9   2    5   1.30   7.34  23.57  24.73  17.55  80.00   1.50   1.50   4.00   4.00   8.00
 10   2    5  -3.73   6.46  23.57  24.73  17.55 120.00   1.50   1.50   4.00   4.00   8.00
 11   2    5  -7.01   2.55  23.57  24.73  17.55 160.00   1.50   1.50   4.00   4.00   8.00
 12   2    5  -7.01  -2.55  23.57  24.73  17.55 200.00   1.50   1.50   4.00   4.00   8.00
 13   2    5  -3.73  -6.46  23.57  24.73  17.55 239.99   1.50   1.50   4.00   4.00   8.00
 14   2    5   1.29  -7.34  23.57  24.73  17.55 279.99   1.50   1.50   4.00   4.00   8.00
 15   2    5   5.71  -4.79  23.57  24.73  17.55 319.99   1.50   1.50   4.00   4.00   8.00
 16   3    5  10.38   0.00  25.36  27.40  22.25   0.00   1.50   1.50   4.00   4.00   8.00
 17   3    5   9.19   4.82  25.36  27.40  22.25  27.69   1.50   1.50   4.00   4.00   8.00
 18   3    5   5.90   8.54  25.36  27.40  22.25  55.38   1.50   1.50   4.00   4.00   8.00
 19   3    5   1.25  10.30  25.36  27.40  22.25  83.08   1.50   1.50   4.00   4.00   8.00
 20   3    5  -3.68   9.70  25.36  27.40  22.25 110.77   1.50   1.50   4.00   4.00   8.00
 21   3    5  -7.77   6.88  25.36  27.40  22.25 138.46   1.50   1.50   4.00   4.00   8.00
 22   3    5 -10.08   2.48  25.36  27.40  22.25 166.15   1.50   1.50   4.00   4.00   8.00
 23   3    5 -10.08  -2.48  25.36  27.40  22.25 193.84   1.50   1.50   4.00   4.00   8.00
 24   3    5  -7.77  -6.88  25.36  27.40  22.25 221.53   1.50   1.50   4.00   4.00   8.00
 25   3    5  -3.68  -9.70  25.36  27.40  22.25 249.23   1.50   1.50   4.00   4.00   8.00
 26   3    5   1.25 -10.30  25.36  27.40  22.25 276.92   1.50   1.50   4.00   4.00   8.00
 27   3    5   5.89  -8.54  25.36  27.40  22.25 304.61   1.50   1.50   4.00   4.00   8.00
 28   3    5   9.19  -4.82  25.36  27.40  22.25 332.30   1.50   1.50   4.00   4.00   8.00
 29   4    5  12.57   0.00  25.34  28.28  26.38   0.00   1.50   1.50   4.00   4.00   8.00
 30   4    5  11.61   4.81  25.34  28.28  26.38  22.50   1.50   1.50   4.00   4.00   8.00
 31   4    5   8.89   8.89  25.34  28.28  26.38  45.00   1.50   1.50   4.00   4.00   8.00
 32   4    5   4.81  11.61  25.34  28.28  26.38  67.49   1.50   1.50   4.00   4.00   8.00
 33   4    5   0.00  12.57  25.34  28.28  26.38  89.99   1.50   1.50   4.00   4.00   8.00
 34   4    5  -4.81  11.61  25.34  28.28  26.38 112.49   1.50   1.50   4.00   4.00   8.00
 35   4    5  -8.89   8.89  25.34  28.28  26.38 134.99   1.50   1.50   4.00   4.00   8.00
 36   4    5 -11.61   4.81  25.34  28.28  26.38 157.48   1.50   1.50   4.00   4.00   8.00
 37   4    5 -12.57   0.00  25.34  28.28  26.38 179.98   1.50   1.50   4.00   4.00   8.00
 38   4    5 -11.61  -4.81  25.34  28.28  26.38 202.48   1.50   1.50   4.00   4.00   8.00
 39   4    5  -8.89  -8.88  25.34  28.28  26.38 224.98   1.50   1.50   4.00   4.00   8.00
 40   4    5  -4.82 -11.61  25.34  28.28  26.38 247.47   1.50   1.50   4.00   4.00   8.00
 41   4    5  -0.01 -12.57  25.34  28.28  26.38 269.97   1.50   1.50   4.00   4.00   8.00
 42   4    5   4.80 -11.61  25.34  28.28  26.38 292.47   1.50   1.50   4.00   4.00   8.00
 43   4    5   8.88  -8.89  25.34  28.28  26.38 314.97   1.50   1.50   4.00   4.00   8.00
 44   4    5  11.61  -4.82  25.34  28.28  26.38 337.47   1.50   1.50   4.00   4.00   8.00
 45   5    5  15.36   0.00  26.41  30.55  30.19   0.00   1.50   1.50   4.00   4.00   8.00
 46   5    5  14.61   4.75  26.41  30.55  30.19  18.00   1.50   1.50   4.00   4.00   8.00
 47   5    5  12.43   9.03  26.41  30.55  30.19  36.00   1.50   1.50   4.00   4.00   8.00
 48   5    5   9.03  12.43  26.41  30.55  30.19  54.00   1.50   1.50   4.00   4.00   8.00
 49   5    5   4.75  14.61  26.41  30.55  30.19  72.00   1.50   1.50   4.00   4.00   8.00
 50   5    5   0.00  15.36  26.41  30.55  30.19  90.00   1.50   1.50   4.00   4.00   8.00
 51   5    5  -4.75  14.61  26.41  30.55  30.19 108.00   1.50   1.50   4.00   4.00   8.00
 52   5    5  -9.03  12.43  26.41  30.55  30.19 126.00   1.50   1.50   4.00   4.00   8.00
 53   5    5 -12.43   9.03  26.41  30.55  30.19 144.00   1.50   1.50   4.00   4.00   8.00
 54   5    5 -14.61   4.75  26.41  30.55  30.19 162.00   1.50   1.50   4.00   4.00   8.00
 55   5    5 -15.36   0.00  26.41  30.55  30.19 180.00   1.50   1.50   4.00   4.00   8.00
 56   5    5 -14.61  -4.75  26.41  30.55  30.19 198.00   1.50   1.50   4.00   4.00   8.00
 57   5    5 -12.43  -9.03  26.41  30.55  30.19 216.00   1.50   1.50   4.00   4.00   8.00
 58   5    5  -9.03 -12.43  26.41  30.55  30.19 234.00   1.50   1.50   4.00   4.00   8.00
 59   5    5  -4.75 -14.61  26.41  30.55  30.19 252.00   1.50   1.50   4.00   4.00   8.00
 60   5    5  -0.00 -15.36  26.41  30.55  30.19 270.00   1.50   1.50   4.00   4.00   8.00
 61   5    5   4.75 -14.61  26.41  30.55  30.19 288.00   1.50   1.50   4.00   4.00   8.00
 62   5    5   9.03 -12.43  26.41  30.55  30.19 306.00   1.50   1.50   4.00   4.00   8.00
 63   5    5  12.43  -9.03  26.41  30.55  30.19 324.00   1.50   1.50   4.00   4.00   8.00
 64   5    5  14.61  -4.75  26.41  30.55  30.19 342.00   1.50   1.50   4.00   4.00   8.00
 65   6    5  17.48   0.00  26.23  31.52  33.68   0.00   1.50   1.50   4.00   4.00   8.00
 66   6    5  16.83   4.72  26.23  31.52  33.68  15.65   1.50   1.50   4.00   4.00   8.00
 67   6    5  14.94   9.08  26.23  31.52  33.68  31.30   1.50   1.50   4.00   4.00   8.00
 68   6    5  11.93  12.78  26.23  31.52  33.68  46.96   1.50   1.50   4.00   4.00   8.00
 69   6    5   8.04  15.52  26.23  31.52  33.68  62.61   1.50   1.50   4.00   4.00   8.00
 70   6    5   3.56  17.11  26.23  31.52  33.68  78.26   1.50   1.50   4.00   4.00   8.00
 71   6    5  -1.19  17.44  26.23  31.52  33.68  93.91   1.50   1.50   4.00   4.00   8.00
 72   6    5  -5.85  16.47  26.23  31.52  33.68 109.56   1.50   1.50   4.00   4.00   8.00
 73   6    5 -10.08  14.28  26.23  31.52  33.68 125.21   1.50   1.50   4.00   4.00   8.00
 74   6    5 -13.56  11.03  26.23  31.52  33.68 140.87   1.50   1.50   4.00   4.00   8.00
 75   6    5 -16.03   6.97  26.23  31.52  33.68 156.52   1.50   1.50   4.00   4.00   8.00
 76   6    5 -17.32   2.38  26.23  31.52  33.68 172.17   1.50   1.50   4.00   4.00   8.00
 77   6    5 -17.32  -2.38  26.23  31.52  33.68 187.82   1.50   1.50   4.00   4.00   8.00
 78   6    5 -16.03  -6.96  26.23  31.52  33.68 203.47   1.50   1.50   4.00   4.00   8.00
 79   6    5 -13.56 -11.03  26.23  31.52  33.68 219.12   1.50   1.50   4.00   4.00   8.00
 80   6    5 -10.08 -14.28  26.23  31.52  33.68 234.78   1.50   1.50   4.00   4.00   8.00
 81   6    5  -5.86 -16.47  26.23  31.52  33.68 250.43   1.50   1.50   4.00   4.00   8.00
 82   6    5  -1.20 -17.44  26.23  31.52  33.68 266.08   1.50   1.50   4.00   4.00   8.00
 83   6    5   3.55 -17.12  26.23  31.52  33.68 281.73   1.50   1.50   4.00   4.00   8.00
 84   6    5   8.04 -15.52  26.23  31.52  33.68 297.38   1.50   1.50   4.00   4.00   8.00
 85   6    5  11.93 -12.78  26.23  31.52  33.68 313.03   1.50   1.50   4.00   4.00   8.00
 86   6    5  14.93  -9.09  26.23  31.52  33.68 328.69   1.50   1.50   4.00   4.00   8.00
 87   6    5  16.83  -4.72  26.23  31.52  33.68 344.34   1.50   1.50   4.00   4.00   8.00
 88   7    5  19.58   0.00  25.97  32.52  37.01   0.00   1.50   1.50   4.00   4.00   8.00
 89   7    5  19.01   4.68  25.97  32.52  37.01  13.84   1.50   1.50   4.00   4.00   8.00
 90   7    5  17.34   9.10  25.97  32.52  37.01  27.69   1.50   1.50   4.00   4.00   8.00
 91   7    5  14.66  12.98  25.97  32.52  37.01  41.53   1.50   1.50   4.00   4.00   8.00
 92   7    5  11.12  16.11  25.97  32.52  37.01  55.37   1.50   1.50   4.00   4.00   8.00
 93   7    5   6.95  18.30  25.97  32.52  37.01  69.22   1.50   1.50   4.00   4.00   8.00
 94   7    5   2.36  19.43  25.97  32.52  37.01  83.06   1.50   1.50   4.00   4.00   8.00
 95   7    5  -2.35  19.44  25.97  32.52  37.01  96.91   1.50   1.50   4.00   4.00   8.00
 96   7    5  -6.94  18.31  25.97  32.52  37.01 110.75   1.50   1.50   4.00   4.00   8.00
 97   7    5 -11.11  16.12  25.97  32.52  37.01 124.59   1.50   1.50   4.00   4.00   8.00
 98   7    5 -14.65  12.99  25.97  32.52  37.01 138.44   1.50   1.50   4.00   4.00   8.00
 99   7    5 -17.33   9.11  25.97  32.52  37.01 152.28   1.50   1.50   4.00   4.00   8.00
100   7    5 -19.01   4.70  25.97  32.52  37.01 166.12   1.50   1.50   4.00   4.00   8.00
101   7    5 -19.58   0.01  25.97  32.52  37.01 179.97   1.50   1.50   4.00   4.00   8.00
102   7    5 -19.01  -4.67  25.97  32.52  37.01 193.81   1.50   1.50   4.00   4.00   8.00
103   7    5 -17.34  -9.09  25.97  32.52  37.01 207.65   1.50   1.50   4.00   4.00   8.00
104   7    5 -14.66 -12.97  25.97  32.52  37.01 221.50   1.50   1.50   4.00   4.00   8.00
105   7    5 -11.13 -16.10  25.97  32.52  37.01 235.34   1.50   1.50   4.00   4.00   8.00
106   7    5  -6.96 -18.30  25.97  32.52  37.01 249.18   1.50   1.50   4.00   4.00   8.00
107   7    5  -2.38 -19.43  25.97  32.52  37.01 263.03   1.50   1.50   4.00   4.00   8.00
108   7    5   2.34 -19.44  25.97  32.52  37.01 276.87   1.50   1.50   4.00   4.00   8.00
109   7    5   6.93 -18.31  25.97  32.52  37.01 290.72   1.50   1.50   4.00   4.00   8.00
110   7    5  11.11 -16.12  25.97  32.52  37.01 304.56   1.50   1.50   4.00   4.00   8.00
111   7    5  14.64 -13.00  25.97  32.52  37.01 318.40   1.50   1.50   4.00   4.00   8.00
112   7    5  17.33  -9.12  25.97  32.52  37.01 332.25   1.50   1.50   4.00   4.00   8.00
113   7    5  19.00  -4.71  25.97  32.52  37.01 346.09   1.50   1.50   4.00   4.00   8.00
-1
 
