BeamEnergy_GammaEnergy_FittedEnergy_sigma_Resolution_sigma_Counts_sigma 
0 100 250 249.989548 0.016993 5.887431 0.015438 732598.276057 3097.770832 
0 100 500 499.870392 0.029651 9.184802 0.028058 569744.502183 2825.837386 
0 100 750 749.705933 0.039414 11.365096 0.036462 481666.326838 2558.656986 
0 100 1000 999.736206 0.048232 13.481575 0.042445 431600.953297 2348.830402 
0 100 1250 1249.653198 0.057081 15.320027 0.048352 391297.803670 2184.098495 
0 100 1500 1499.817261 0.065859 17.236655 0.053101 362396.611481 2045.097087 
0 100 1750 1749.880493 0.075110 19.012622 0.058823 338938.407219 1947.316635 
0 100 2000 1999.848999 0.084997 20.824332 0.066143 318682.414791 1881.666302 
0 100 2250 2250.053955 0.094419 22.416332 0.071531 300963.389847 1807.697987 
0 100 2500 2499.891357 0.103967 24.120148 0.076617 289928.296396 1751.691379 
0 100 2750 2750.001709 0.114087 25.699948 0.081632 277359.335859 1690.508683 
0 100 3000 3000.056641 0.124532 27.279267 0.089705 265036.609082 1661.409258 
0 150 250 249.968048 0.018437 6.086575 0.017324 705466.372012 3126.583802 
0 150 500 499.828735 0.031950 9.438981 0.030721 542968.292565 2804.880233 
0 150 750 749.650940 0.043205 12.004165 0.040613 464057.299788 2540.626946 
0 150 1000 999.577332 0.053264 14.381378 0.046665 415762.699989 2303.511486 
0 150 1250 1249.501099 0.063978 16.602724 0.053947 378008.012545 2140.875294 
0 150 1500 1499.580078 0.074233 18.877772 0.060492 354055.349723 2033.447932 
0 150 1750 1749.619751 0.085162 20.931811 0.067026 329049.640747 1923.494500 
0 150 2000 1999.731201 0.095834 22.935335 0.072829 310664.396383 1838.514087 
0 150 2250 2249.758545 0.107922 24.891514 0.080480 293353.282513 1772.358891 
0 150 2500 2499.655273 0.119700 26.945775 0.085683 280426.457215 1700.139526 
0 150 2750 2749.978760 0.131993 28.850043 0.094175 268885.052262 1665.580393 
0 150 3000 2999.909668 0.144925 30.703901 0.103070 258004.434586 1637.006479 
0 200 250 249.893021 0.019719 6.217914 0.018873 680106.859825 3142.794421 
0 200 500 499.729218 0.034396 9.771285 0.033301 520990.390870 2772.741569 
0 200 750 749.575684 0.047031 12.591050 0.044600 446306.995193 2511.541951 
0 200 1000 999.514343 0.058347 15.323195 0.051425 403192.911359 2274.087570 
0 200 1250 1249.482422 0.070055 17.846040 0.058734 371365.253292 2110.954145 
0 200 1500 1499.576050 0.082577 20.385009 0.066686 342973.868691 1990.106020 
0 200 1750 1749.721191 0.096038 22.876790 0.074776 319256.297997 1883.589891 
0 200 2000 1999.772461 0.108159 25.036690 0.075132 300524.875347 1785.200188 
0 200 2250 2249.658203 0.122841 27.526018 0.090327 285849.904739 1742.486099 
0 200 2500 2499.784668 0.136325 29.761312 0.098237 272656.725864 1684.785880 
0 200 2750 2749.680176 0.151153 31.994623 0.107478 261297.674965 1645.434786 
0 200 3000 2999.941406 0.164657 33.960276 0.115278 252498.735757 1613.567403 
