BeamEnergy_GammaEnergy_FittedEnergy_sigma_Resolution_sigma_Counts_sigma 
0 100 250 249.990494 0.021406 5.914866 0.020171 509791.877216 2691.949743 
0 100 500 499.762421 0.037573 8.978056 0.035428 365101.641871 2302.695386 
0 100 750 749.488831 0.050804 11.271521 0.046670 302658.844055 2051.687474 
0 100 1000 999.476929 0.063844 13.489818 0.056704 264097.791613 1878.220168 
0 100 1250 1249.197754 0.077366 15.477821 0.066749 235254.807171 1744.346733 
0 100 1500 1498.967529 0.091577 17.488169 0.075667 214723.093332 1630.247404 
0 100 1750 1748.788086 0.106398 19.481442 0.084970 197961.027660 1538.418463 
0 100 2000 1998.628174 0.121068 21.263181 0.096989 183404.312826 1488.843522 
0 100 2250 2247.962891 0.136538 22.836320 0.104294 170024.650734 1400.856664 
0 100 2500 2497.671143 0.154059 24.731396 0.116957 159894.392639 1362.529980 
0 100 2750 2747.179688 0.175015 26.816081 0.129932 150950.345741 1316.897147 
0 100 3000 2996.838379 0.188776 27.901638 0.135135 143988.460415 1268.499269 
0 150 250 249.895508 0.022952 6.036568 0.022356 487951.388588 2719.663894 
0 150 500 499.689575 0.040016 9.262446 0.038331 352578.502021 2294.589801 
0 150 750 749.573242 0.056097 11.949763 0.052823 290820.098243 2049.884052 
0 150 1000 999.273987 0.070359 14.479374 0.061900 258130.857218 1848.161596 
0 150 1250 1249.067505 0.085809 16.768122 0.073099 230745.192139 1713.966337 
0 150 1500 1498.650391 0.102434 19.147382 0.085071 210335.591090 1621.591789 
0 150 1750 1748.411743 0.119736 21.313630 0.097662 192221.940375 1536.040237 
0 150 2000 1998.204468 0.137850 23.581986 0.109151 179550.906645 1466.843792 
0 150 2250 2247.821045 0.156684 25.849635 0.121867 168369.909302 1409.483860 
0 150 2500 2497.132568 0.181342 27.895892 0.132739 156505.166540 1335.695570 
0 150 2750 2746.594971 0.200319 29.820706 0.144346 147912.284875 1292.088322 
0 150 3000 2996.088623 0.222635 31.692661 0.156448 140902.059778 1257.083375 
0 200 250 249.831070 0.024827 6.254832 0.025085 471675.656647 2762.542107 
0 200 500 499.599762 0.043658 9.756011 0.041986 342285.847508 2276.182504 
0 200 750 749.281677 0.061337 12.674035 0.058307 283291.618464 2038.794228 
0 200 1000 999.126221 0.078005 15.480379 0.068200 249418.677325 1815.444014 
0 200 1250 1248.930908 0.097155 18.290346 0.083961 223150.480755 1704.142466 
0 200 1500 1498.919434 0.115139 20.821783 0.094880 203294.166352 1587.426813 
0 200 1750 1748.068481 0.137018 23.717912 0.111365 188045.547684 1517.686852 
0 200 2000 1997.746704 0.156251 25.940348 0.121516 174482.045813 1436.136352 
0 200 2250 2247.536865 0.179345 28.464336 0.137298 163381.588273 1385.084598 
0 200 2500 2496.959961 0.204495 30.850424 0.150934 154103.504683 1332.501106 
0 200 2750 2746.626221 0.230630 33.405099 0.170716 145997.956380 1309.048016 
0 200 3000 2995.953125 0.261337 35.498303 0.184372 135163.078901 1245.049319 
