BeamEnergy_GammaEnergy_FittedEnergy_sigma_Resolution_sigma_Counts_sigma 
0 100 250 250.068359 0.017668 5.868416 0.014593 591300.529962 2639.097115 
0 100 500 499.928406 0.031452 9.140187 0.028938 460082.567556 2483.215730 
0 100 750 749.866333 0.041771 11.287163 0.037068 387345.651971 2244.348409 
0 100 1000 999.905151 0.051317 13.139862 0.043599 342459.426488 2053.073257 
0 100 1250 1249.824829 0.060577 14.799424 0.050041 307754.705022 1912.706849 
0 100 1500 1499.858032 0.070587 16.405261 0.055698 280509.938970 1780.339388 
0 100 1750 1749.922607 0.081048 18.069411 0.063183 259774.844873 1703.014310 
0 100 2000 2000.010254 0.091305 19.561658 0.070063 242532.049376 1633.979856 
0 100 2250 2249.961426 0.101204 20.989674 0.075639 229287.800448 1567.613031 
0 100 2500 2500.137451 0.112414 22.537568 0.084064 217633.886405 1531.439159 
0 100 2750 2750.005615 0.123563 24.045169 0.091075 207592.204123 1486.707839 
0 100 3000 2999.828369 0.133185 25.319230 0.096543 199804.842821 1447.808685 
0 150 250 250.045517 0.018732 6.049333 0.015990 574301.656179 2654.816886 
0 150 500 499.977844 0.033473 9.396730 0.030645 441307.422970 2453.954654 
0 150 750 749.872620 0.044927 11.788114 0.039932 373987.402641 2212.829686 
0 150 1000 999.816711 0.055531 13.906466 0.047312 331906.632966 2027.268466 
0 150 1250 1249.838623 0.066890 15.936011 0.055168 298872.786690 1886.978652 
0 150 1500 1499.759399 0.078029 17.785968 0.061678 274360.457927 1765.872848 
0 150 1750 1749.855103 0.089670 19.580901 0.069564 253581.111963 1681.671335 
0 150 2000 1999.653320 0.102319 21.406793 0.076822 236246.595985 1597.335678 
0 150 2250 2249.717041 0.113840 23.078884 0.083635 224478.409541 1542.325865 
0 150 2500 2500.001709 0.127259 24.879206 0.092071 212136.981599 1490.462283 
0 150 2750 2749.834961 0.139764 26.333541 0.098008 201259.885124 1433.859362 
0 150 3000 2999.708984 0.154002 28.117590 0.108368 191865.227681 1406.210770 
0 200 250 250.055420 0.019787 6.181375 0.017529 551485.539917 2667.372481 
0 200 500 499.965454 0.035516 9.648447 0.032318 424394.299289 2404.329047 
0 200 750 749.848083 0.048276 12.245652 0.042460 358896.138661 2160.139316 
0 200 1000 999.795532 0.059707 14.526813 0.050639 319309.447504 1986.691119 
0 200 1250 1249.798462 0.072555 16.850564 0.058276 290013.438443 1834.430221 
0 200 1500 1499.852051 0.086039 19.196035 0.067317 267041.450909 1734.600864 
0 200 1750 1749.592773 0.099460 21.145008 0.075812 245160.936704 1641.335105 
0 200 2000 1999.779419 0.113040 23.051915 0.081624 229761.761355 1547.768572 
0 200 2250 2249.912842 0.127205 25.021197 0.091179 217175.697532 1502.573333 
0 200 2500 2499.670410 0.142820 26.998446 0.099422 203956.615240 1442.506077 
0 200 2750 2749.788330 0.159015 29.087739 0.109247 195165.427974 1403.263517 
0 200 3000 2999.538086 0.174917 30.870816 0.118948 186191.386252 1369.646942 
