BeamEnergy_GammaEnergy_FittedEnergy_sigma_Resolution_sigma_Counts_sigma 
0 100 500 499.869141 0.034118 8.903773 0.030742 398459.846318 2326.522925 
0 100 1000 999.552612 0.057806 12.872349 0.050206 285986.704116 1935.078370 
0 100 1500 1499.109863 0.082152 16.390252 0.068257 229169.620682 1688.210279 
0 100 2000 1998.407593 0.108373 19.830788 0.086828 196809.728851 1539.397377 
0 100 2500 2497.606445 0.135690 22.911961 0.102713 175183.754556 1422.080227 
0 100 3000 2996.930176 0.166187 26.164600 0.124234 157546.932454 1349.888557 
0 150 500 499.850555 0.036604 9.249871 0.033861 383106.396609 2328.376014 
0 150 1000 999.449524 0.062925 13.718913 0.054322 276379.951379 1894.930468 
0 150 1500 1498.885864 0.091863 17.973847 0.075237 226397.504457 1671.166611 
0 150 2000 1998.242920 0.121143 21.556807 0.093189 192159.751086 1495.611756 
0 150 2500 2497.144043 0.155393 25.623649 0.116644 171831.554899 1408.530674 
0 150 3000 2995.811279 0.191269 29.300008 0.140223 155514.947101 1338.353387 
0 200 500 499.814209 0.038811 9.523231 0.035752 370088.747434 2291.234288 
0 200 1000 999.241211 0.068938 14.677614 0.059289 270025.932442 1875.526043 
0 200 1500 1498.777832 0.101211 19.295385 0.082213 218991.577613 1640.768370 
0 200 2000 1997.973999 0.134640 23.288662 0.101641 187769.315963 1472.166940 
0 200 2500 2496.660400 0.174867 27.920481 0.127652 167772.247942 1381.876621 
0 200 3000 2995.130615 0.219674 32.102064 0.152642 150844.676986 1296.816010 
0 250 500 499.761749 0.041164 9.827778 0.037502 358609.738234 2247.196516 
0 250 1000 999.219299 0.073946 15.335560 0.062648 261541.797150 1835.549838 
0 250 1500 1498.466919 0.110016 20.334625 0.084545 213594.562276 1580.625529 
0 250 2000 1997.443970 0.150742 25.413862 0.112741 184796.728170 1463.346856 
0 250 2500 2496.376709 0.195118 30.135747 0.137650 162975.140691 1346.947028 
0 250 3000 2994.133301 0.249783 34.759746 0.165320 145687.682282 1258.276573 
