BeamEnergy_GammaEnergy_FittedEnergy_sigma_Resolution_sigma_Counts_sigma 
100 250 249.908035 0.020079 5.741631 0.018612 524951.289485 2695.706335 
100 500 499.797821 0.034936 8.746577 0.032298 388720.884411 2337.560192 
100 750 749.561218 0.047490 10.914680 0.043639 320230.962939 2109.972116 
100 1000 999.335693 0.058334 12.845601 0.051255 281278.543860 1926.483710 
100 1250 1249.337646 0.069980 14.614474 0.059770 251287.592984 1787.958352 
100 1500 1499.161499 0.081970 16.398312 0.068538 229370.761660 1687.676717 
100 1750 1748.850952 0.094568 18.027022 0.076373 210995.647752 1596.809171 
100 2000 1998.686157 0.107452 19.613984 0.086879 196036.737112 1542.677229 
100 2250 2248.381592 0.118754 21.296926 0.092873 183028.487479 1445.563227 
100 2500 2498.028320 0.135715 22.914864 0.104694 173824.874257 1428.218609 
100 2750 2747.834961 0.153262 24.105882 0.111269 161765.728630 1353.591865 
100 3000 2997.434814 0.169600 26.011808 0.122507 156403.201467 1344.157829 
150 250 249.869873 0.021283 5.823911 0.020198 505994.561361 2711.346125 
150 500 499.714844 0.037382 9.016894 0.035386 373822.458730 2335.941176 
150 750 749.439941 0.050606 11.337978 0.046219 310493.021779 2074.514440 
150 1000 999.330994 0.063968 13.642646 0.055258 273907.134799 1892.876824 
150 1250 1249.144409 0.077236 15.768732 0.065991 246788.350294 1777.611060 
150 1500 1498.888062 0.091188 17.905657 0.076205 226405.034196 1679.250301 
150 1750 1748.549316 0.105888 19.855461 0.087277 205275.022936 1596.212979 
150 2000 1998.370850 0.121388 21.702462 0.096265 192235.965897 1519.090434 
150 2250 2247.574463 0.140018 23.587816 0.105630 180090.384597 1447.130929 
150 2500 2497.419434 0.154489 25.368377 0.115287 170400.510516 1397.179638 
150 2750 2747.112305 0.171813 27.251856 0.128072 162339.176429 1369.648152 
150 3000 2996.541016 0.194172 28.853105 0.136400 151611.364792 1287.964536 
200 250 249.861908 0.022759 6.021368 0.022233 491584.356053 2733.610609 
200 500 499.663757 0.039931 9.326695 0.038110 361184.285009 2317.770216 
200 750 749.538818 0.055202 11.935903 0.051322 300589.222894 2069.328213 
200 1000 999.216125 0.069679 14.409829 0.061634 264720.955833 1883.944648 
200 1250 1248.945801 0.084567 16.786058 0.071469 239644.734061 1742.423261 
200 1500 1498.625000 0.100948 19.273860 0.083175 218781.563999 1645.092183 
200 1750 1748.351929 0.120382 21.393884 0.092728 202486.398803 1533.108236 
200 2000 1997.878418 0.136842 23.751281 0.105883 187874.696261 1485.013951 
200 2250 2247.474609 0.155589 25.778646 0.118657 176062.713903 1436.488807 
200 2500 2497.336182 0.176437 27.795861 0.128267 164368.306439 1366.013157 
200 2750 2746.382080 0.197187 29.998928 0.141753 157398.031047 1338.634323 
200 3000 2995.868164 0.229610 31.954538 0.148282 149635.518511 1270.922745 
250 250 249.862366 0.023979 6.098221 0.023888 472730.026737 2738.956362 
250 500 499.537872 0.042245 9.581203 0.040345 350561.951146 2295.951029 
250 750 749.217346 0.059142 12.387737 0.055834 291395.939671 2061.688539 
250 1000 999.063904 0.074963 15.179915 0.065725 259482.564590 1857.240894 
250 1250 1248.898193 0.091991 17.878131 0.079238 235340.434170 1744.992554 
250 1500 1498.608276 0.109476 20.278101 0.089228 213958.260684 1622.381675 
250 1750 1748.015991 0.131781 23.171017 0.105008 196980.661365 1544.136816 
250 2000 1997.490479 0.149688 25.573697 0.116554 185305.528213 1482.849266 
250 2250 2247.168701 0.171090 27.788325 0.130022 171688.314810 1416.000448 
250 2500 2496.945068 0.194424 30.184647 0.141149 163245.553892 1355.267228 
250 2750 2745.614502 0.218438 32.437896 0.157384 154098.630377 1330.152248 
250 3000 2995.201660 0.246532 34.452399 0.169275 145490.011909 1279.089281 
300 250 249.851807 0.025418 6.260432 0.025655 460328.903051 2742.996964 
300 500 499.595520 0.044240 9.881495 0.043100 343368.051429 2298.514717 
300 750 749.204956 0.063489 13.060831 0.060229 287460.070629 2054.169827 
300 1000 999.154419 0.081738 16.174066 0.071740 253336.341845 1837.281646 
300 1250 1248.573608 0.100144 19.037810 0.085892 230522.061178 1724.640260 
300 1500 1498.148926 0.120747 21.852892 0.098648 210659.748513 1614.214653 
300 1750 1747.758057 0.140221 24.400352 0.112874 194172.081891 1541.477809 
300 2000 1997.636353 0.162512 27.008056 0.123459 180759.215472 1450.024970 
300 2250 2246.865234 0.187420 29.836232 0.142135 168882.866553 1405.747534 
300 2500 2496.250488 0.215862 32.271755 0.155787 158871.913674 1354.060015 
300 2750 2745.716309 0.235864 34.754597 0.173537 148271.221230 1303.613456 
300 3000 2994.987549 0.272995 37.036303 0.187588 141937.840842 1271.908188 
