BeamEnergy_GammaEnergy_FittedEnergy_sigma_Resolution_sigma_Counts_sigma 
0 100 250 249.864151 0.030786 7.302381 0.034349 527342.685839 3258.460429 
0 100 500 499.761505 0.046352 11.009854 0.046870 397278.179293 2508.092166 
0 100 750 749.342957 0.060886 13.458618 0.060191 325151.586621 2226.166778 
0 100 1000 999.181030 0.073589 15.962478 0.066779 287081.454897 1978.076936 
0 100 1250 1249.160034 0.087826 18.011713 0.078042 254717.387365 1844.212101 
0 100 1500 1498.870728 0.101592 20.152983 0.087054 233202.423067 1736.155711 
0 100 1750 1748.907471 0.115543 21.811073 0.097375 212832.483890 1644.508180 
0 100 2000 1998.459595 0.131276 23.798991 0.107306 198291.417068 1566.829610 
0 100 2250 2248.227539 0.147610 25.614202 0.119371 184814.148595 1505.947851 
0 100 2500 2497.673340 0.163422 27.072537 0.128190 172398.691898 1443.511769 
0 100 2750 2747.564209 0.179297 28.694220 0.139876 163472.178733 1407.923474 
0 100 3000 2996.994629 0.198509 30.514707 0.152592 156579.946854 1379.000703 
0 150 250 249.862350 0.032739 7.454534 0.037255 515715.722841 3327.494317 
0 150 500 499.679626 0.049188 11.155157 0.051145 378867.900453 2521.231965 
0 150 750 749.420532 0.065185 13.825195 0.064830 311367.365931 2200.865595 
0 150 1000 999.203979 0.079246 16.498592 0.074322 275891.758756 1984.353474 
0 150 1250 1248.898438 0.094560 18.921908 0.086613 247985.287962 1854.269072 
0 150 1500 1498.606323 0.109579 21.163719 0.095849 227008.814401 1732.076616 
0 150 1750 1748.305420 0.127333 23.471622 0.109438 209378.946051 1653.586055 
0 150 2000 1997.976562 0.144791 25.533192 0.119747 193267.353535 1571.997873 
0 150 2250 2247.531738 0.159998 27.405717 0.130217 182572.583744 1508.357673 
0 150 2500 2497.130127 0.182117 29.661079 0.143615 171737.801152 1452.952139 
0 150 2750 2746.765625 0.199750 31.514107 0.154071 162370.642660 1398.054923 
0 150 3000 2996.294434 0.222484 33.406840 0.169341 153924.477844 1366.046470 
0 200 250 249.833267 0.033989 7.424878 0.039223 487717.404810 3312.249641 
0 200 500 499.668152 0.052530 11.428682 0.055059 365513.054782 2513.220687 
0 200 750 749.202637 0.068629 14.191808 0.070653 303072.661120 2223.314936 
0 200 1000 999.071777 0.084209 17.048454 0.080285 267389.388069 1978.377878 
0 200 1250 1248.631836 0.103034 19.794729 0.097255 238226.654032 1852.371332 
0 200 1500 1498.456055 0.119521 22.299265 0.103933 220685.244301 1704.423386 
0 200 1750 1748.222656 0.138450 24.789439 0.119208 202965.719927 1633.341266 
0 200 2000 1997.693848 0.158928 27.337753 0.132659 188242.252168 1554.727065 
0 200 2250 2247.344971 0.177394 29.572680 0.146327 178128.324184 1506.157287 
0 200 2500 2496.857666 0.199572 31.624583 0.156485 167105.340781 1432.612997 
0 200 2750 2746.275146 0.221000 33.747772 0.172414 157550.663514 1395.314465 
0 200 3000 2995.422363 0.245987 35.799823 0.185833 149885.807435 1353.443715 
