BeamEnergy_GammaEnergy_FittedEnergy_sigma_Resolution_sigma_Counts_sigma 
0 100 250 252.694016 0.033327 9.141093 0.033693 633787.898391 3236.579994 
0 100 500 503.252075 0.062366 15.659018 0.060970 512568.298444 2853.988396 
0 100 750 754.230408 0.090315 21.629239 0.087647 445690.396561 2634.289355 
0 100 1000 1004.985474 0.116640 26.960707 0.110052 399775.750805 2437.834988 
0 100 1250 1255.708374 0.141957 32.230020 0.132241 370042.051329 2325.242011 
0 100 1500 1506.080200 0.173708 37.738622 0.162512 342129.256070 2252.979396 
0 100 1750 1756.540039 0.204615 43.052375 0.189630 319428.496113 2169.555728 
0 100 2000 2006.896240 0.235548 48.522018 0.217616 301429.178658 2103.417203 
0 100 2250 2257.109619 0.269032 53.384504 0.246410 285747.500702 2058.376219 
0 100 2500 2506.981934 0.304981 59.066426 0.280572 274107.650366 2028.080843 
0 100 2750 2757.616211 0.347275 64.451447 0.318405 259628.743769 1992.694106 
0 100 3000 3007.016357 0.382309 68.876047 0.352417 248665.268628 1974.239404 
0 150 250 254.350204 0.051990 11.557156 0.070933 694712.793005 5059.836839 
0 150 500 505.066193 0.101673 19.458506 0.122557 519393.126722 3996.027640 
0 150 750 756.398254 0.144997 26.472281 0.166711 439439.080122 3439.490713 
0 150 1000 1007.355469 0.185489 32.697896 0.206505 382990.124856 3056.984814 
0 150 1250 1257.523560 0.222766 38.578847 0.242859 345202.371292 2800.015709 
0 150 1500 1508.625244 0.264982 45.333569 0.287189 325177.171072 2673.953004 
0 150 1750 1758.161377 0.302714 50.443593 0.326135 296243.099843 2525.794208 
0 150 2000 2009.254517 0.355515 57.806674 0.392796 281529.813799 2504.651396 
0 150 2250 2259.820557 0.396180 63.364574 0.430540 267050.862564 2406.808237 
0 150 2500 2509.638184 0.461699 70.601257 0.507981 254599.457179 2406.554117 
0 150 2750 2760.262451 0.506104 75.575306 0.550157 240848.869843 2328.556824 
0 150 3000 3010.326904 0.546949 81.237955 0.603504 233670.712864 2311.880226 
0 200 250 256.425812 0.111938 14.636730 0.173867 847687.548979 13902.996142 
0 200 500 506.047516 0.174072 22.380552 0.228582 502306.928468 6423.231207 
0 200 750 757.377869 0.232363 29.271210 0.281865 393091.632620 4656.018865 
0 200 1000 1007.528137 0.282032 35.781255 0.330970 336165.081263 3791.992780 
0 200 1250 1256.626343 0.313252 40.994801 0.359811 295384.019965 3182.420071 
0 200 1500 1506.469727 0.370949 47.429418 0.419061 268664.968832 2943.950232 
0 200 1750 1756.968994 0.420647 53.960420 0.484247 253395.758754 2822.587248 
0 200 2000 2006.795776 0.488607 60.342151 0.554875 235256.540394 2705.191648 
0 200 2250 2257.395264 0.528928 65.981359 0.609762 225262.239263 2612.054880 
0 200 2500 2507.515869 0.614809 72.429085 0.704076 210112.818167 2563.172261 
0 200 2750 2757.130859 0.680820 79.826309 0.799305 204107.658308 2558.567987 
0 200 3000 3006.660400 0.745215 87.311331 0.903233 200649.203060 2577.957350 
