BeamEnergy_GammaEnergy_FittedEnergy_sigma_Resolution_sigma_Counts_sigma 
0 100 250 249.919281 0.020342 5.896931 0.019189 552709.132830 2797.506277 
0 100 500 499.872528 0.034748 9.131399 0.032430 431653.447978 2471.825443 
0 100 750 749.640625 0.047273 11.572819 0.043832 368107.427546 2269.455567 
0 100 1000 999.543823 0.058019 13.790936 0.050854 331697.238007 2082.386493 
0 100 1250 1249.357422 0.070164 15.898019 0.059877 300782.832560 1955.156352 
0 100 1500 1499.009399 0.082276 18.024719 0.068527 279623.989942 1863.175058 
0 100 1750 1748.822998 0.094478 19.945152 0.077102 260403.786145 1782.851028 
0 100 2000 1998.580566 0.108037 21.942091 0.084865 243869.564025 1694.263245 
0 100 2250 2248.418457 0.121714 23.864912 0.093473 230765.208904 1632.509463 
0 100 2500 2498.048096 0.136324 25.839770 0.104068 219493.111080 1596.442531 
0 100 2750 2747.640137 0.150781 27.501607 0.110581 210413.726592 1539.700958 
0 100 3000 2997.307373 0.164227 29.179972 0.118125 201961.791135 1496.289825 
0 150 250 249.933136 0.021652 6.090219 0.021235 535134.776413 2825.181525 
0 150 500 499.856262 0.037889 9.511105 0.035941 414962.811967 2465.227462 
0 150 750 749.509399 0.052289 12.314661 0.048990 355894.845879 2253.054212 
0 150 1000 999.408142 0.065466 14.974792 0.058052 320751.880741 2067.917676 
0 150 1250 1249.402344 0.078704 17.368622 0.068033 294396.350169 1949.237113 
0 150 1500 1499.090698 0.092780 19.775165 0.076205 273513.060311 1829.467837 
0 150 1750 1748.875854 0.108883 22.313238 0.088378 254958.069479 1760.828901 
0 150 2000 1998.181396 0.124486 24.612065 0.097610 239879.382582 1684.290887 
0 150 2250 2248.125488 0.140744 26.887467 0.108090 227470.971466 1627.974147 
0 150 2500 2497.460449 0.159818 29.275190 0.117995 215254.696735 1563.213069 
0 150 2750 2747.019287 0.176169 31.342294 0.125108 207303.554501 1509.538791 
0 150 3000 2996.521729 0.195794 33.354165 0.138780 196838.011081 1482.751401 
0 200 250 249.940262 0.023457 6.254188 0.023497 518127.851366 2858.765021 
0 200 500 499.768677 0.041153 10.000170 0.039740 401778.673097 2460.756452 
0 200 750 749.463745 0.057384 13.055095 0.055180 344280.113743 2255.859322 
0 200 1000 999.194031 0.072296 15.982714 0.064762 310701.374145 2050.966528 
0 200 1250 1248.981323 0.089533 19.038206 0.078114 285757.242181 1930.796311 
0 200 1500 1498.611938 0.105152 21.735146 0.086934 265315.730614 1810.411893 
0 200 1750 1748.357300 0.123261 24.528062 0.099052 248281.460992 1727.777594 
0 200 2000 1997.771118 0.141575 27.290554 0.109469 234506.950525 1653.998708 
0 200 2250 2247.646240 0.160397 29.703822 0.122139 221191.192244 1602.800658 
0 200 2500 2496.833008 0.181865 32.439931 0.135605 210576.889507 1556.585139 
0 200 2750 2746.253662 0.204302 35.008344 0.147982 200784.108136 1509.883322 
0 200 3000 2995.285156 0.230407 37.339799 0.157013 191859.014007 1452.945344 
