BeamEnergy_GammaEnergy_FittedEnergy_sigma_Resolution_sigma_Counts_sigma 
0 100 1000 1020.000000 0.000000 8.493218 0.000000 0 0.000000 
0 100 1000 999.247742 0.245431 9.755171 0.198657 8660.200970 322.285441 
0 100 1000 999.143982 0.167009 11.472322 0.134832 25079.221098 541.738282 
0 100 1000 1000.941345 0.141267 11.771651 0.112703 35906.809220 640.704812 
0 100 1000 999.541016 0.134585 12.409352 0.107934 44156.610080 713.345824 
0 100 1000 999.737061 0.136860 13.169356 0.111740 47992.294208 750.047529 
0 100 1000 1000.576294 0.137528 13.464106 0.116325 49367.067479 776.655162 
0 100 1000 999.739441 0.149067 14.145929 0.122761 46581.685985 742.659440 
0 100 1000 999.791321 0.159774 14.630110 0.141515 43447.609119 749.152100 
0 100 1000 999.422119 0.179477 15.114895 0.164626 37057.119644 708.226163 
0 100 1000 999.559204 0.218494 15.917642 0.183767 28552.225547 591.530679 
0 100 1000 1000.148682 0.229544 15.298508 0.200969 24393.806843 563.701871 
0 100 1000 999.263855 0.244585 14.874105 0.205082 19966.526939 492.906428 
0 100 1000 999.318665 0.348249 16.264318 0.305639 12123.764347 396.225730 
0 100 1000 999.155090 0.380415 15.625160 0.318191 9444.084308 335.574372 
0 100 1000 998.755066 0.528388 16.480429 0.463204 5482.820197 259.918908 
0 100 1000 996.271179 0.845132 11.118201 0.907184 1188.860543 141.025544 
0 100 1000 1020.000000 0.000000 8.493218 0.000000 0 0.000000 
