BeamEnergy_GammaEnergy_FittedEnergy_sigma_Resolution_sigma_Counts_sigma 
0 100 250 249.833908 0.019721 5.636585 0.017012 513546.337942 2583.556623 
0 100 500 499.817078 0.033795 8.766224 0.030321 405149.602945 2354.441857 
0 100 750 749.565002 0.046438 10.904400 0.041074 333582.088624 2128.844042 
0 100 1000 999.378662 0.057654 12.699397 0.050515 292030.742947 1983.645700 
0 100 1250 1248.958008 0.069215 14.573031 0.059255 264927.280778 1862.606439 
0 100 1500 1498.608154 0.081310 16.280021 0.069364 241046.806031 1779.011146 
0 100 1750 1748.476318 0.093292 17.782790 0.072879 222065.314788 1632.763253 
0 100 2000 1997.887695 0.105644 19.590509 0.087439 209047.893281 1632.795886 
0 100 2250 2247.472900 0.118451 21.162130 0.097553 196676.178800 1588.045163 
0 100 2500 2497.038818 0.132408 22.357715 0.104352 182652.112314 1502.936076 
0 100 2750 2746.347900 0.148768 24.448956 0.109203 175042.160087 1421.261533 
0 100 3000 2995.942383 0.165170 25.429081 0.126746 163736.698620 1427.986231 
0 150 250 249.846970 0.020744 5.798484 0.018514 500385.943473 2611.269091 
0 150 500 499.788879 0.035974 9.090983 0.033239 392195.926183 2367.126081 
0 150 750 749.512634 0.049383 11.424932 0.045098 326915.341438 2152.514256 
0 150 1000 999.270325 0.062635 13.536288 0.055880 285296.905290 1985.900697 
0 150 1250 1248.800415 0.074799 15.340267 0.064548 257242.326181 1852.437163 
0 150 1500 1498.432251 0.089240 17.400636 0.074976 235216.979615 1749.472056 
0 150 1750 1747.918945 0.103764 19.439511 0.086012 219811.244994 1684.989165 
0 150 2000 1997.376831 0.118459 21.103123 0.096260 202878.744057 1609.448107 
0 150 2250 2246.456055 0.133620 23.349709 0.108410 193028.980551 1566.487347 
0 150 2500 2496.304199 0.151131 24.542236 0.115934 178581.492309 1480.639225 
0 150 2750 2745.549316 0.168580 26.477881 0.130320 170753.132922 1464.151381 
0 150 3000 2995.097412 0.185916 28.083679 0.138240 161905.788583 1401.569546 
0 200 250 249.854767 0.021879 5.948093 0.020036 485451.734820 2625.158532 
0 200 500 499.800690 0.037896 9.286219 0.035921 377769.774511 2372.494557 
0 200 750 749.493896 0.053291 12.006583 0.048878 316498.826908 2130.909058 
0 200 1000 999.052429 0.066951 14.067969 0.059476 276946.810822 1964.164068 
0 200 1250 1248.813477 0.082154 16.442197 0.070520 250630.774381 1830.545661 
0 200 1500 1498.195679 0.097344 18.496938 0.081042 228510.375247 1721.688867 
0 200 1750 1747.525146 0.114863 20.805148 0.092886 213474.549662 1650.208807 
0 200 2000 1996.931396 0.131100 22.731008 0.102809 198721.621401 1571.480146 
0 200 2250 2246.043945 0.151873 25.018878 0.110110 186211.644054 1471.867345 
0 200 2500 2495.239014 0.169633 26.916343 0.122554 176720.421237 1422.728338 
0 200 2750 2744.217529 0.190686 29.288955 0.137878 169151.871147 1413.952793 
0 200 3000 2993.671143 0.209691 30.997327 0.149540 163034.541133 1390.047930 
