BeamEnergy_GammaEnergy_FittedEnergy_sigma_Resolution_sigma_Counts_sigma 
0 100 250 249.931290 0.020427 5.811412 0.019143 533171.309033 2746.257611 
0 100 500 499.731476 0.034876 8.871777 0.033188 406210.940314 2437.210521 
0 100 750 749.636353 0.046798 11.022745 0.043781 341790.120465 2209.556978 
0 100 1000 999.471680 0.057689 13.102311 0.050896 306158.031505 2018.305664 
0 100 1250 1249.209473 0.068350 14.903346 0.061356 279198.146304 1947.096972 
0 100 1500 1498.979736 0.079249 16.621422 0.067368 257439.324674 1814.760276 
0 100 1750 1748.777832 0.090650 18.336413 0.075330 239179.765904 1729.080699 
0 100 2000 1998.546997 0.103443 20.120012 0.086192 223584.958676 1680.518792 
0 100 2250 2248.337646 0.114571 21.577492 0.092280 212017.300691 1608.897050 
0 100 2500 2498.036865 0.128187 23.302815 0.104803 200097.706139 1564.851808 
0 100 2750 2747.730469 0.140879 24.609043 0.110553 190357.398720 1518.637841 
0 100 3000 2997.388672 0.156071 26.259196 0.117599 181438.476817 1457.784737 
0 150 250 249.883926 0.021676 5.973531 0.020918 518926.899817 2771.110277 
0 150 500 499.746368 0.037272 9.050882 0.036097 386437.291215 2420.655742 
0 150 750 749.497864 0.050555 11.525525 0.047568 329931.892788 2185.028152 
0 150 1000 999.281982 0.062570 13.787551 0.056371 294939.042224 2007.090340 
0 150 1250 1249.162231 0.074800 15.947264 0.065745 271542.132975 1897.130454 
0 150 1500 1498.830444 0.088039 17.989278 0.074223 249990.024779 1782.109601 
0 150 1750 1748.499756 0.101743 20.047283 0.084029 233771.627774 1708.235527 
0 150 2000 1998.246460 0.115812 21.978589 0.093926 217940.868930 1637.664053 
0 150 2250 2247.786865 0.131361 23.929243 0.104295 205736.075192 1581.030667 
0 150 2500 2497.615967 0.146182 25.803242 0.112478 196613.855153 1526.200126 
0 150 2750 2747.316406 0.161396 27.632566 0.124856 187121.511581 1498.329716 
0 150 3000 2996.438965 0.178796 29.474545 0.134089 179912.542508 1445.642974 
0 200 250 249.893845 0.023147 6.097933 0.022912 498171.009109 2784.857913 
0 200 500 499.650330 0.039558 9.304488 0.038321 373152.198413 2389.658452 
0 200 750 749.356140 0.054721 12.128390 0.052034 321205.142431 2174.275175 
0 200 1000 999.242004 0.067121 14.355807 0.059650 286831.322376 1971.313833 
0 200 1250 1249.053467 0.082717 17.071952 0.072717 264139.438530 1875.387470 
0 200 1500 1498.653931 0.096610 19.261794 0.080694 244401.230818 1755.694595 
0 200 1750 1748.203491 0.112220 21.578982 0.091801 228543.468542 1682.426803 
0 200 2000 1997.757202 0.128938 23.886942 0.103570 213903.462624 1617.986675 
0 200 2250 2247.380859 0.147916 26.088666 0.115192 200169.092404 1551.988303 
0 200 2500 2497.086182 0.163176 27.963597 0.122484 192704.753829 1500.532521 
0 200 2750 2746.517822 0.181404 30.105345 0.134336 183685.502710 1460.230534 
0 200 3000 2995.753174 0.202962 32.002721 0.136552 173673.130917 1357.016766 
