BeamEnergy_GammaEnergy_FittedEnergy_sigma_Resolution_sigma_Counts_sigma 
100 250 250.028320 0.016512 5.531716 0.014704 667125.276166 2930.503116 
100 500 499.794037 0.030234 8.778180 0.028695 502880.647363 2676.446403 
100 750 749.797668 0.040631 10.930709 0.037306 421188.023461 2393.435975 
100 1000 999.702148 0.050256 13.107898 0.044405 376832.326720 2209.222032 
100 1250 1249.674194 0.060404 15.018007 0.051518 338540.452063 2048.401475 
100 1500 1499.894531 0.070575 17.068953 0.058487 312068.595802 1935.913510 
100 1750 1749.766479 0.081618 18.846219 0.065987 287915.542565 1834.777811 
100 2000 1999.733887 0.092685 20.674823 0.072662 269499.859220 1747.835793 
100 2250 2249.812500 0.104000 22.456127 0.081816 254347.256941 1704.586339 
100 2500 2499.578613 0.114463 23.933195 0.086950 241271.073613 1631.649507 
100 2750 2749.611572 0.126074 25.565398 0.093862 231411.185918 1585.622931 
100 3000 2999.455811 0.138017 27.085995 0.101146 220162.333191 1538.931063 
150 250 249.973557 0.017703 5.711602 0.016273 648620.324132 2960.492466 
150 500 499.840057 0.032250 8.990327 0.030942 483859.995654 2658.446789 
150 750 749.719360 0.044004 11.457583 0.041350 408619.744696 2397.856734 
150 1000 999.725769 0.055324 13.932450 0.048850 364035.612350 2173.050611 
150 1250 1249.659424 0.067532 16.388925 0.057586 331360.178763 2025.501746 
150 1500 1499.706665 0.079030 18.567950 0.065315 306289.670254 1915.925758 
150 1750 1749.623901 0.090514 20.475356 0.072003 283546.710762 1805.838961 
150 2000 1999.617432 0.103785 22.728972 0.081529 266121.641690 1741.185349 
150 2250 2249.725098 0.116534 24.617912 0.088090 252241.991239 1664.290701 
150 2500 2499.519043 0.129951 26.463407 0.095538 237476.391552 1597.304981 
150 2750 2749.721436 0.143956 28.377842 0.104273 225824.219984 1550.561912 
150 3000 2999.440186 0.159558 30.493260 0.113396 216085.777401 1508.162566 
200 250 249.958221 0.018840 5.833751 0.017885 625213.487687 2987.066693 
200 500 499.830353 0.034122 9.215409 0.032881 467963.049114 2634.394648 
200 750 749.664429 0.047457 12.018628 0.044556 397024.744817 2364.343410 
200 1000 999.638550 0.059809 14.688953 0.052868 355481.726011 2152.400182 
200 1250 1249.552490 0.073209 17.303531 0.061743 322873.398731 1988.790362 
200 1500 1499.631226 0.086203 19.760667 0.069234 299513.607134 1865.827053 
200 1750 1749.613647 0.100700 22.257574 0.080149 278733.416897 1792.188171 
200 2000 1999.591064 0.115051 24.529545 0.088404 260290.541981 1704.435010 
200 2250 2249.561523 0.130341 26.827385 0.098885 244771.068992 1645.330643 
200 2500 2499.652344 0.146646 29.056640 0.106793 231874.118252 1576.648909 
200 2750 2749.444092 0.162802 31.184165 0.117009 220659.738852 1533.213132 
200 3000 2999.413086 0.179145 33.216073 0.125413 211758.467565 1491.793814 
250 250 249.963028 0.019959 5.983624 0.019219 608918.829869 2989.337148 
250 500 499.766846 0.036609 9.644282 0.035554 457158.667914 2620.560023 
250 750 749.598877 0.050734 12.481333 0.047832 386448.798956 2345.506766 
250 1000 999.639587 0.064690 15.514087 0.057890 346651.543524 2141.110787 
250 1250 1249.487549 0.079347 18.329436 0.067473 316858.266250 1978.747288 
250 1500 1499.507324 0.094502 21.079343 0.076516 291284.781037 1848.684138 
250 1750 1749.416992 0.110237 23.675171 0.087410 270565.843443 1763.616016 
250 2000 1999.376465 0.126902 26.422816 0.095590 254712.600685 1672.194665 
250 2250 2249.210938 0.144721 28.913728 0.107950 239501.671685 1617.716351 
250 2500 2499.349854 0.162032 31.245423 0.119111 226354.388203 1569.474238 
250 2750 2748.905029 0.182204 33.725672 0.129484 213799.082388 1509.495794 
250 3000 2998.969482 0.201340 36.307788 0.141100 207497.284059 1486.396022 
300 250 249.934830 0.021121 6.107265 0.020605 590318.638446 2989.578422 
300 500 499.706360 0.038385 9.888015 0.037083 446270.246836 2586.057217 
300 750 749.541992 0.054957 13.101217 0.052435 376330.880638 2338.278129 
300 1000 999.617920 0.069557 16.329246 0.061544 341060.751708 2109.569590 
300 1250 1249.440186 0.085311 19.183271 0.072686 308814.494154 1957.179056 
300 1500 1499.476807 0.101875 22.215581 0.082026 285443.652995 1825.714674 
300 1750 1749.419067 0.120663 25.304858 0.095384 265814.897625 1744.572581 
300 2000 1999.379517 0.138159 28.054204 0.105453 248681.859098 1665.533149 
300 2250 2249.407227 0.158351 31.003107 0.117813 234939.860056 1601.876253 
300 2500 2499.200195 0.177007 33.337232 0.127824 222582.720978 1546.722400 
300 2750 2749.119629 0.200034 36.162928 0.142073 212560.455927 1510.763764 
300 3000 2998.852295 0.225698 38.649454 0.155409 197317.580320 1448.047550 
