-17.00 0.00 -48.993 0.0 0.0 120.00 -1 
-8.50 14.72 	-48.993 0.0	0.0 	60.00 	-1 
8.50	14.72	-48.993	0.0	0.0	0.00	-1 
17.00	0.00	-48.993	0.0	0.0	120.00	1 
8.50	-14.72	-48.993	0.0	0.0	60.00	1 
-8.50	-14.72	-48.993	0.0	0.0	0.00	1 
-14.72    8.50	-42.493	0.0	0.0	90.00	-1 
0.00	17.00	-42.493	0.0	0.0	30.00	-1 
14.72	8.50	-42.493	0.0	0.0	150.00	1 
14.72	-8.50	-42.493	0.0	0.0	90.00	1 
0.00	-17.00	-42.493	0.0	0.0	30.00	1 
-14.72	-8.50	-42.493	0.0	0.0	150.00	-1 
-19.50	0.00	-35.993	0.0	0.0	135.00	-1 
-13.79	13.79	-35.993	0.0	0.0	90.00	-1 
0.00	19.50	-35.993	0.0	0.0	45.00	-1 
13.79   13.79	-35.993	0.0	0.0	0.00	-1 
19.50	0.00	-35.993	0.0	0.0	135.00	1 
13.79	-13.79	-35.993	0.0	0.0	90.00	1 
0.00	-19.50	-35.993	0.0	0.0	45.00	1 
-13.79	-13.79	-35.993	0.0	0.0	0.00	1 
-23.67	6.34	-29.493	0.0	0.0	145.00	-1 
-17.32	17.32	-29.493	0.0	0.0	115.00	-1 
-6.34	23.67	-29.493	0.0	0.0	85.00	-1 
6.34	23.67	-29.493	0.0	0.0	55.00	-1 
17.32	17.32	-29.493	0.0	0.0	25.00	-1 
23.67	6.34	-29.493	0.0	0.0	175.00	1 
23.67	-6.34	-29.493	0.0	0.0	145.00	1 
17.32	-17.32	-29.493	0.0	0.0	115.00	1 
6.34	-23.67	-29.493	0.0	0.0	85.00	1 
-6.34	-23.67	-29.493	0.0	0.0	55.00	1 
-17.32	-17.32	-29.493	0.0	0.0	25.00	1 
-23.67	-6.34	-29.493	0.0	0.0	175.00	-1 
-26.00	0.00   	-22.993	0.0	0.0	145.00	-1 
-22.52	13.00	-22.993	0.0	0.0	115.00	-1 
-13.00	22.52	-22.993	0.0	0.0	85.00	-1 
0.00	26.00	-22.993	0.0	0.0	55.00	-1 
13.00	22.52	-22.993	0.0	0.0	25.00	-1 
22.52	13.00	-22.993	0.0	0.0	175.00	1 
26.00	0.00	-22.993	0.0	0.0	145.00	1 
22.52	-13.00	-22.993	0.0	0.0	115.00	1 
13.00	-22.52	-22.993	0.0	0.0	85.00	1 
0.00	-26.00	-22.993	0.0	0.0	55.00	1 
-13.00	-22.52	-22.993	0.0	0.0	25.00	1 
-22.52	-13.00	-22.993	0.0	0.0	175.00	-1 
-27.05	7.25	-16.493	0.0	0.0	120.00	-1 
-19.80	19.80	-16.493	0.0	0.0	90.00	-1 
-7.25	27.05	-16.493	0.0	0.0	60.00	-1 
7.25	27.05	-16.493	0.0	0.0	30.00	-1 
19.80	19.80	-16.493	0.0	0.0	0.00	1 
27.05	7.25	-16.493	0.0	0.0	150.00	1 
27.05	-7.25	-16.493	0.0	0.0	120.00	1 
19.80	-19.80	-16.493	0.0	0.0	90.00	1 
7.25	-27.05	-16.493	0.0	0.0	60.00	1 
-7.25	-27.05	-16.493	0.0	0.0	30.00	1 
-19.80	-19.80	-16.493	0.0	0.0	0.00	1 
-27.05	-7.25	-16.493	0.0	0.0	150.00	-1 
-30.00	0.00	-9.993	0.0	0.0	145.00	-1 
-27.03	13.02	-9.993	0.0	0.0	119.29	-1 
-18.70	23.45	-9.993	0.0	0.0	93.57	-1 
-6.68	29.25	-9.993	0.0	0.0	67.86	-1 
6.68	29.25	-9.993	0.0	0.0	42.14	-1 
18.70	23.45 	-9.993	0.0	0.0	16.43	-1 
27.03	13.02	-9.993	0.0	0.0	170.71	1 
30.00	0.00	-9.993	0.0	0.0	145.00	1 
27.03	-13.02	-9.993	0.0	0.0	119.29	1 
18.70	-23.45	-9.993	0.0	0.0	93.57	1 
6.68	-29.25	-9.993	0.0	0.0	67.86	1 
-6.68	-29.25	-9.993	0.0	0.0	42.14	1 
-18.70	-23.45	-9.993	0.0	0.0	16.43	1 
-27.03	-13.02	-9.993	0.0	0.0	170.71	-1 
-26.08	6.99	-3.493	0.0	0.0	125.00	-1 
-19.09	19.09	-3.493	0.0	0.0	95.00	-1 
19.09	19.09	-3.493	0.0	0.0	5.00	-1 
26.08	6.99	-3.493	0.0	0.0	155.00	1 
26.08	-6.99	-3.493	0.0	0.0	125.00	1 
19.09	-19.09	-3.493	0.0	0.0	95.00	1 
6.99	-26.08	-3.493	0.0	0.0	65.00	1 
-6.99	-26.08	-3.493	0.0	0.0	35.00	1 
-19.09	-19.09	-3.493	0.0	0.0	5.00	1 
-26.08	-6.99	-3.493	0.0	0.0	155.00	-1 
-26.08	6.99	2.85	0.0	0.0	125.00	-1 
-19.09	19.09	2.85	0.0	0.0	95.00	-1 
19.09	19.09	2.85	0.0	0.0	5.00	-1 
26.08	6.99	2.85	0.0	0.0	155.00	1 
26.08	-6.99	2.85	0.0	0.0	125.00	1 
19.09	-19.09	2.85	0.0	0.0	95.00	1 
6.99	-26.08	2.85	0.0	0.0	65.00	1 
-6.99	-26.08	2.85	0.0	0.0	35.00	1 
-19.09	-19.09	2.85	0.0	0.0	5.00	1 
-26.08	-6.99	2.85	0.0	0.0	155.00	-1 
-29.50	0.00	8.00  	0.0	0.0	145.00	-1 
-26.58	12.80	8.00  	0.0	0.0	119.29	-1 
-18.39	23.06	8.00  	0.0	0.0	93.57	-1 
-6.56	28.76	8.00  	0.0	0.0	67.86	-1 
6.56	28.76	8.00	0.0	0.0	42.14	-1 
18.39	23.06   8.00  	0.0	0.0	16.43	-1 
26.58	12.80    8.00  	0.0	0.0	170.71	1 
29.50	0.00  	8.00  	0.0	0.0	145.00	1 
26.58	-12.80  8.00  	0.0	0.0	119.29	1 
18.39	-23.06	8.00	0.0	0.0	93.57	1 
6.56	-28.76  8.00  	0.0	0.0	67.86	1 
-6.56	-28.76  8.00  	0.0	0.0	42.14	1 
-18.39	-23.06  8.00  	0.0	0.0	16.43	1 
-26.58	-12.80	8.00	0.0	0.0	170.71	-1 
-27.00	0.00   	13.15 	0.0	0.0	140.00	-1 
-23.38	13.50   13.15 	0.0	0.0	110.00	-1 
-13.50	23.38   13.15 	0.0	0.0	80.00	-1 
0.00	27.00   13.15 	0.0	0.0	50.00	-1 
13.50	23.38   13.15	0.0	0.0	20.00	-1 
23.38	13.50   13.15 	0.0	0.0	170.00	1 
27.00	0.00  	13.15 	0.0	0.0	140.00	1 
23.38	-13.50  13.15 	0.0	0.0	110.00	1 
13.50	-23.38  13.15 	0.0	0.0	80.00	1
0.00	-27.00  13.15   0.0	0.0	50.00	1 
-13.50	-23.38  13.15 	0.0	0.0	20.00	1 
-23.38	-13.50	13.15	0.0	0.0	170.00	-1 
-25.11	6.73   	18.30 	0.0	0.0	130.00	-1 
-18.38	18.38   18.30 	0.0	0.0	100.00	-1 
-6.73	25.11   18.30 	0.0	0.0	70.00	-1 
6.73	25.11   18.30 	0.0	0.0	40.00	-1 
18.38	18.38	18.30	0.0	0.0	10.00	-1 
25.11	6.73   	18.30 	0.0	0.0	160.00	1 
25.11	-6.73  	18.30 	0.0	0.0	130.00	1 
18.38	-18.38  18.30 	0.0	0.0	100.00	1 
6.73	-25.11  18.30 	0.0	0.0	70.00	1
-6.73	-25.11	18.30	0.0	0.0	40.00	1 
-18.38	-18.38  18.30 	0.0	0.0	10.00	1 
-25.11	-6.73	18.30	0.0	0.0	160.00	-1  
