-14.72  -7.80 -39.75 0.00 	0.00 	-90.00  	1	1
-14.12   8.85 -39.75 0.00 	0.00 	-150.00 	1	1
0.61    16.65 -39.75 0.00 	0.00 	-210.00 	1	1
14.72    7.80 -39.75 0.00 	0.00 	90.00   	1	1
14.12   -8.85 -39.75 0.00 	0.00 	30.00   	1	1
-0.61  -16.65 -39.75 0.00 	0.00 	-30.00  	1	1
-10.28 -13.11 -39.75 0.00 	0.00 	-66.00   	1	1
-16.50 2.34   -34.75 0.00 	0.00 	-126.00 	1	1
-6.22 15.46   -34.75 0.00 	0.00 	-186.00 	1	1
10.28 13.11   -34.75 0.00 	0.00 	114.00   	1	1
16.50 -2.34   -34.75 0.00 	0.00 	54.00   	1	1
6.22 -15.46   -34.75 0.00 	0.00 	-6.00   	1	1
-16.41 -12.57 -29.75 0.00 	0.00 	-88.00   	1	1
-20.49   2.72 -29.75 0.00 	0.00 	-133.00 	1	1
-12.57  16.41 -29.75 0.00 	0.00 	-178.00 	1	1
2.72    20.49 -29.75 0.00 	0.00 	-223.00 	1	1
16.41   12.57 -29.75 0.00 	0.00 	92.00   	1	1
20.49   -2.72 -29.75 0.00 	0.00 	47.00   	1	1
12.57  -16.41 -29.75 0.00 	0.00 	2.00    	1	1
-2.72  -20.49 -29.75 0.00 	0.00 	-43.00   	1	1
-18.16 -19.32 -24.75 0.00 	0.00 	-77.00   	1	1
-26.05  -4.95 -24.75 0.00 	0.00 	-113.00 	1	1
-23.98  11.31 -24.75 0.00 	0.00 	-149.00 	1	1
-12.76  23.24 -24.75 0.00 	0.00 	-185.00 	1	1
3.34    26.30 -24.75 0.00 	0.00 	-221.00 	1	1
18.16   19.32 -24.75 0.00 	0.00 	103.00   	1	1
26.05    4.95 -24.75 0.00 	0.00 	67.00   	1	1
23.98  -11.31 -24.75 0.00 	0.00 	31.00   	1	1
12.76  -23.24 -24.75 0.00 	0.00 	-5.00   	1	1
-3.34  -26.30 -24.75 0.00 	0.00 	-41.00   	1	1
-11.31 -23.98 -19.75 0.00 	0.00 	-59.00   	1	1
-23.24 -12.76 -19.75 0.00 	0.00 	-95.00   	1	1
-26.30   3.34 -19.75 0.00 	0.00 	-131.00 	1	1
-19.32  18.16 -19.75 0.00 	0.00 	-167.00 	1	1
-4.95   26.05 -19.75 0.00 	0.00 	-203.00 	1	1
11.31   23.98 -19.75 0.00 	0.00 	121.00   	1	1
23.24   12.76 -19.75 0.00 	0.00 	85.00   	1	1
26.30   -3.34 -19.75 0.00 	0.00 	49.00   	1	1
19.32  -18.16 -19.75 0.00 	0.00 	13.00   	1	1
4.95   -26.05 -19.75 0.00 	0.00 	-23.00   	1	1
-16.30 -27.08 -14.75 0.00 	0.00 	-65.00   	1	1
-27.65 -15.30 -14.75 0.00 	0.00 	-95.00   	1	1
-31.60   0.57 -14.75 0.00 	0.00 	-125.00 	1	1
-27.08  16.30 -14.75 0.00 	0.00 	-155.00 	1	1
-15.30  27.65 -14.75 0.00 	0.00 	-185.00 	1	1
0.57    31.60 -14.75 0.00 	0.00 	-215.00 	1	1
16.30   27.08 -14.75 0.00 	0.00 	115.00   	1	1
27.65   15.30 -14.75 0.00 	0.00 	85.00   	1	1
31.60   -0.57 -14.75 0.00 	0.00 	55.00   	1	1
27.08  -16.30 -14.75 0.00 	0.00 	25.00   	1	1
15.30  -27.65 -14.75 0.00 	0.00 	-5.00   	1	1
-0.57  -31.60 -14.75 0.00 	0.00 	-35.00   	1	1
-15.72 -31.36 -9.75 0.00 	0.00 	-62.71   	1	1
-27.77 -21.43 -9.75 0.00 	0.00 	-88.43   	1	1
-34.32  -7.26 -9.75 0.00 	0.00 	-114.14 	1	1
-34.07   8.35 -9.75 0.00 	0.00 	-139.86 	1	1
-27.08  22.31 -9.75 0.00 	0.00 	-165.57 	1	1
-14.72  31.85 -9.75 0.00 	0.00 	-191.29 	1	1
0.56    35.08 -9.75 0.00 	0.00 	-217.00 	1	1
15.72   31.36 -9.75 0.00 	0.00 	117.29   	1	1
27.77   21.43 -9.75 0.00 	0.00 	91.57   	1	1
34.32    7.26 -9.75 0.00 	0.00 	65.86   	1	1
34.07   -8.35 -9.75 0.00 	0.00 	40.14   	1	1
27.08  -22.31 -9.75 0.00 	0.00 	14.43   	1	1
14.72  -31.85 -9.75 0.00 	0.00 	-11.29   	1	1
-0.56  -35.08 -9.75 0.00 	0.00 	-37.00   	1	1
-19.47 -29.73 -4.45 0.00 	0.00 	-69.57   	1	0
-30.43 -18.34 -4.45 0.00 	0.00 	-95.29   	1	0
-35.38  -3.31 -4.45 0.00 	0.00 	-121.00 	1	0
-33.31  12.36 -4.45 0.00 	0.00 	-146.72 	1	0
-24.65  25.59 -4.45 0.00 	0.00 	-172.43 	1	0
-11.10  33.75 -4.45 0.00 	0.00 	-198.15 	1	0
4.64    35.23 -4.45 0.00 	0.00 	-223.86 	1	0
19.47   29.73 -4.45 0.00 	0.00 	110.43   	1	0
30.43   18.34 -4.45 0.00 	0.00 	84.71   	1	0
35.38    3.31 -4.45 0.00 	0.00 	59.00   	1	0
33.31  -12.36 -4.45 0.00 	0.00 	33.28   	1	0
24.65  -25.59 -4.45 0.00 	0.00 	7.57    	1	0
11.10  -33.75 -4.45 0.00 	0.00 	-18.15   	1	0
-4.64  -35.23 -4.45 0.00 	0.00 	-43.86   	1	0
-11.77 -31.72 0.95 0.00 	0.00 	-59.71   	1	0
-24.37 -23.47 0.95 0.00 	0.00 	-85.43   	1	0
-32.14 -10.57 0.95 0.00 	0.00 	-111.14 	1	0
-33.54   4.42 0.95 0.00 	0.00 	-136.86 	1	0
-28.30  18.53 0.95 0.00 	0.00 	-162.57 	1	0
-17.46  28.98 0.95 0.00 	0.00 	-188.29 	1	0
-3.16   33.68 0.95 0.00 	0.00 	-214.00 	1	0
11.77   31.72 0.95 0.00 	0.00 	120.29   	1	0
24.37   23.47 0.95 0.00 	0.00 	94.57   	1	0
32.14   10.57 0.95 0.00 	0.00 	68.86   	1	0
33.54   -4.42 0.95 0.00 	0.00 	43.14   	1	0
28.30  -18.53 0.95 0.00 	0.00 	17.43   	1	0
17.46  -28.98 0.95 0.00 	0.00 	-8.29   	1	0
3.16   -33.68 0.95 0.00 	0.00 	-34.00   	1	0
-16.98 -26.95 6.55 0.00 	0.00 	-76.57   	1	0
-26.99 -16.91 6.55 0.00 	0.00 	-102.29 	1	0
-31.65  -3.53 6.55 0.00 	0.00 	-128.00 	1	0
-30.05  10.55 6.55 0.00 	0.00 	-153.72 	1	0
-22.49  22.55 6.55 0.00 	0.00 	-179.43 	1	0
-10.48  30.07 6.55 0.00 	0.00 	-205.15 	1	0
3.60    31.64 6.55 0.00 	0.00 	-230.86 	1	0
16.98   26.95 6.55 0.00 	0.00 	103.43   	1	0
26.99   16.91 6.55 0.00 	0.00 	77.71   	1	0
31.65    3.53 6.55 0.00 	0.00 	52.00   	1	0
30.05  -10.55 6.55 0.00 	0.00 	26.28   	1	0
22.49  -22.55 6.55 0.00 	0.00 	0.57    	1	0
10.48  -30.07 6.55 0.00 	0.00 	-25.15   	1	0
-3.60  -31.64 6.55 0.00 	0.00 	-50.86   	1	0
-10.13 -28.90 11.95 0.00    0.00    -68.71          1       0
-21.66 -21.64 11.95 0.00    0.00    -94.43          1       0
-28.91 -10.10 11.95 0.00    0.00    -120.14         1       0
-30.42   3.44 11.95 0.00    0.00    -145.86         1       0
-25.92  16.30 11.95 0.00    0.00    -171.57         1       0
-16.28  25.93 11.95 0.00    0.00    -197.29         1       0
-3.41   30.43 11.95 0.00    0.00    -223.00         1       0
10.13   28.90 11.95 0.00    0.00    111.29          1       0
21.66   21.64 11.95 0.00    0.00    85.57           1       0
28.91   10.10 11.95 0.00    0.00    59.86           1       0
30.42   -3.44 11.95 0.00    0.00    34.14           1       0
25.92  -16.30 11.95 0.00    0.00    8.43            1       0
16.28  -25.93 11.95 0.00    0.00    -17.29          1       0
3.41   -30.43 11.95 0.00    0.00    -43.00          1       0
  0.00   23.00   18.45  0  0.0  150.00  1  2
-13.52   18.61   18.45  0  0.0  186.00  1  2
-21.87    7.11   18.45  0  0.0  222.00  1  2
-21.87   -7.11   18.45  0  0.0  258.00  1  2
-13.52  -18.61   18.45  0  0.0  294.00  1  2
 -0.00  -23.00   18.45  0  0.0  330.00  1  2
 13.52  -18.61   18.45  0  0.0    6.00  1  2
 21.87   -7.11   18.45  0  0.0   42.00  1  2
 21.87    7.11   18.45  0  0.0   78.00  1  2
 13.52   18.61   18.45  0  0.0  114.00  1  2
  0.00   20.00   25.50  0  0.0  150.00  1  2
-14.14   14.14   25.50  0  0.0  195.00  1  2
-20.00    0.00   25.50  0  0.0  240.00  1  2
-14.14  -14.14   25.50  0  0.0  285.00  1  2
 -0.00  -20.00   25.50  0  0.0  330.00  1  2
 14.14  -14.14   25.50  0  0.0   15.00  1  2
 20.00   -0.00   25.50  0  0.0   60.00  1  2
 14.14   14.14   25.50  0  0.0  105.00  1  2
