  1   1   15   23.15   0.00  40.09  46.3  30.00   0.00   6.6   6.6   6.6   6.6   12.60
  2   1   15   32.74   0.00  32.74  46.3  45.00   0.00   6.6   6.6   6.6   6.6   12.60
  3   1   15   40.10   0.00  23.15  46.3  60.00   0.00   6.6   6.6   6.6   6.6   12.60
  4   1   15   44.72   0.00  11.98  46.3  75.00   0.00   6.6   6.6   6.6   6.6   12.60
  5   1   15   46.30   0.00  00.00  46.3  90.00   0.00   6.6   6.6   6.6   6.6   12.60
  6   1   15   44.72   0.00 -11.98  46.3 105.00   0.00   6.6   6.6   6.6   6.6   12.60
  7   1   15   40.10   0.00 -21.15  46.3 120.00   0.00   6.6   6.6   6.6   6.6   12.60
  8   1   15   32.74   0.00 -32.74  46.3 135.00   0.00   6.6   6.6   6.6   6.6   12.60
  9   1   15   23.15   0.00 -40.09  46.3 150.00   0.00   6.6   6.6   6.6   6.6   12.60
 -1
