  1   1   15   21.65   0.00  37.50  43.3  30.00   0.00   6.6   6.6   6.6   6.6   12.60
  2   1   15   30.62   0.00  30.62  43.3  45.00   0.00   6.6   6.6   6.6   6.6   12.60
  3   1   15   37.50   0.00  21.65  43.3  60.00   0.00   6.6   6.6   6.6   6.6   12.60
  4   1   15   41.82   0.00  11.21  43.3  75.00   0.00   6.6   6.6   6.6   6.6   12.60
  5   1   15   43.30   0.00  00.00  43.3  90.00   0.00   6.6   6.6   6.6   6.6   12.60
  6   1   15   41.82   0.00 -11.21  43.4 105.00   0.00   6.6   6.6   6.6   6.6   12.60
  7   1   15   37.50   0.00 -21.65  43.3 120.00   0.00   6.6   6.6   6.6   6.6   12.60
  8   1   15   30.62   0.00 -30.62  43.3 135.00   0.00   6.6   6.6   6.6   6.6   12.60
  9   1   15   21.65   0.00 -37.50  43.3 150.00   0.00   6.6   6.6   6.6   6.6   12.60
 -1
