  1   1   15   23.15   0.00  -40.10  46.3  150.00   0.00   6.  6.   6.   6.   12.0
  2   1   15   29.76   0.00  -35.47  46.3  140.00   0.00   6.  6.   6.   6.   12.0
  3   1   15   35.47   0.00  -29.76  46.3  130.00   0.00   6.  6.   6.   6.   12.0
  4   1   15   40.10   0.00  -23.15  46.3  120.00   0.00   6.  6.   6.   6.   12.0
  5   1   15   43.51   0.00  -15.84  46.3  110.00   0.00   6.  6.   6.   6.   12.0
  6   1   15   45.60   0.00   -8.04  46.3  100.00   0.00   6.  6.   6.   6.   12.0
  7   1   15   46.30   0.00    0.00  46.3   90.00   0.00   6.  6.   6.   6.   12.0
  8   1   15   45.60   0.00    8.04  46.3   80.00   0.00   6.  6.   6.   6.   12.0
  9   1   15   43.51   0.00   15.84  46.3   70.00   0.00   6.  6.   6.   6.   12.0
 10   1   15   40.10   0.00   23.15  46.3   60.00   0.00   6.  6.   6.   6.   12.0
 11   1   15   35.47   0.00   29.76  46.3   50.00   0.00   6.  6.   6.   6.   12.0
 12   1   15   29.76   0.00   35.47  46.3   40.00   0.00   6.  6.   6.   6.   12.0
 13   1   15   23.15   0.00   40.10  46.3   30.00   0.00   6.  6.   6.   6.   12.0
 14   1   15   15.84   0.00   43.51  46.3   20.00   0.00   6.  6.   6.   6.   12.0
 15   1   15  -23.15   0.00  -40.10  46.3  150.00 180.00   6.  6.   6.   6.   12.0
 16   1   15  -29.76   0.00  -35.47  46.3  140.00 180.00   6.  6.   6.   6.   12.0
 17   1   15  -35.47   0.00  -29.76  46.3  130.00 180.00   6.  6.   6.   6.   12.0
 18   1   15  -40.10   0.00  -23.15  46.3  120.00 180.00   6.  6.   6.   6.   12.0
 19   1   15  -43.51   0.00  -15.84  46.3  110.00 180.00   6.  6.   6.   6.   12.0
 20   1   15  -45.60   0.00   -8.04  46.3  100.00 180.00   6.  6.   6.   6.   12.0
 21   1   15  -46.30   0.00    0.00  46.3   90.00 180.00   6.  6.   6.   6.   12.0
 22   1   15  -45.60   0.00    8.04  46.3   80.00 180.00   6.  6.   6.   6.   12.0
 23   1   15  -43.51   0.00   15.84  46.3   70.00 180.00   6.  6.   6.   6.   12.0
 24   1   15  -40.10   0.00   23.15  46.3   60.00 180.00   6.  6.   6.   6.   12.0
 25   1   15  -35.47   0.00   29.76  46.3   50.00 180.00   6.  6.   6.   6.   12.0
 26   1   15  -29.76   0.00   35.47  46.3   40.00 180.00   6.  6.   6.   6.   12.0
 27   1   15  -23.15   0.00   40.10  46.3   30.00 180.00   6.  6.   6.   6.   12.0
 28   1   15  -15.84   0.00   43.51  46.3   20.00 180.00   6.  6.   6.   6.   12.0
 -1
