  1   1   15   32.98   0.00  -39.30  51.3  140.00   0.00   6.6   6.6   6.6   6.6   12.60
  2   1   15   39.30   0.00  -32.98  51.3  130.00   0.00   6.6   6.6   6.6   6.6   12.60
  3   1   15   44.43   0.00  -25.65  51.3  120.00   0.00   6.6   6.6   6.6   6.6   12.60
  4   1   15   48.21   0.00  -17.55  51.3  110.00   0.00   6.6   6.6   6.6   6.6   12.60
  5   1   15   50.52   0.00   -8.91  51.3  100.00   0.00   6.6   6.6   6.6   6.6   12.60
  6   1   15   51.30   0.00    0.00  51.3   90.00   0.00   6.6   6.6   6.6   6.6   12.60
  7   1   15   50.52   0.00    8.91  51.3   80.00   0.00   6.6   6.6   6.6   6.6   12.60
  8   1   15  -32.98   0.00  -39.30  51.3  140.00 180.00   6.6   6.6   6.6   6.6   12.60
  9   1   15  -39.30   0.00  -32.98  51.3  130.00 180.00   6.6   6.6   6.6   6.6   12.60
 10   1   15  -44.43   0.00  -25.65  51.3  120.00 180.00   6.6   6.6   6.6   6.6   12.60
 11   1   15  -48.21   0.00  -17.55  51.3  110.00 180.00   6.6   6.6   6.6   6.6   12.60
 12   1   15  -50.52   0.00   -8.91  51.3  100.00 180.00   6.6   6.6   6.6   6.6   12.60
 13   1   15  -51.30   0.00    0.00  51.3   90.00 180.00   6.6   6.6   6.6   6.6   12.60
 14   1   15  -50.52   0.00    8.91  51.3   80.00 180.00   6.6   6.6   6.6   6.6   12.60
 -1
