  1   1   15   26.04   0.00  45.10  51.3  30.00   0.00   6.6   6.6   6.6   6.6   12.60
  2   1   15   37.65   0.00  37.65  51.3  45.00   0.00   6.6   6.6   6.6   6.6   12.60
  3   1   15   45.11   0.00  26.04  51.3  60.00   0.00   6.6   6.6   6.6   6.6   12.60
  4   1   15   50.34   0.00  13.48  51.3  75.00   0.00   6.6   6.6   6.6   6.6   12.60
  5   1   15   51.30   0.00  00.00  51.3  90.00   0.00   6.6   6.6   6.6   6.6   12.60
  6   1   15   50.34   0.00 -13.48  51.3 105.00   0.00   6.6   6.6   6.6   6.6   12.60
  7   1   15   45.11   0.00 -26.04  51.3 120.00   0.00   6.6   6.6   6.6   6.6   12.60
  8   1   15   37.65   0.00 -37.65  51.3 135.00   0.00   6.6   6.6   6.6   6.6   12.60
  9   1   15   26.04   0.00 -45.10  51.3 150.00   0.00   6.6   6.6   6.6   6.6   12.60
 -1
