-3.34 	-26.30 	-15.90	 	0.00 	0.00 	-41.00		1	1
12.76 	-23.24 	-15.90	 	0.00 	0.00 	-5.00		1	1
23.98 	-11.31 	-15.90	 	0.00 	0.00 	31.00   	1	1
26.05 	4.95 	-15.90	 	0.00 	0.00 	67.00   	1	1
18.16 	19.32 	-15.90	 	0.00 	0.00 	103.00   	1	1
3.34 	26.30 	-15.90	 	0.00 	0.00 	-221.00 	1	1
-12.76 	23.24 	-15.90	 	0.00 	0.00 	-185.00 	1	1
-23.98 	11.31 	-15.90	 	0.00 	0.00 	-149.00 	1	1
-26.05 	-4.95 	-15.90	 	0.00 	0.00 	-113.00 	1	1
-18.16 	-19.32 	-15.90	 	0.00 	0.00 	-77.00   	1	1
4.95 	-26.05 	-10.90	 	0.00 	0.00 	-23.00 		1 	1
19.32 	-18.16 	-10.90	 	0.00 	0.00 	13.00 		1 	1
26.3 	-3.34 	-10.90	 	0.00 	0.00 	49.00 		1 	1
23.24 	12.76 	-10.90	 	0.00 	0.00 	85.00 		1 	1
11.31 	23.98 	-10.90	 	0.00 	0.00 	121.00 		1 	1
-4.95 	26.05 	-10.90	 	0.00 	0.00 	-203.00 	1 	1
-19.32 	18.16 	-10.90	 	0.00 	0.00 	-167.00 	1 	1
-26.3 	3.34 	-10.90	 	0.00 	0.00 	-131.00 	1 	1
-23.24 	-12.76 	-10.90	 	0.00 	0.00 	-95.00 		1 	1
-11.31 	-23.98 	-10.90	 	0.00 	0.00 	-59.00 		1 	1
-0.57 	-31.6 	-5.90 		0.00 	0.00 	-35.00 		1 	1
15.3 	-27.65 	-5.90 		0.00 	0.00 	-5.00 		1 	1
27.08 	-16.3 	-5.90 		0.00 	0.00 	25.00 		1 	1
31.6 	-0.57 	-5.90 		0.00 	0.00 	55.00 		1 	1
27.65 	15.3 	-5.90 		0.00 	0.00 	85.00 		1 	1
16.3 	27.08 	-5.90 		0.00 	0.00 	115.00 		1 	1
0.57 	31.6 	-5.90 		0.00 	0.00 	-215.00 	1 	1
-15.3 	27.65 	-5.90 		0.00 	0.00 	-185.00 	1 	1
-27.08 	16.3 	-5.90 		0.00 	0.00 	-155.00 	1 	1
-31.6 	0.57 	-5.90 		0.00 	0.00 	-125.00 	1 	1
-27.65 	-15.3 	-5.90 		0.00 	0.00 	-95.00 		1 	1
-16.3 	-27.08 	-5.90 		0.00 	0.00 	-65.00		1 	1
-0.56 	-35.08 	-0.90 		0.00 	0.00 	-37.00		1 	1
14.72 	-31.85 	-0.90 		0.00 	0.00 	-11.29		1 	1
27.08 	-22.31 	-0.90 		0.00 	0.00 	14.43		1 	1
34.07 	-8.35 	-0.90 		0.00 	0.00 	40.14		1 	1
34.32 	7.26 	-0.90 		0.00 	0.00 	65.86		1 	1
27.77 	21.43 	-0.90 		0.00 	0.00 	91.57		1 	1
15.72 	31.36 	-0.90 		0.00 	0.00 	117.29		1 	1
0.56 	35.08 	-0.90 		0.00 	0.00 	-217.00 	1 	1
-14.72 	31.85 	-0.90 		0.00 	0.00 	-191.29 	1 	1
-27.08 	22.31 	-0.90 		0.00 	0.00 	-165.57 	1 	1
-34.07 	8.35 	-0.90 		0.00 	0.00 	-139.86 	1 	1
-34.32 	-7.26 	-0.90 		0.00 	0.00 	-114.14 	1 	1
-27.77 	-21.43 	-0.90 		0.00 	0.00 	-88.43		1 	1
-15.72 	-31.36 	-0.90 		0.00 	0.00 	-62.71		1 	1
8.3 	-40.14 	4.34  		0.00 	0.00 	0.00 		1 	0
23.9 	-31.22 	4.34  		0.00 	0.00 	0.00 		1 	0
33.57 	-22.3 	4.34  		0.00 	0.00 	0.00 		1 	0
38.54 	-13.38 	4.34  		0.00 	0.00 	0.00 		1 	0
40.46 	-4.46 	4.34  		0.00 	0.00 	0.00 		1 	1
40.46 	4.46 	4.34  		0.00 	0.00 	0.00 		1 	1
38.54 	13.38 	4.34  		0.00 	0.00 	0.00 		1 	0
33.57 	22.3 	4.34  		0.00 	0.00 	0.00 		1 	0
23.9 	31.22 	4.34  		0.00 	0.00 	0.00 		1 	0
8.3 	40.14 	4.34  		0.00 	0.00 	0.00 		1 	0
-8.3 	40.14 	4.34  		0.00 	0.00 	-180 		1 	0
-23.9 	31.22 	4.34  		0.00 	0.00 	-180 		1 	0
-33.57 	22.3 	4.34  		0.00 	0.00 	-180 		1 	0
-38.54 	13.38 	4.34  		0.00 	0.00 	-180 		1 	0
-40.46 	4.46 	4.34  		0.00 	0.00 	-180 		1 	1
-40.46 	-4.46 	4.34  		0.00 	0.00 	-180 		1 	1
-38.54 	-13.38 	4.34  		0.00 	0.00 	-180 		1 	0
-33.57 	-22.3 	4.34  		0.00 	0.00 	-180 		1 	0
-23.9 	-31.22 	4.34  		0.00 	0.00 	-180 		1 	0
-8.3 	-40.14 	4.34  		0.00 	0.00 	-180 		1 	0
8.3 	-40.14 	10.34 		0.00 	0.00 	0.00 		1 	0
23.9 	-31.22 	10.34 		0.00 	0.00 	0.00 		1 	0
33.57 	-22.3 	10.34 		0.00 	0.00 	0.00 		1 	0
38.54 	-13.38 	10.34 		0.00 	0.00 	0.00 		1 	0
40.77 	-4.46 	10.34 		0.00 	0.00 	0.00 		1 	0
40.77 	4.46 	10.34 		0.00 	0.00 	0.00 		1 	0
38.54 	13.38 	10.34 		0.00 	0.00 	0.00 		1 	0
33.57 	22.3 	10.34 		0.00 	0.00 	0.00 		1 	0
23.9 	31.22 	10.34 		0.00 	0.00 	0.00 		1 	0
8.3 	40.14 	10.34 		0.00 	0.00 	0.00 		1 	0
-8.3 	40.14 	10.34 		0.00 	0.00 	-180 		1 	0
-23.9 	31.22 	10.34 		0.00 	0.00 	-180 		1 	0
-33.57 	22.3 	10.34 		0.00 	0.00 	-180 		1 	0
-38.54 	13.38 	10.34 		0.00 	0.00 	-180 		1 	0
-40.77 	4.46 	10.34 		0.00 	0.00 	-180 		1 	0
-40.77 	-4.46 	10.34 		0.00 	0.00 	-180 		1 	0
-38.54 	-13.38 	10.34 		0.00 	0.00 	-180 		1 	0
-33.57 	-22.3 	10.34 		0.00 	0.00 	-180 		1 	0
-23.9 	-31.22 	10.34 		0.00 	0.00 	-180 		1 	0
-8.3 	-40.14 	10.34 		0.00 	0.00 	-180 		1 	0
8.3 	-40.14 	16.34 		0.00 	0.00 	0.00 		1 	0
23.9 	-31.22 	16.34 		0.00 	0.00 	0.00 		1 	0
33.57 	-22.3 	16.34 		0.00 	0.00 	0.00 		1 	0
38.54 	-13.38 	16.34 		0.00 	0.00 	0.00 		1 	0
40.77 	-4.46 	16.34 		0.00 	0.00 	0.00 		1 	0
40.77 	4.46 	16.34 		0.00 	0.00 	0.00 		1 	0
38.54 	13.38 	16.34 		0.00 	0.00 	0.00 		1 	0
33.57 	22.3 	16.34 		0.00 	0.00 	0.00 		1 	0
23.9 	31.22 	16.34 		0.00 	0.00 	0.00 		1 	0
8.3 	40.14 	16.34 		0.00 	0.00 	0.00 		1 	0
-8.3 	40.14 	16.34 		0.00 	0.00 	-180 		1 	0
-23.9 	31.22 	16.34 		0.00 	0.00 	-180 		1 	0
-33.57 	22.3 	16.34 		0.00 	0.00 	-180 		1 	0
-38.54 	13.38 	16.34 		0.00 	0.00 	-180 		1 	0
-40.77 	4.46 	16.34 		0.00 	0.00 	-180 		1 	0
-40.77 	-4.46 	16.34 		0.00 	0.00 	-180 		1 	0
-38.54 	-13.38 	16.34 		0.00 	0.00 	-180 		1 	0
-33.57 	-22.3 	16.34 		0.00 	0.00 	-180 		1 	0
-23.9 	-31.22 	16.34 		0.00 	0.00 	-180 		1 	0
-8.3 	-40.14 	16.34 		0.00 	0.00 	-180 		1 	0
3.50 	-37.47 	23.15 		0.00 	0.00 	-90.00 		1 	2
10.50 	-36.18 	23.15 		0.00 	0.00 	-90.00 		1 	2
17.50 	-33.07 	23.15 		0.00 	0.00 	-90.00 		1 	2
24.5 	-27.66 	23.15 		0.00 	0.00 	-90.00 		1 	2
33.07 	-17.50 	23.15 		0.00 	0.00 	0.00 		1 	2
36.18 	-10.50 	23.15 		0.00 	0.00 	0.00 		1 	2
37.51 	-3.50 	23.15 		0.00 	0.00 	0.00 		1 	2
37.51 	3.50 	23.15 		0.00 	0.00 	0.00 		1 	2
36.18 	10.50 	23.15 		0.00 	0.00 	0.00 		1 	2
33.07 	17.50 	23.15 		0.00 	0.00 	0.00 		1 	2
24.5 	27.66 	23.15 		0.00 	0.00 	-270.00 	1 	2
17.50 	33.07 	23.15 		0.00 	0.00 	-270.00 	1 	2
10.50 	36.18 	23.15 		0.00 	0.00 	-270.00 	1 	2
3.50 	37.47 	23.15 		0.00 	0.00 	-270.00 	1 	2
-3.50 	37.47 	23.15 		0.00 	0.00 	-270.00 	1 	2
-10.50 	36.18 	23.15 		0.00 	0.00 	-270.00 	1 	2
-17.50 	33.07 	23.15 		0.00 	0.00 	-270.00 	1 	2
-24.5 	27.66 	23.15 		0.00 	0.00 	-270.00 	1 	2
-33.07 	17.50 	23.15 		0.00 	0.00 	-180.00 	1 	2
-36.18 	10.50 	23.15 		0.00 	0.00 	-180.00 	1 	2
-37.51 	3.50 	23.15 		0.00 	0.00 	-180.00 	1 	2
-37.51 	-3.50 	23.15 		0.00 	0.00 	-180.00 	1 	2
-36.18 	-10.50 	23.15 		0.00 	0.00 	-180.00 	1 	2
-33.07 	-17.50 	23.15 		0.00 	0.00 	-180.00 	1 	2
-24.5 	-27.66 	23.15 		0.00 	0.00 	-90.00 		1 	2
-17.50 	-33.07 	23.15 		0.00 	0.00 	-90.00 		1 	2
-10.50 	-36.18 	23.15 		0.00 	0.00 	-90.00 		1 	2
-3.50 	-37.47 	23.15 		0.00 	0.00 	-90.00 		1 	2
3.50 	-33.06 	30.75 		0.00 	0.00 	-90.00 		1 	2
10.50 	-31.37 	30.75 		0.00 	0.00 	-90.00 		1 	2
17.50 	-27.65 	30.75 		0.00 	0.00 	-90.00 		1 	2
27.66 	-24.50 	30.75 		0.00 	0.00 	0.00 		1 	2
27.65 	-17.50 	30.75 		0.00 	0.00 	0.00 		1 	2
31.37 	-10.50 	30.75 		0.00 	0.00 	0.00 		1 	2
33.06 	-3.50 	30.75 		0.00 	0.00 	0.00 		1 	2
33.06 	3.50 	30.75 		0.00 	0.00 	0.00 		1 	2
31.37 	10.50 	30.75 		0.00 	0.00 	0.00 		1 	2
27.65 	17.50 	30.75 		0.00 	0.00 	0.00 		1 	2
27.66 	24.50 	30.75 		0.00 	0.00 	0.00 		1 	2
17.50 	27.65 	30.75 		0.00 	0.00 	-270.00 	1 	2
10.50 	31.37 	30.75 		0.00 	0.00 	-270.00 	1 	2
3.50 	33.06 	30.75 		0.00 	0.00 	-270.00 	1 	2
-3.50 	33.06 	30.75 		0.00 	0.00 	-270.00 	1 	2
-10.50 	31.37 	30.75 		0.00 	0.00 	-270.00 	1 	2
-17.50 	27.65 	30.75 		0.00 	0.00 	-270.00 	1 	2
-27.66 	24.50 	30.75 		0.00 	0.00 	-180.00 	1 	2
-27.65 	17.50 	30.75 		0.00 	0.00 	-180.00 	1 	2
-31.37 	10.50 	30.75 		0.00 	0.00 	-180.00 	1 	2
-33.06 	3.50 	30.75 		0.00 	0.00 	-180.00 	1 	2
-33.06 	-3.50 	30.75 		0.00 	0.00 	-180.00 	1 	2
-31.37 	-10.50 	30.75 		0.00 	0.00 	-180.00 	1 	2
-27.65 	-17.50 	30.75 		0.00 	0.00 	-180.00 	1 	2
-27.66 	-24.50 	30.75 		0.00 	0.00 	-180.00 	1 	2
-17.50 	-27.65 	30.75 		0.00 	0.00 	-90.00 		1 	2
-10.50 	-31.37 	30.75 		0.00 	0.00 	-90.00 		1 	2
-3.50 	-33.06 	30.75 		0.00 	0.00 	-90.00 		1 	2
19.45 	-26.45 	41.50 		0.00 	-90.00 	0.00 		1 	2
26.45 	-19.45 	41.50 		0.00 	-90.00 	0.00 		1 	2
26.45 	19.45 	41.50 		0.00 	-90.00 	0.00 		1 	2
19.45 	26.45 	41.50 		0.00 	-90.00 	0.00 		1 	2
-19.45 	26.45 	41.50 		0.00 	-90.00 	0.00 		1 	2
-26.45 	19.45 	41.50 		0.00 	-90.00 	0.00 		1 	2
-26.45 	-19.45 	41.50 		0.00 	-90.00 	0.00 		1 	2
-19.45 	-26.45 	41.50 		0.00 	-90.00 	0.00 		1 	2
4.50 	-27.41 	43.46 		90.00 	-90.00 	0.00 		1 	0
12.45 	-26.45 	41.50 		0.00 	-90.00 	0.00 		1 	2
19.45 	-19.45 	41.50 		0.00 	-90.00 	0.00 		1 	2
26.45 	-12.45 	41.50 		0.00 	-90.00 	0.00 		1 	2
27.41 	-4.50 	43.46 		0.00 	-90.00 	0.00 		1 	0
27.41 	4.50 	43.46 		0.00 	-90.00 	0.00 		1 	0
26.45 	12.45 	41.50 		0.00 	-90.00 	0.00 		1 	2
19.45 	19.45 	41.50 		0.00 	-90.00 	0.00 		1 	2
12.45 	26.45 	41.50 		0.00 	-90.00 	0.00 		1 	2
4.50 	27.41 	43.46 		90.00 	-90.00 	0.00 		1 	0
-4.50 	27.41 	43.46 		90.00 	-90.00 	0.00 		1 	0
-12.45 	26.45 	41.50 		0.00 	-90.00 	0.00 		1 	2
-19.45 	19.45 	41.50 		0.00 	-90.00 	0.00 		1 	2
-26.45 	12.45 	41.50 		0.00 	-90.00 	0.00 		1 	2
-27.41 	4.50 	43.46 		0.00 	-90.00 	0.00 		1 	0
-27.41 	-4.50 	43.46 		0.00 	-90.00 	0.00 		1 	0
-26.45 	-12.45 	41.50 		0.00 	-90.00 	0.00 		1 	2
-19.45 	-19.45 	41.50 		0.00 	-90.00 	0.00 		1 	2
-12.45 	-26.45 	41.50 		0.00 	-90.00 	0.00 		1 	2
-4.50 	-27.41 	43.46 		90.00 	-90.00 	0.00 		1 	0
4.50 	-22.11 	43.46 		90.00 	-90.00 	0.00 		1 	0
12.45 	-19.45 	41.50 		0.00 	-90.00 	0.00 		1 	2
19.45 	-12.45 	41.50 		0.00 	-90.00 	0.00 		1 	2
22.11 	-4.50 	43.46 		0.00 	-90.00 	0.00 		1 	0
22.11 	4.50 	43.46 		0.00 	-90.00 	0.00 		1 	0
19.45 	12.45 	41.50 		0.00 	-90.00 	0.00 		1 	2
12.45 	19.45 	41.50 		0.00 	-90.00 	0.00 		1 	2
4.50 	22.11 	43.46 		90.00 	-90.00 	0.00 		1 	0
-4.50 	22.11 	43.46 		90.00 	-90.00 	0.00 		1 	0
-12.45 	19.45 	41.50 		0.00 	-90.00 	0.00 		1 	2
-19.45 	12.45 	41.50 		0.00 	-90.00 	0.00 		1 	2
-22.11 	4.50 	43.46 		0.00 	-90.00 	0.00 		1 	0
-22.11 	-4.50 	43.46 		0.00 	-90.00 	0.00 		1 	0
-19.45 	-12.45 	41.50 		0.00 	-90.00 	0.00 		1 	2
-12.45 	-19.45 	41.50 		0.00 	-90.00 	0.00 		1 	2
-4.50 	-22.11 	43.46 		90.00 	-90.00 	0.00 		1 	0
4.50 	-16.81 	43.46 		90.00 	-90.00 	0.00 		1 	0
12.45 	-12.45 	41.50 		0.00 	-90.00 	0.00 		1 	2
16.81 	-4.50 	43.46 		0.00 	-90.00 	0.00 		1 	0
16.81 	4.50 	43.46 		0.00 	-90.00 	0.00 		1 	0
12.45 	12.45 	41.50 		0.00 	-90.00 	0.00 		1 	2
4.50 	16.81 	43.46 		90.00 	-90.00 	0.00 		1 	0
-4.50 	16.81 	43.46 		90.00 	-90.00 	0.00 		1 	0
-12.45 	12.45 	41.50 		0.00 	-90.00 	0.00 		1 	2
-16.81 	4.50 	43.46 		0.00 	-90.00 	0.00 		1 	0
-16.81 	-4.50 	43.46 		0.00 	-90.00 	0.00 		1 	0
-12.45 	-12.45 	41.50 		0.00 	-90.00 	0.00 		1 	2
-4.50 	-16.81 	43.46 		90.00 	-90.00 	0.00 		1 	0
4.50 	-11.51 	43.46 		90.00 	-90.00 	0.00 		1 	0
11.51 	-4.50 	43.46 		0.00 	-90.00 	0.00 		1 	0
11.51 	4.50 	43.46 		0.00 	-90.00 	0.00 		1 	0
4.50 	11.51 	43.46 		90.00 	-90.00 	0.00 		1 	0
-4.50 	11.51 	43.46 		90.00 	-90.00 	0.00 		1 	0
-11.51 	4.50 	43.46 		0.00 	-90.00 	0.00 		1 	0
-11.51 	-4.50 	43.46 		0.00 	-90.00 	0.00 		1 	0
-4.50 	-11.51 	43.46 		90.00 	-90.00 	0.00 		1 	0
