-11.31 -23.98 -22.11 0 0 -59 1 1
-23.24 -12.76 -22.11 0 0 -95 1 1
-26.3 3.34 -22.11 0 0 -131 1 1
-19.32 18.16 -22.11 0 0 -167 1 1
-4.95 26.05 -22.11 0 0 -203 1 1
11.31 23.98 -22.11 0 0 121 1 1
23.24 12.76 -22.11 0 0 85 1 1
26.3 -3.34 -22.11 0 0 49 1 1
19.32 -18.16 -22.11 0 0 13 1 1
4.95 -26.05 -22.11 0 0 -23 1 1
-16.3 -27.08 -17.21 0 0 -65 1 1
-27.65 -15.3 -17.21 0 0 -95 1 1
-31.6 0.57 -17.21 0 0 -125 1 1
-27.08 16.3 -17.21 0 0 -155 1 1
-15.3 27.65 -17.21 0 0 -185 1 1
0.57 31.6 -17.21 0 0 -215 1 1
16.3 27.08 -17.21 0 0 115 1 1
27.65 15.3 -17.21 0 0 85 1 1
31.6 -0.57 -17.21 0 0 55 1 1
27.08 -16.3 -17.21 0 0 25 1 1
15.3 -27.65 -17.21 0 0 -5 1 1
-0.57 -31.6 -17.21 0 0 -35 1 1
-15.72 -31.36 -12.21 0 0 -62.71 1 1
-27.77 -21.43 -12.21 0 0 -88.43 1 1
-34.32 -7.26 -12.21 0 0 -114.14 1 1
-34.07 8.35 -12.21 0 0 -139.86 1 1
-27.08 22.31 -12.21 0 0 -165.57 1 1
-14.72 31.85 -12.21 0 0 -191.29 1 1
0.56 35.08 -12.21 0 0 -217 1 1
15.72 31.36 -12.21 0 0 117.29 1 1
27.77 21.43 -12.21 0 0 91.57 1 1
34.32 7.26 -12.21 0 0 65.86 1 1
34.07 -8.35 -12.21 0 0 40.14 1 1
27.08 -22.31 -12.21 0 0 14.43 1 1
14.72 -31.85 -12.21 0 0 -11.29 1 1
-0.56 -35.08 -12.21 0 0 -37 1 1
-29.26 22.3 -7.07 0 0 -180 1 0
-32.26 13.38 -7.07 0 0 -180 1 0
-35.26 4.46 -7.07 0 0 -180 1 0
-35.26 -4.46 -7.07 0 0 -180 1 0
-32.26 -13.38 -7.07 0 0 -180 1 0
-29.26 -22.3 -7.07 0 0 -180 1 0
-4.46 33.3 -7.07 0 0 -270 1 0
-13.38 31.3 -7.07 0 0 -270 1 0
-4.46 -33.3 -7.07 0 0 -90 1 0
-13.38 -31.3 -7.07 0 0 -90 1 0
29.26 22.3 -7.07 0 0 0 1 0
32.26 13.38 -7.07 0 0 0 1 0
35.26 4.46 -7.07 0 0 0 1 0
35.26 -4.46 -7.07 0 0 0 1 0
32.26 -13.38 -7.07 0 0 0 1 0
29.26 -22.3 -7.07 0 0 0 1 0
4.46 33.3 -7.07 0 0 -270 1 0
13.38 31.3 -7.07 0 0 -270 1 0
4.46 -33.3 -7.07 0 0 -90 1 0
13.38 -31.3 -7.07 0 0 -90 1 0
-29.26 22.3 -1.17 0 0 -180 1 0
-32.26 13.38 -1.17 0 0 -180 1 0
-35.26 4.46 -1.17 0 0 -180 1 0
-35.26 -4.46 -1.17 0 0 -180 1 0
-32.26 -13.38 -1.17 0 0 -180 1 0
-29.26 -22.3 -1.17 0 0 -180 1 0
-4.46 33.3 -1.17 0 0 -270 1 0
-13.38 31.3 -1.17 0 0 -270 1 0
-4.46 -33.3 -1.17 0 0 -90 1 0
-13.38 -31.3 -1.17 0 0 -90 1 0
29.26 22.3 -1.17 0 0 0 1 0
32.26 13.38 -1.17 0 0 0 1 0
35.26 4.46 -1.17 0 0 0 1 0
35.26 -4.46 -1.17 0 0 0 1 0
32.26 -13.38 -1.17 0 0 0 1 0
29.26 -22.3 -1.17 0 0 0 1 0
4.46 33.3 -1.17 0 0 -270 1 0
13.38 31.3 -1.17 0 0 -270 1 0
4.46 -33.3 -1.17 0 0 -90 1 0
13.38 -31.3 -1.17 0 0 -90 1 0
-29.26 22.3 4.73 0 0 -180 1 0
-32.26 13.38 4.73 0 0 -180 1 0
-35.26 4.46 4.73 0 0 -180 1 0
-35.26 -4.46 4.73 0 0 -180 1 0
-32.26 -13.38 4.73 0 0 -180 1 0
-29.26 -22.3 4.73 0 0 -180 1 0
-4.46 33.3 4.73 0 0 -270 1 0
-13.38 31.3 4.73 0 0 -270 1 0
-4.46 -33.3 4.73 0 0 -90 1 0
-13.38 -31.3 4.73 0 0 -90 1 0
29.26 22.3 4.73 0 0 0 1 0
32.26 13.38 4.73 0 0 0 1 0
35.26 4.46 4.73 0 0 0 1 0
35.26 -4.46 4.73 0 0 0 1 0
32.26 -13.38 4.73 0 0 0 1 0
29.26 -22.3 4.73 0 0 0 1 0
4.46 33.3 4.73 0 0 -270 1 0
13.38 31.3 4.73 0 0 -270 1 0
4.46 -33.3 4.73 0 0 -90 1 0
13.38 -31.3 4.73 0 0 -90 1 0
-28.58 24.4 11.44 0 0 -180 1 2
-30.58 17.43 11.44 0 0 -180 1 2
-32.58 10.46 11.44 0 0 -180 1 2
-34.58 3.49 11.44 0 0 -180 1 2
-28.58 -24.4 11.44 0 0 -180 1 2
-30.58 -17.43 11.44 0 0 -180 1 2
-32.58 -10.46 11.44 0 0 -180 1 2
-34.58 -3.49 11.44 0 0 -180 1 2
-3.49 34.31 11.44 0 0 -270 1 2
-10.46 32.31 11.44 0 0 -270 1 2
-17.43 30.31 11.44 0 0 -270 1 2
-3.49 -34.31 11.44 0 0 -90 1 2
-10.46 -32.31 11.44 0 0 -90 1 2
-17.43 -30.31 11.44 0 0 -90 1 2
28.58 24.4 11.44 0 0 0 1 2
30.58 17.43 11.44 0 0 0 1 2
32.58 10.46 11.44 0 0 0 1 2
34.58 3.49 11.44 0 0 0 1 2
28.58 -24.4 11.44 0 0 0 1 2
30.58 -17.43 11.44 0 0 0 1 2
32.58 -10.46 11.44 0 0 0 1 2
34.58 -3.49 11.44 0 0 0 1 2
3.49 34.31 11.44 0 0 -270 1 2
10.46 32.31 11.44 0 0 -270 1 2
17.43 30.31 11.44 0 0 -270 1 2
3.49 -34.31 11.44 0 0 -90 1 2
10.46 -32.31 11.44 0 0 -90 1 2
17.43 -30.31 11.44 0 0 -90 1 2
-27.58 24.4 18.94 0 0 -180 1 2
-27.58 17.43 18.94 0 0 -180 1 2
-29.58 10.46 18.94 0 0 -180 1 2
-31.58 3.49 18.94 0 0 -180 1 2
-27.58 -24.4 18.94 0 0 -180 1 2
-27.58 -17.43 18.94 0 0 -180 1 2
-29.58 -10.46 18.94 0 0 -180 1 2
-31.58 -3.49 18.94 0 0 -180 1 2
-3.49 31.31 18.94 0 0 -270 1 2
-10.46 29.31 18.94 0 0 -270 1 2
-17.43 27.31 18.94 0 0 -270 1 2
-3.49 -31.31 18.94 0 0 -90 1 2
-10.46 -29.31 18.94 0 0 -90 1 2
-17.43 -27.31 18.94 0 0 -90 1 2
27.58 24.4 18.94 0 0 0 1 2
27.58 17.43 18.94 0 0 0 1 2
29.58 10.46 18.94 0 0 0 1 2
31.58 3.49 18.94 0 0 0 1 2
27.58 -24.4 18.94 0 0 0 1 2
27.58 -17.43 18.94 0 0 0 1 2
29.58 -10.46 18.94 0 0 0 1 2
31.58 -3.49 18.94 0 0 0 1 2
3.49 31.31 18.94 0 0 -270 1 2
10.46 29.31 18.94 0 0 -270 1 2
17.43 27.31 18.94 0 0 -270 1 2
3.49 -31.31 18.94 0 0 -90 1 2
10.46 -29.31 18.94 0 0 -90 1 2
17.43 -27.31 18.94 0 0 -90 1 2
-19.45 -26.45 29.60 0 -90 0 1 2
-26.45 -19.45 29.60 0 -90 0 1 2
-26.45 19.45 29.60 0 -90 0 1 2
-19.45 26.45 29.60 0 -90 0 1 2
19.45 26.45 29.60 0 -90 0 1 2
26.45 19.45 29.60 0 -90 0 1 2
26.45 -19.45 29.60 0 -90 0 1 2
19.45 -26.45 29.60 0 -90 0 1 2
-4.5 -27.41 31.55 90 -90 0 1 0
-12.45 -26.45 29.60 0 -90 0 1 2
-19.45 -19.45 29.60 0 -90 0 1 2
-26.45 -12.45 29.60 0 -90 0 1 2
-27.41 -4.5 31.55 0 -90 0 1 0
-27.41 4.5 31.55 0 -90 0 1 0
-26.45 12.45 29.60 0 -90 0 1 2
-19.45 19.45 29.60 0 -90 0 1 2
-12.45 26.45 29.60 0 -90 0 1 2
-4.5 27.41 31.55 90 -90 0 1 0
4.5 27.41 31.55 90 -90 0 1 0
12.45 26.45 29.60 0 -90 0 1 2
19.45 19.45 29.60 0 -90 0 1 2
26.45 12.45 29.60 0 -90 0 1 2
27.41 4.5 31.55 0 -90 0 1 0
27.41 -4.5 31.55 0 -90 0 1 0
26.45 -12.45 29.60 0 -90 0 1 2
19.45 -19.45 29.60 0 -90 0 1 2
12.45 -26.45 29.60 0 -90 0 1 2
4.5 -27.41 31.55 90 -90 0 1 0
-4.5 -22.11 31.55 90 -90 0 1 0
-12.45 -19.45 29.60 0 -90 0 1 2
-19.45 -12.45 29.60 0 -90 0 1 2
-22.11 -4.5 31.55 0 -90 0 1 0
-22.11 4.5 31.55 0 -90 0 1 0
-19.45 12.45 29.60 0 -90 0 1 2
-12.45 19.45 29.60 0 -90 0 1 2
-4.5 22.11 31.55 90 -90 0 1 0
4.5 22.11 31.55 90 -90 0 1 0
12.45 19.45 29.60 0 -90 0 1 2
19.45 12.45 29.60 0 -90 0 1 2
22.11 4.5 31.55 0 -90 0 1 0
22.11 -4.5 31.55 0 -90 0 1 0
19.45 -12.45 29.60 0 -90 0 1 2
12.45 -19.45 29.60 0 -90 0 1 2
4.5 -22.11 31.55 90 -90 0 1 0
-4.5 -16.81 31.55 90 -90 0 1 0
-12.45 -12.45 29.60 0 -90 0 1 2
-16.81 -4.5 31.55 0 -90 0 1 0
-16.81 4.5 31.55 0 -90 0 1 0
-12.45 12.45 29.60 0 -90 0 1 2
-4.5 16.81 31.55 90 -90 0 1 0
4.5 16.81 31.55 90 -90 0 1 0
12.45 12.45 29.60 0 -90 0 1 2
16.81 4.5 31.55 0 -90 0 1 0
16.81 -4.5 31.55 0 -90 0 1 0
12.45 -12.45 29.60 0 -90 0 1 2
4.5 -16.81 31.55 90 -90 0 1 0
-4.5 -11.51 31.55 90 -90 0 1 0
-11.51 -4.5 31.55 0 -90 0 1 0
-11.51 4.5 31.55 0 -90 0 1 0
-4.5 11.51 31.55 90 -90 0 1 0
4.5 11.51 31.55 90 -90 0 1 0
11.51 4.5 31.55 0 -90 0 1 0
11.51 -4.5 31.55 0 -90 0 1 0
4.5 -11.51 31.55 90 -90 0 1 0
