   -9.9	    9.9	   43.5	0.0  	  90.0	    0.0 1	2
   -3.3	    9.9	   43.5	0.0  	  90.0	    0.0	1	2
    3.3	    9.9	   43.5	0.0  	  90.0	    0.0	1	2
    9.9	    9.9    43.5	0.0  	  90.0	    0.0 1	2
    9.9	    3.3	   43.5	0.0  	  90.0	    0.0	1	2
    9.9	   -3.3	   43.5	0.0  	  90.0	    0.0	1	2
    9.9	   -9.9	   43.5	0.0  	  90.0	    0.0	1	2
    3.3	   -9.9	   43.5	0.0  	  90.0	    0.0	1	2
   -3.3	   -9.9	   43.5	0.0  	  90.0	    0.0	1	2
   -9.9	   -9.9	   43.5	0.0  	  90.0	    0.0	1	2
   -9.9	   -3.3	   43.5	0.0  	  90.0	    0.0	1	2
   -9.9	    3.3	   43.5	0.0  	  90.0	    0.0	1	2
  -16.5	   16.5	   43.5	0.0  	  90.0	    0.0	1	2
   -9.9	   16.5	   43.5	0.0  	  90.0	    0.0	1	2
   -3.3	   16.5	   43.5	0.0  	  90.0	    0.0	1	2
    3.3	   16.5	   43.5	0.0  	  90.0	    0.0	1	2
    9.9	   16.5	   43.5	0.0  	  90.0	    0.0	1	2
   16.5	   16.5	   43.5	0.0  	  90.0	    0.0	1	2
   16.5	    9.9	   43.5	0.0  	  90.0	    0.0	1	2
   16.5	    3.3	   43.5	0.0  	  90.0	    0.0	1	2
   16.5	   -3.3	   43.5	0.0  	  90.0	    0.0	1	2
   16.5	   -9.9	   43.5	0.0  	  90.0	    0.0	1	2
   16.5	  -16.5	   43.5	0.0  	  90.0	    0.0	1	2
    9.9	  -16.5	   43.5	0.0  	  90.0	    0.0	1	2
    3.3	  -16.5	   43.5	0.0  	  90.0	    0.0	1	2
   -3.3	  -16.5	   43.5	0.0  	  90.0	    0.0	1	2
   -9.9	  -16.5	   43.5	0.0  	  90.0	    0.0	1	2
  -16.5	  -16.5	   43.5	0.0  	  90.0	    0.0	1	2
  -16.5	   -9.9	   43.5	0.0  	  90.0	    0.0	1	2
  -16.5	   -3.3	   43.5	0.0  	  90.0	    0.0	1	2
  -16.5	    3.3	   43.5	0.0  	  90.0	    0.0	1	2
  -16.5	    9.9	   43.5	0.0  	  90.0	    0.0	1	2
   -8.5	   19.9	   32.6	0.0  	 306.3	   90.0	1	0
    0.0	   19.9	   32.6	0.0  	 306.3	   90.0	1	0
    8.5	   19.9	   32.6	0.0  	 306.3	   90.0	1	0
   19.9	    8.5	   32.6	0.0  	 306.3 	    0.0	1       0	
   19.9	   -0.0	   32.6	0.0  	 306.3	    0.0	1	0
   19.9	   -8.5	   32.6	0.0  	 306.3	    0.0	1	0
    8.5	  -19.9	   32.6	0.0  	 306.3	  -90.0	1	0
   -0.0	  -19.9	   32.6	0.0  	 306.3	  -90.0	1	0
   -8.5	  -19.9	   32.6	0.0  	 306.3	  -90.0	1	0
  -19.9	   -8.5	   32.6	0.0  	 306.3	 -180.0	1	0
  -19.9	    0.0	   32.6	0.0  	 306.3	 -180.0	1	0
  -19.9	    8.5	   32.6	0.0  	 306.3	 -180.0	1	0
   -8.5	   24.0	   29.6	0.0  	 306.3	   90.0	1	0
    0.0	   24.0	   29.6	0.0  	 306.3	   90.0	1	0
    8.5	   24.0	   29.6	0.0  	 306.3	   90.0	1	0
   24.0	    8.5	   29.6	0.0  	 306.3	    0.0	1	0
   24.0	   -0.5	   29.6	0.0  	 306.3	    0.0	1	0
   24.0	   -8.5	   29.6	0.0  	 306.3	    0.0	1	0
    8.5	  -24.0	   29.6 0.0  	 306.3	  -90.0	1	0
   -0.0	  -24.0	   29.6	0.0  	 306.3	  -90.0	1	0
   -8.5	  -24.0	   29.6	0.0  	 306.3	  -90.0	1	0
  -24.0	   -8.5	   29.6	0.0  	 306.3	 -180.0	1	0
  -24.0	    0.0	   29.6	0.0  	 306.3	 -180.0	1	0
  -24.0	    8.5	   29.6	0.0  	 306.3	 -180.0	1	0
  -12.8	   25.5	   20.8	0.0  	 330.3	   90.0	1	0
   -4.3    25.5	   20.8	0.0  	 330.3	   90.0	1	0
    4.3    25.5	   20.8	0.0  	 330.3	   90.0	1	0
   12.8	   25.5	   20.8	0.0  	 330.3	   90.0	1	0
   25.5	   12.8	   20.8	0.0  	 330.3	    0.0	1	0
   25.5	    4.3	   20.8	0.0  	 330.3	    0.0	1	0
   25.5	   -4.3	   20.8	0.0  	 330.3	    0.0	1	0
   25.5	  -12.8	   20.8	0.0  	 330.3	    0.0	1	0
   12.8	  -25.5	   20.8	0.0  	 330.3	  -90.0	1	0
    4.3	  -25.5	   20.8	0.0  	 330.3	  -90.0	1	0
   -4.3	  -25.5	   20.8	0.0  	 330.3	  -90.0	1	0
  -12.8	  -25.5	   20.8	0.0  	 330.3	  -90.0	1	0
  -25.5	  -12.8	   20.8	0.0  	 330.3	 -180.0	1	0
  -25.5	   -4.3	   20.8	0.0  	 330.3	 -180.0	1	0
  -25.5	    4.3	   20.8	0.0  	 330.3	 -180.0	1	0
  -25.5	   12.8	   20.8	0.0  	 330.3	 -180.0	1	0
  -12.8	   28.0	   16.5	0.0  	 330.3	   90.0	1	0
   -4.3	   28.0	   16.5	0.0  	 330.3	   90.0	1	0
    4.3	   28.0	   16.5	0.0  	 330.3	   90.0	1	0
   12.8	   28.0	   16.5	0.0  	 330.3	   90.0	1	0
   28.0	   12.8	   16.5	0.0  	 330.3	    0.0	1	0
   28.0	    4.3	   16.5	0.0  	 330.3	    0.0	1	0
   28.0	   -4.3	   16.5	0.0  	 330.3	    0.0	1	0
   28.0	  -12.8	   16.5	0.0  	 330.3	    0.0	1	0
   12.8	  -28.0	   16.5	0.0  	 330.3	  -90.0	1	0
    4.3	  -28.0	   16.5	0.0  	 330.3	  -90.0	1	0
   -4.3	  -28.0	   16.5	0.0  	 330.3	  -90.0	1	0
  -12.8	  -28.0	   16.5	0.0  	 330.3	  -90.0	1	0
  -28.0	  -12.8	   16.5	0.0  	 330.3	 -180.0	1	0
  -28.0	   -4.3	   16.5	0.0  	 330.3	 -180.0	1	0
  -28.0	    4.3	   16.5	0.0  	 330.3	 -180.0	1	0
  -28.0	   12.8	   16.5	0.0  	 330.3	 -180.0	1	0
  -34.0    30.12   7.51	0.0  	   0.0	   90.0	1	0
  -25.5	   30.12   7.51	0.0  	   0.0	   90.0	1	0
  -17.0	   30.12   7.51	0.0  	   0.0	   90.0	1	0
   -8.5	   30.12   7.51	0.0  	   0.0	   90.0	1	0
    0.0	   30.12   7.51	0.0  	   0.0	   90.0	1	0
    8.5	   30.12   7.51	0.0  	   0.0	   90.0	1	0
   17.0	   30.12   7.51	0.0  	   0.0	   90.0	1	0
   25.5	   30.12   7.51	0.0  	   0.0	   90.0	1	0
   34.0	   30.12   7.51	0.0  	   0.0	   90.0	1	0
   29.5	   17.0	   7.51	0.0  	   0.0	    0.0	1	0
   29.5	    8.5	   7.51	0.0  	   0.0	    0.0	1	0
   29.5	   -0.0	   7.51	0.0  	   0.0	    0.0	1	0
   29.5	   -8.5	   7.51	0.0  	   0.0	    0.0	1	0
   29.5	  -17.0	   7.51	0.0  	   0.0	    0.0	1	0
   34.0	  -30.12   7.51	0.0  	   0.0	  -90.0	1	0
   25.5	  -30.12   7.51	0.0  	   0.0	  -90.0	1	0
   17.0	  -30.12   7.51	0.0  	   0.0	  -90.0	1	0
    8.5	  -30.12   7.51	0.0  	   0.0	  -90.0	1	0
    0.0	  -30.12   7.51	0.0  	   0.0	  -90.0	1	0
   -8.5	  -30.12   7.51	0.0  	   0.0	  -90.0	1	0
  -17.0	  -30.12   7.51	0.0  	   0.0	  -90.0	1	0
  -25.5	  -30.12   7.51	0.0  	   0.0	  -90.0	1	0
  -34.0	  -30.12   7.51	0.0  	   0.0	  -90.0	1	0
  -29.5	  -17.0	   7.51	0.0  	   0.0	 -180.0	1	0
  -29.5	   -8.5	   7.51	0.0  	   0.0	 -180.0	1	0
  -29.5	   -0.0	   7.51	0.0  	   0.0	 -180.0	1	0
  -29.5	    8.5	   7.51	0.0  	   0.0	 -180.0	1	0
  -29.5	   17.0	   7.51	0.0  	   0.0	 -180.0	1	0
  -34.0    30.12    2.5	0.0  	   0.0	   90.0	1	0
  -25.5	   30.12    2.5	0.0  	   0.0	   90.0	1	0
  -17.0	   30.12    2.5	0.0  	   0.0	   90.0	1	0
   -8.5	   30.12    2.5	0.0  	   0.0	   90.0	1	0
    0.0	   30.12    2.5	0.0  	   0.0	   90.0	1	0
    8.5	   30.12    2.5	0.0  	   0.0	   90.0	1	0
   17.0	   30.12    2.5	0.0  	   0.0	   90.0	1	0
   25.5	   30.12    2.5	0.0  	   0.0	   90.0	1	0
   34.0	   30.12    2.5	0.0  	   0.0	   90.0	1	0
   29.5	   17.0	    2.5	0.0  	   0.0	    0.0	1	0
   29.5	    8.5	    2.5	0.0  	   0.0	    0.0	1	0
   29.5	   -0.0	    2.5	0.0  	   0.0	    0.0	1	0
   29.5	   -8.5	    2.5	0.0  	   0.0	    0.0	1	0
   29.5	  -17.0	    2.5	0.0  	   0.0	    0.0	1	0
   34.0	  -30.12    2.5	0.0  	   0.0	  -90.0	1	0
   25.5	  -30.12    2.5	0.0  	   0.0	  -90.0	1	0
   17.0	  -30.12    2.5	0.0  	   0.0	  -90.0	1	0
    8.5	  -30.12    2.5	0.0  	   0.0	  -90.0	1	0
    0.0	  -30.12    2.5	0.0  	   0.0	  -90.0	1	0
   -8.5	  -30.12    2.5	0.0  	   0.0	  -90.0	1	0
  -17.0	  -30.12    2.5	0.0  	   0.0	  -90.0	1	0
  -25.5	  -30.12    2.5	0.0  	   0.0	  -90.0	1	0
  -34.0	  -30.12    2.5	0.0  	   0.0	  -90.0	1	0
  -29.5	  -17.0	    2.5	0.0  	   0.0	 -180.0	1	0
  -29.5	   -8.5	    2.5	0.0  	   0.0	 -180.0	1	0
  -29.5	   -0.0	    2.5	0.0  	   0.0	 -180.0	1	0
  -29.5	    8.5	    2.5	0.0  	   0.0	 -180.0	1	0
  -29.5	   17.0	    2.5	0.0  	   0.0	 -180.0	1	0
  -34.0    30.12   -2.5	0.0  	   0.0	   90.0	1	0
  -25.5	   30.12   -2.5	0.0  	   0.0	   90.0	1	0
  -17.0	   30.12   -2.5	0.0  	   0.0	   90.0	1	0
   -8.5	   30.12   -2.5	0.0  	   0.0	   90.0	1	0
    0.0	   30.12   -2.5	0.0  	   0.0	   90.0	1	0
    8.5	   30.12   -2.5	0.0  	   0.0	   90.0	1	0
   17.0	   30.12   -2.5	0.0  	   0.0	   90.0	1	0
   25.5	   30.12   -2.5	0.0  	   0.0	   90.0	1	0
   34.0	   30.12   -2.5	0.0  	   0.0	   90.0	1	0
   29.5	   17.0	   -2.5	0.0  	   0.0	    0.0	1	0
   29.5	    8.5	   -2.5	0.0  	   0.0	    0.0	1	0
   29.5	   -0.0	   -2.5	0.0  	   0.0	    0.0	1	0
   29.5	   -8.5	   -2.5	0.0  	   0.0	    0.0	1	0
   29.5	  -17.0	   -2.5	0.0  	   0.0	    0.0	1	0
   34.0	  -30.12   -2.5	0.0  	   0.0	  -90.0	1	0
   25.5	  -30.12   -2.5	0.0  	   0.0	  -90.0	1	0
   17.0	  -30.12   -2.5	0.0  	   0.0	  -90.0	1	0
    8.5	  -30.12   -2.5	0.0  	   0.0	  -90.0	1	0
    0.0	  -30.12   -2.5	0.0  	   0.0	  -90.0	1	0
   -8.5	  -30.12   -2.5	0.0  	   0.0	  -90.0	1	0
  -17.0	  -30.12   -2.5	0.0  	   0.0	  -90.0	1	0
  -25.5	  -30.12   -2.5	0.0  	   0.0	  -90.0	1	0
  -34.0	  -30.12   -2.5	0.0  	   0.0	  -90.0	1	0
  -29.5	  -17.0	   -2.5	0.0  	   0.0	 -180.0	1	0
  -29.5	   -8.5	   -2.5	0.0  	   0.0	 -180.0	1	0
  -29.5	   -0.0	   -2.5	0.0  	   0.0	 -180.0	1	0
  -29.5	    8.5	   -2.5	0.0  	   0.0	 -180.0	1	0
  -29.5	   17.0	   -2.5	0.0  	   0.0	 -180.0	1	0
  -34.0    30.12  -7.51	0.0  	   0.0	   90.0	1	0
  -25.5	   30.12  -7.51	0.0  	   0.0	   90.0	1	0
  -17.0	   30.12  -7.51	0.0  	   0.0	   90.0	1	0
   -8.5	   30.12  -7.51	0.0  	   0.0	   90.0	1	0
    0.0	   30.12  -7.51	0.0  	   0.0	   90.0	1	0
    8.5	   30.12  -7.51	0.0  	   0.0	   90.0	1	0
   17.0	   30.12  -7.51	0.0  	   0.0	   90.0	1	0
   25.5	   30.12  -7.51	0.0  	   0.0	   90.0	1	0
   34.0	   30.12  -7.51	0.0  	   0.0	   90.0	1	0
   29.5	   17.0	  -7.51	0.0  	   0.0	    0.0	1	0
   29.5	    8.5	  -7.51	0.0  	   0.0	    0.0	1	0
   29.5	   -0.0	  -7.51	0.0  	   0.0	    0.0	1	0
   29.5	   -8.5	  -7.51	0.0  	   0.0	    0.0	1	0
   29.5	  -17.0	  -7.51	0.0  	   0.0	    0.0	1	0
   34.0	  -30.12  -7.51	0.0  	   0.0	  -90.0	1	0
   25.5	  -30.12  -7.51	0.0  	   0.0	  -90.0	1	0
   17.0	  -30.12  -7.51	0.0  	   0.0	  -90.0	1	0
    8.5	  -30.12  -7.51	0.0  	   0.0	  -90.0	1	0
    0.0	  -30.12  -7.51	0.0  	   0.0	  -90.0	1	0
   -8.5	  -30.12  -7.51	0.0  	   0.0	  -90.0	1	0
  -17.0	  -30.12  -7.51	0.0  	   0.0	  -90.0	1	0
  -25.5	  -30.12  -7.51	0.0  	   0.0	  -90.0	1	0
  -34.0	  -30.12  -7.51	0.0  	   0.0	  -90.0	1	0
  -29.5	  -17.0	  -7.51	0.0  	   0.0	 -180.0	1	0
  -29.5	   -8.5	  -7.51	0.0  	   0.0	 -180.0	1	0
  -29.5	   -0.0	  -7.51	0.0  	   0.0	 -180.0	1	0
  -29.5	    8.5	  -7.51	0.0  	   0.0	 -180.0	1	0
  -29.5	   17.0	  -7.51	0.0  	   0.0	 -180.0	1	0
  -12.8	   28.0	  -16.5	0.0  	 29.7	   90.0	1	0
   -4.3	   28.0	  -16.5	0.0  	 29.7	   90.0	1	0
    4.3	   28.0	  -16.5	0.0  	 29.7	   90.0	1	0
   12.8	   28.0	  -16.5	0.0  	 29.7	   90.0	1	0
   28.0	   12.8	  -16.5	0.0  	 29.7	    0.0	1	0
   28.0	    4.3	  -16.5	0.0  	 29.7	    0.0	1	0
   28.0	   -4.3	  -16.5	0.0  	 29.7	    0.0	1	0
   28.0	  -12.8	  -16.5	0.0  	 29.7	    0.0	1	0
   12.8	  -28.0	  -16.5	0.0  	 29.7	  -90.0	1	0
    4.3	  -28.0	  -16.5	0.0  	 29.7	  -90.0	1	0
   -4.3	  -28.0	  -16.5	0.0  	 29.7	  -90.0	1	0
  -12.8	  -28.0	  -16.5	0.0  	 29.7	  -90.0	1	0
  -28.0	  -12.8	  -16.5	0.0  	 29.7	 -180.0	1	0
  -28.0	   -4.3	  -16.5	0.0  	 29.7	 -180.0	1	0
  -28.0	    4.3	  -16.5	0.0  	 29.7	 -180.0	1	0
  -28.0	   12.8	  -16.5	0.0  	 29.7	 -180.0	1	0
  -12.8	   25.5	  -20.8	0.0  	 29.7	   90.0	1	0
   -4.3    25.5	  -20.8	0.0  	 29.7	   90.0	1	0
    4.3    25.5	  -20.8	0.0  	 29.7	   90.0	1	0
   12.8	   25.5	  -20.8	0.0  	 29.7	   90.0	1	0
   25.5	   12.8	  -20.8	0.0  	 29.7	    0.0	1	0
   25.5	    4.3	  -20.8	0.0  	 29.7	    0.0	1	0
   25.5	   -4.3	  -20.8	0.0  	 29.7	    0.0	1	0
   25.5	  -12.8	  -20.8	0.0  	 29.7	    0.0	1	0
   12.8	  -25.5	  -20.8	0.0  	 29.7	  -90.0	1	0
    4.3	  -25.5	  -20.8	0.0  	 29.7	  -90.0	1	0
   -4.3	  -25.5	  -20.8	0.0  	 29.7	  -90.0	1	0
  -12.8	  -25.5	  -20.8	0.0  	 29.7	  -90.0	1	0
  -25.5	  -12.8	  -20.8	0.0  	 29.7	 -180.0	1	0
  -25.5	   -4.3	  -20.8	0.0  	 29.7	 -180.0	1	0
  -25.5	    4.3	  -20.8	0.0  	 29.7	 -180.0	1	0
  -25.5	   12.8	  -20.8	0.0  	 29.7	 -180.0	1	0
   -8.5	   24.0	  -29.6	0.0  	 53.7	   90.0	1	0
    0.0	   24.0	  -29.6	0.0  	 53.7	   90.0	1	0
    8.5	   24.0	  -29.6	0.0  	 53.7	   90.0	1	0
   24.0	    8.5	  -29.6	0.0  	 53.7	    0.0	1	0
   24.0	   -0.0	  -29.6	0.0  	 53.7	    0.0	1	0
   24.0	   -8.5	  -29.6	0.0  	 53.7	    0.0	1	0
    8.5	  -24.0	  -29.6 0.0  	 53.7	  -90.0	1	0
   -0.0	  -24.0	  -29.6	0.0  	 53.7	  -90.0	1	0
   -8.5	  -24.0	  -29.6	0.0  	 53.7	  -90.0	1	0
  -24.0	   -8.5	  -29.6	0.0  	 53.7	 -180.0	1	0
  -24.0	    0.0	  -29.6	0.0  	 53.7	 -180.0	1	0
  -24.0	    8.5	  -29.6	0.0  	 53.7	 -180.0	1	0
   -8.5	   19.9	  -32.6	0.0  	 53.7	   90.0	1	0
    0.0	   19.9	  -32.6	0.0  	 53.7	   90.0	1	0
    8.5	   19.9	  -32.6	0.0  	 53.7	   90.0	1	0
   19.9	    8.5	  -32.6	0.0  	 53.7 	    0.0	1       0	
   19.9	   -0.0	  -32.6	0.0  	 53.7	    0.0	1	0
   19.9	   -8.5	  -32.6	0.0  	 53.7	    0.0	1	0
    8.5	  -19.9	  -32.6	0.0  	 53.7	  -90.0	1	0
   -0.0	  -19.9	  -32.6	0.0  	 53.7	  -90.0	1	0
   -8.5	  -19.9	  -32.6	0.0  	 53.7	  -90.0	1	0
  -19.9	   -8.5	  -32.6	0.0  	 53.7	 -180.0	1	0
  -19.9	    0.0	  -32.6	0.0  	 53.7	 -180.0	1	0
  -19.9	    8.5	  -32.6	0.0  	 53.7	 -180.0	1	0  
