-14.72 	-7.80 	-27.90 	0.00 	0.00 	-90.00  	1	1
-14.12 	8.85 	-27.90 	0.00 	0.00 	-150.00 	1	1
0.61 	16.65 	-27.90 	0.00 	0.00 	-210.00 	1	1
14.72 	7.80 	-27.90 	0.00 	0.00 	90.00   	1	1
14.12 	-8.85 	-27.90 	0.00 	0.00 	30.00   	1	1
-0.61 	-16.65 	-27.90 	0.00 	0.00 	-30.00  	1	1
-10.28 	-13.11 	-22.9 	0.00 	0.00 	-66.00   	1	1
-16.50 	2.34 	-22.9 	0.00 	0.00 	-126.00 	1	1
-6.22 	15.46 	-22.9 	0.00 	0.00 	-186.00 	1	1
10.28 	13.11 	-22.9 	0.00 	0.00 	114.00   	1	1
16.50 	-2.34 	-22.9 	0.00 	0.00 	54.00   	1	1
6.22 	-15.46 	-22.9 	0.00 	0.00 	-6.00   	1	1
-16.41 	-12.57 	-17.9 	0.00 	0.00 	-88.00   	1	1
-20.49 	2.72 	-17.9 	0.00 	0.00 	-133.00 	1	1
-12.57 	16.41 	-17.9 	0.00 	0.00 	-178.00 	1	1
2.72 	20.49 	-17.9 	0.00 	0.00 	-223.00 	1	1
16.41 	12.57 	-17.9 	0.00 	0.00 	92.00   	1	1
20.49 	-2.72 	-17.9 	0.00 	0.00 	47.00   	1	1
12.57 	-16.41 	-17.9 	0.00 	0.00 	2.00    	1	1
-2.72 	-20.49 	-17.9 	0.00 	0.00 	-43.00   	1	1
-18.16 	-19.32 	-12.9 	0.00 	0.00 	-77.00   	1	1
-26.05 	-4.95 	-12.9 	0.00 	0.00 	-113.00 	1	1
-23.98 	11.31 	-12.9 	0.00 	0.00 	-149.00 	1	1
-12.76 	23.24 	-12.9 	0.00 	0.00 	-185.00 	1	1
3.34 	26.30 	-12.9 	0.00 	0.00 	-221.00 	1	1
18.16 	19.32 	-12.9 	0.00 	0.00 	103.00   	1	1
26.05 	4.95 	-12.9 	0.00 	0.00 	67.00   	1	1
23.98 	-11.31 	-12.9 	0.00 	0.00 	31.00   	1	1
12.76 	-23.24 	-12.9 	0.00 	0.00 	-5.00   	1	1
-3.34 	-26.30 	-12.9 	0.00 	0.00 	-41.00   	1	1
-11.31 	-23.98 	-7.9 	0.00 	0.00 	-59.00   	1	1
-23.24 	-12.76 	-7.9 	0.00 	0.00 	-95.00   	1	1
-26.30 	3.34 	-7.9 	0.00 	0.00 	-131.00 	1	1
-19.32 	18.16 	-7.9 	0.00 	0.00 	-167.00 	1	1
-4.95 	26.05 	-7.9 	0.00 	0.00 	-203.00 	1	1
11.31 	23.98 	-7.9 	0.00 	0.00 	121.00   	1	1
23.24 	12.76 	-7.9 	0.00 	0.00 	85.00   	1	1
26.30 	-3.34 	-7.9 	0.00 	0.00 	49.00   	1	1
19.32 	-18.16 	-7.9 	0.00 	0.00 	13.00   	1	1
4.95 	-26.05 	-7.9 	0.00 	0.00 	-23.00   	1	1
-16.30 	-27.08 	-2.9 	0.00 	0.00 	-65.00   	1	1
-27.65 	-15.30 	-2.9 	0.00 	0.00 	-95.00   	1	1
-31.60 	0.57 	-2.9 	0.00 	0.00 	-125.00 	1	1
-27.08 	16.30 	-2.9 	0.00 	0.00 	-155.00 	1	1
-15.30 	27.65 	-2.9 	0.00 	0.00 	-185.00 	1	1
0.57 	31.60 	-2.9 	0.00 	0.00 	-215.00 	1	1
16.30 	27.08 	-2.9 	0.00 	0.00 	115.00   	1	1
27.65 	15.30 	-2.9 	0.00 	0.00 	85.00   	1	1
31.60 	-0.57 	-2.9 	0.00 	0.00 	55.00   	1	1
27.08 	-16.30 	-2.9 	0.00 	0.00 	25.00   	1	1
15.30 	-27.65 	-2.9 	0.00 	0.00 	-5.00   	1	1
-0.57 	-31.60 	-2.9 	0.00 	0.00 	-35.00   	1	1
-15.72 	-31.36 	2.1 	0.00 	0.00 	-62.71   	1	1
-27.77 	-21.43 	2.1 	0.00 	0.00 	-88.43   	1	1
-34.32 	-7.26 	2.1 	0.00 	0.00 	-114.14 	1	1
-34.07 	8.35 	2.1 	0.00 	0.00 	-139.86 	1	1
-27.08 	22.31 	2.1 	0.00 	0.00 	-165.57 	1	1
-14.72 	31.85 	2.1 	0.00 	0.00 	-191.29 	1	1
0.56 	35.08 	2.1 	0.00 	0.00 	-217.00 	1	1
15.72 	31.36 	2.1 	0.00 	0.00 	117.29   	1	1
27.77 	21.43 	2.1 	0.00 	0.00 	91.57   	1	1
34.32 	7.26 	2.1 	0.00 	0.00 	65.86   	1	1
34.07 	-8.35 	2.1 	0.00 	0.00 	40.14   	1	1
27.08 	-22.31 	2.1 	0.00 	0.00 	14.43   	1	1
14.72 	-31.85 	2.1 	0.00 	0.00 	-11.29   	1	1
-0.56 	-35.08 	2.1 	0.00 	0.00 	-37.00   	1	1
-36.5 -36.0      7.1   0.00    0.00    0.0          1       0
-36.5 -27.0      7.1   0.00    0.00    0.0          1       0
-36.5 -18.0      7.1   0.00    0.00    0.0          1       0
-36.5 -9.0       7.1   0.00    0.00    0.0          1       0
-36.5  0.0       7.1   0.00    0.00    0.0          1       0
-36.5  9.0       7.1   0.00    0.00    0.0          1       0
-36.5  18.0      7.1   0.00    0.00    0.0          1       0
-36.5  27.0      7.1   0.00    0.00    0.0          1       0
-36.5  36.0      7.1   0.00    0.00    0.0          1       0
-22.5  36.5      7.1   0.00    0.00    270.0          1       0
-13.5  36.5      7.1   0.00    0.00    270.0          1       0
 -4.5  36.5      7.1   0.00    0.00    270.0          1       0
  4.5  36.5      7.1   0.00    0.00    270.0          1       0
 13.5  36.5      7.1   0.00    0.00    270.0          1       0
 22.5  36.5      7.1   0.00    0.00    270.0          1       0
 36.5  36.0      7.1   0.00    0.00    180.0          1       0
 36.5  27.0      7.1   0.00    0.00    180.0          1       0
 36.5  18.0      7.1   0.00    0.00    180.0          1       0
 36.5   9.0      7.1   0.00    0.00    180.0          1       0
 36.5   0.0      7.1   0.00    0.00    180.0          1       0
 36.5  -9.0      7.1   0.00    0.00    180.0          1       0
 36.5 -18.0      7.1   0.00    0.00    180.0          1       0
 36.5 -27.0      7.1   0.00    0.00    180.0          1       0
 36.5 -36.0      7.1   0.00    0.00    180.0          1       0
-22.5 -36.0      7.1   0.00    0.00     90.0          1       0
-13.5 -36.0      7.1   0.00    0.00     90.0          1       0
-4.5  -36.0      7.1   0.00    0.00     90.0          1       0
 4.5  -36.0      7.1   0.00    0.00     90.0          1       0
13.5  -36.0      7.1   0.00    0.00     90.0          1       0
22.5  -36.0      7.1   0.00    0.00     90.0          1       0
-36.5 -36.0     12.6   0.00    0.00    0.0          1       0
-36.5 -27.0     12.6   0.00    0.00    0.0          1       0
-36.5 -18.0     12.6   0.00    0.00    0.0          1       0
-36.5 -9.0      12.6   0.00    0.00    0.0          1       0
-36.5  0.0      12.6   0.00    0.00    0.0          1       0
-36.5  9.0      12.6   0.00    0.00    0.0          1       0
-36.5  18.0     12.6   0.00    0.00    0.0          1       0
-36.5  27.0     12.6   0.00    0.00    0.0          1       0
-36.5  36.0     12.6   0.00    0.00    0.0          1       0
-22.5  36.5     12.6   0.00    0.00    270.0          1       0
-13.5  36.5     12.6   0.00    0.00    270.0          1       0
 -4.5  36.5     12.6   0.00    0.00    270.0          1       0
  4.5  36.5     12.6   0.00    0.00    270.0          1       0
 13.5  36.5     12.6   0.00    0.00    270.0          1       0
 22.5  36.5     12.6   0.00    0.00    270.0          1       0
 36.5  36.0     12.6   0.00    0.00    180.0          1       0
 36.5  27.0     12.6   0.00    0.00    180.0          1       0
 36.5  18.0     12.6   0.00    0.00    180.0          1       0
 36.5   9.0     12.6   0.00    0.00    180.0          1       0
 36.5   0.0     12.6   0.00    0.00    180.0          1       0
 36.5  -9.0     12.6   0.00    0.00    180.0          1       0
 36.5 -18.0     12.6   0.00    0.00    180.0          1       0
 36.5 -27.0     12.6   0.00    0.00    180.0          1       0
 36.5 -36.0     12.6   0.00    0.00    180.0          1       0
-22.5 -36.0     12.6   0.00    0.00     90.0          1       0
-13.5 -36.0     12.6   0.00    0.00     90.0          1       0
-4.5  -36.0     12.6   0.00    0.00     90.0          1       0
 4.5  -36.0     12.6   0.00    0.00     90.0          1       0
13.5  -36.0     12.6   0.00    0.00     90.0          1       0
22.5  -36.0     12.6   0.00    0.00     90.0          1       0
-32.0  -17.5  18.9   0.00    0.00    0.0          1       2
-32.0  -10.5   18.9   0.00    0.00    0.0          1       2
-32.0  -3.5    18.9   0.00    0.00    0.0          1       2
-32.0  3.5    18.9   0.00    0.00    0.0          1       2
-32.0  10.5   18.9   0.00    0.00    0.0          1       2
-32.0  17.5   18.9   0.00    0.00    0.0          1       2
-32.0  24.5   18.9   0.00    0.00    0.0          1       2
-32.0  31.5   18.9   0.00    0.00    0.0          1       2
-21.0  32.0   18.9   0.00    0.00    90.0          1       2
-14.0  32.0   18.9   0.00    0.00    90.0          1       2
-7.0   32.0   18.9   0.00    0.00    90.0          1       2
-0.0   32.0   18.9   0.00    0.00    90.0          1       2
 7.0   32.0   18.9   0.00    0.00    90.0          1       2
14.0   32.0   18.9   0.00    0.00    90.0          1       2   
21.0   32.0   18.9   0.00    0.00    90.0          1       2   
32.0  31.5    18.9   0.00    0.00    180.0          1       2  
32.0  24.5    18.9   0.00    0.00    180.0          1       2  
32.0  17.5    18.9   0.00    0.00    180.0          1       2  
32.0  10.5    18.9   0.00    0.00    180.0          1       2  
32.0   3.5    18.9   0.00    0.00    180.0          1       2  
32.0  -3.5    18.9   0.00    0.00    180.0          1       2  
32.0  -10.5    18.9   0.00    0.00    180.0          1       2  
32.0  -17.5   18.9   0.00    0.00    180.0          1       2  
32.0  -24.5   18.9   0.00    0.00    180.0          1       2  
32.0  -31.5   18.9   0.00    0.00    180.0          1       2  
21.0  -32.0   18.9   0.00    0.00    270.0          1       2  
14.0  -32.0   18.9   0.00    0.00    270.0          1       2  
 7.0  -32.0   18.9   0.00    0.00    270.0          1       2  
 0.0  -32.0   18.9   0.00    0.00    270.0          1       2  
 -7.0  -32.0   18.9   0.00    0.00    270.0          1       2  
 -14.0  -32.0   18.9   0.00    0.00    270.0          1       2  
 -21.0  -32.0   18.9   0.00    0.00    270.0         1      2  
-32.0  -31.5    18.9   0.00    0.00    0.0          1       2
-32.0  -24.5    18.9   0.00    0.00    0.0          1       2
-28.0  -28    26.00   0.00    0.00    0.0          1       2
-28.0  -21    26.00   0.00    0.00    0.0          1       2
-28.0  -14.0    26.00   0.00    0.00    0.0          1       2
-28.0  -7.0    26.00   0.00    0.00    0.0          1       2
-28.0  0.0    26.00   0.00    0.00    0.0          1       2
-28.0  7.0    26.00   0.00    0.00    0.0          1       2
-28.0  14.0   26.00   0.00    0.00    0.0          1       2
-28.0  21.0   26.00   0.00    0.00    0.0          1       2
-28.0  28.0   26.00   0.00    0.00    0.0          1       2
-17.5  28.0   26.00   0.00    0.00    90.0          1       2
-10.5  28.0   26.00   0.00    0.00    90.0          1       2
-3.5  28.0   26.00   0.00    0.00    90.0          1       2
 3.5  28.0   26.00   0.00    0.00    90.0          1       2
10.5  28.0   26.00   0.00    0.00    90.0          1       2   
17.5  28.0   26.00   0.00    0.00    90.0          1       2   
28.0  28.0   26.00   0.00    0.00    180.0          1       2  
28.0  21.0   26.00   0.00    0.00    180.0          1       2  
28.0  14.0   26.00   0.00    0.00    180.0          1       2  
28.0   7.0   26.00   0.00    0.00    180.0          1       2  
28.0   0.0   26.00   0.00    0.00    180.0          1       2  
28.0  -7.0   26.00   0.00    0.00    180.0          1       2  
28.0 -14.0   26.00   0.00    0.00    180.0          1       2  
28.0 -21.0   26.00   0.00    0.00    180.0          1       2  
28.0 -28.0   26.00   0.00    0.00    180.0          1       2  
17.5 -28.0   26.00   0.00    0.00    270.0          1       2  
10.5 -28.0   26.00   0.00    0.00    270.0          1       2  
 3.5 -28.0   26.00   0.00    0.00    270.0          1       2  
-3.5 -28.0   26.00   0.00    0.00    270.0          1       2  
-10.5 -28.0   26.00   0.00    0.00    270.0         1      2  
-17.5 -28.0   26.00   0.00    0.00    270.0        1      2
-19.45	-26.45	36.74	0	-90	 0.00	1       2
-26.45	-19.45	36.74	0	-90	 0.00	1       2
-26.45	 19.45	36.74	0	-90	 0.00	1       2
-19.45	 26.45	36.74	0	-90	 0.00	1       2
 19.45	 26.45	36.74	0	-90	 0.00	1       2
 26.45	 19.45	36.74	0	-90	 0.00	1       2
 26.45	-19.45	36.74	0	-90	 0.00	1       2
 19.45	-26.45	36.74	0	-90	 0.00	1       2
-4.50	-27.41	38.74	90	-90	 0.00	1       0
-12.45	-26.45	36.74	0	-90	 0.00	1       2
-19.45	-19.45	36.74	0	-90	 0.00	1       2
-26.45	-12.45	36.74	0	-90	 0.00	1       2
-27.41	-4.50	38.74	0	-90	 0.00	1       0
-27.41	 4.50	38.74	0	-90	 0.00	1       0
-26.45	 12.45	36.74	0	-90	 0.00	1       2
-19.45	 19.45	36.74	0	-90	 0.00	1       2
-12.45	 26.45	36.74	0	-90	 0.00	1       2
-4.50	 27.41	38.74	90	-90	 0.00	1       0
 4.50	 27.41	38.74	90	-90	 0.00	1       0
 12.45	 26.45	36.74	0	-90	 0.00	1       2
 19.45	 19.45	36.74	0	-90	 0.00	1       2
 26.45	 12.45	36.74	0	-90	 0.00	1       2
 27.41	 4.50	38.74	0	-90	 0.00	1       0
 27.41	-4.50	38.74	0	-90	 0.00	1       0
 26.45	-12.45	36.74	0	-90	 0.00	1       2
 19.45	-19.45	36.74	0	-90	 0.00	1       2
 12.45	-26.45	36.74	0	-90	 0.00	1       2
 4.50	-27.41	38.74	90	-90	 0.00	1       0
-4.50	-22.11	38.74	90	-90	 0.00	1       0
-12.45	-19.45	36.74	0	-90	 0.00	1       2
-19.45	-12.45	36.74	0	-90	 0.00	1       2
-22.11	-4.50	38.74	0	-90	 0.00	1       0
-22.11	 4.50	38.74	0	-90	 0.00	1       0
-19.45	 12.45	36.74	0	-90	 0.00	1       2
-12.45	 19.45	36.74	0	-90	 0.00	1       2
-4.50	 22.11	38.74	90	-90	 0.00	1       0
 4.50	 22.11	38.74	90	-90	 0.00	1       0
 12.45	 19.45	36.74	0	-90	 0.00	1       2
 19.45	 12.45	36.74	0	-90	 0.00	1       2
 22.11	 4.50	38.74	0	-90	 0.00	1       0
 22.11	-4.50	38.74	0	-90	 0.00	1       0
 19.45	-12.45	36.74	0	-90	 0.00	1       2
 12.45	-19.45	36.74	0	-90	 0.00	1       2
 4.50	-22.11	38.74	90	-90	 0.00	1       0
-4.50	-16.81	38.74	90	-90	 0.00	1       0
-12.45	-12.45	36.74	0	-90	 0.00	1       2
-16.81	-4.50	38.74	0	-90	 0.00	1       0
-16.81	 4.50	38.74	0	-90	 0.00	1       0
-12.45	 12.45	36.74	0	-90	 0.00	1       2
-4.50	 16.81	38.74	90	-90	 0.00	1       0
 4.50	 16.81	38.74	90	-90	 0.00	1       0
 12.45	 12.45	36.74	0	-90	 0.00	1       2
 16.81	 4.50	38.74	0	-90	 0.00	1       0
 16.81	-4.50	38.74	0	-90	 0.00	1       0
 12.45	-12.45	36.74	0	-90	 0.00	1       2
 4.50	-16.81	38.74	90	-90	 0.00	1       0
-4.50	-11.51	38.74	90	-90	 0.00	1       0
-11.51	-4.50	38.74	0	-90	 0.00	1       0
-11.51	 4.50	38.74	0	-90	 0.00	1       0
-4.50	 11.51	38.74	90	-90	 0.00	1       0
 4.50	 11.51	38.74	90	-90	 0.00	1       0
 11.51	 4.50	38.74	0	-90	 0.00	1       0
 11.51	-4.50	38.74	0	-90	 0.00	1       0
 4.50	-11.51	38.74	90	-90	 0.00	1       0
