Thickness_BeamEnergy_GammaEnergy_Counts 
8 100 250 197891.000000 
8 100 500 178434.000000 
8 100 750 158261.000000 
8 100 1000 142787.000000 
8 100 1250 130486.000000 
8 100 1500 121917.000000 
8 100 1750 114585.000000 
8 100 2000 109353.000000 
8 100 2250 104967.000000 
8 100 2500 102232.000000 
8 100 2750 98853.000000 
8 100 3000 96648.000000 
8 150 250 196842.000000 
8 150 500 176466.000000 
8 150 750 156415.000000 
8 150 1000 140797.000000 
8 150 1250 129453.000000 
8 150 1500 120511.000000 
8 150 1750 113856.000000 
8 150 2000 108791.000000 
8 150 2250 104866.000000 
8 150 2500 101462.000000 
8 150 2750 98651.000000 
8 150 3000 96445.000000 
8 200 250 195773.000000 
8 200 500 174346.000000 
8 200 750 154415.000000 
8 200 1000 139654.000000 
8 200 1250 128183.000000 
8 200 1500 119390.000000 
8 200 1750 113127.000000 
8 200 2000 108129.000000 
8 200 2250 104235.000000 
8 200 2500 101347.000000 
8 200 2750 97912.000000 
8 200 3000 96632.000000 
10 100 250 199224.000000 
10 100 500 188410.000000 
10 100 750 174229.000000 
10 100 1000 161291.000000 
10 100 1250 150364.000000 
10 100 1500 142592.000000 
10 100 1750 135703.000000 
10 100 2000 130693.000000 
10 100 2250 126882.000000 
10 100 2500 123302.000000 
10 100 2750 121129.000000 
10 100 3000 118880.000000 
10 150 250 198766.000000 
10 150 500 186685.000000 
10 150 750 172291.000000 
10 150 1000 159376.000000 
10 150 1250 148677.000000 
10 150 1500 140835.000000 
10 150 1750 134847.000000 
10 150 2000 130091.000000 
10 150 2250 125830.000000 
10 150 2500 123130.000000 
10 150 2750 120615.000000 
10 150 3000 118272.000000 
10 200 250 198251.000000 
10 200 500 185602.000000 
10 200 750 170444.000000 
10 200 1000 157972.000000 
10 200 1250 147840.000000 
10 200 1500 139883.000000 
10 200 1750 134079.000000 
10 200 2000 129667.000000 
10 200 2250 125305.000000 
10 200 2500 122580.000000 
10 200 2750 120555.000000 
10 200 3000 118289.000000 
