Thickness_BeamEnergy_GammaEnergy_Counts 
8 100 250 195290.000000 
8 100 500 163120.000000 
8 100 750 135234.000000 
8 100 1000 116956.000000 
8 100 1250 104243.000000 
8 100 1500 95384.000000 
8 100 1750 87973.000000 
8 100 2000 82195.000000 
8 100 2250 78887.000000 
8 100 2500 75529.000000 
8 100 2750 72952.000000 
8 100 3000 70813.000000 
8 150 250 193617.000000 
8 150 500 160504.000000 
8 150 750 134275.000000 
8 150 1000 115615.000000 
8 150 1250 103305.000000 
8 150 1500 93455.000000 
8 150 1750 87318.000000 
8 150 2000 82034.000000 
8 150 2250 78488.000000 
8 150 2500 74996.000000 
8 150 2750 72399.000000 
8 150 3000 70832.000000 
8 200 250 191817.000000 
8 200 500 158280.000000 
8 200 750 131997.000000 
8 200 1000 114613.000000 
8 200 1250 101720.000000 
8 200 1500 92827.000000 
8 200 1750 86962.000000 
8 200 2000 81678.000000 
8 200 2250 77734.000000 
8 200 2500 74729.000000 
8 200 2750 72159.000000 
8 200 3000 69820.000000
10 100 250 198068.000000 
10 100 500 176569.000000 
10 100 750 154118.000000 
10 100 1000 136636.000000 
10 100 1250 124201.000000 
10 100 1500 114759.000000 
10 100 1750 107888.000000 
10 100 2000 101925.000000 
10 100 2250 97930.000000 
10 100 2500 94764.000000 
10 100 2750 92639.000000 
10 100 3000 89930.000000 
10 150 250 197121.000000 
10 150 500 174292.000000 
10 150 750 152063.000000 
10 150 1000 135144.000000 
10 150 1250 122974.000000 
10 150 1500 114151.000000 
10 150 1750 107236.000000 
10 150 2000 102020.000000 
10 150 2250 97836.000000 
10 150 2500 95080.000000 
10 150 2750 91835.000000 
10 150 3000 89858.000000 
10 200 250 195861.000000 
10 200 500 172184.000000 
10 200 750 150083.000000 
10 200 1000 133681.000000 
10 200 1250 121503.000000 
10 200 1500 112794.000000 
10 200 1750 106398.000000 
10 200 2000 101047.000000 
10 200 2250 97475.000000 
10 200 2500 94330.000000 
10 200 2750 91903.000000 
10 200 3000 89408.000000 
